-21,0
-379,1
-305,2
24,3
25,4
-304,5
25,6
-396,7
-340,8
-331,9
-307,10
-351,11
-360,12
-353,13
-78,14
-313,15
-417,16
-343,17
-1,18
-352,19
-315,20
-113,21
-441,22
-316,23
-372,24
-124,25
-319,26
-472,27
-68,28
7,29
-378,30
-451,31
-318,32
2,33
12,34
-303,35
-335,36
-20,37
-350,38
-412,39
-369,40
-319,41
-319,42
23,43
-318,44
11,45
4,46
-67,47
-451,48
-200,49
-200,50
-9,51
-58,52
-353,53
-318,54
-308,55
-31,56
-29,57
-303,58
-300,59
-445,60
-65,61
-384,62
25,63
-21,64
-315,65
-357,66
-317,67
-81,68
-37,69
-327,70
-76,71
-312,72
-16,73
24,74
25,75
-355,76
-333,77
-82,78
-71,79
-331,80
-302,81
-200,82
-48,83
-74,84
-382,85
-301,86
18,87
22,88
-87,89
-344,90
-364,91
-357,92
25,93
25,94
-200,95
-301,96
-309,97
-330,98
-331,99
-427,100
25,101
-382,102
-200,103
10,104
-3,105
-463,106
-4,107
-302,108
-315,109
-365,110
-369,111
-27,112
-3,113
-369,114
4,115
-19,116
-338,117
-40,118
7,119
-394,120
-200,121
4,122
-305,123
-327,124
-456,125
-314,126
-65,127
-13,128
-322,129
-304,130
-29,131
-367,132
-2,133
25,134
23,135
-5,136
-308,137
2,138
-301,139
-302,140
12,141
-356,142
-50,143
-383,144
-412,145
-401,146
-48,147
-11,148
-306,149
-336,150
-314,151
-26,152
-315,153
-392,154
-382,155
-451,156
13,157
25,158
-300,159
2,160
-317,161
-321,162
-312,163
21,164
24,165
-373,166
-339,167
-200,168
-308,169
-300,170
-146,171
24,172
24,173
16,174
-200,175
-25,176
-13,177
21,178
-318,179
-200,180
-47,181
-73,182
-466,183
-24,184
-307,185
-304,186
-56,187
-389,188
24,189
-458,190
-300,191
24,192
4,193
-320,194
-406,195
-82,196
-377,197
-498,198
-200,199
-390,200
-382,201
8,202
-398,203
-300,204
-375,205
15,206
24,207
5,208
-200,209
-331,210
-127,211
-310,212
-320,213
-368,214
17,215
17,216
-303,217
-312,218
-362,219
-6,220
-414,221
-323,222
-342,223
-150,224
-302,225
-200,226
-368,227
15,228
-380,229
-9,230
-386,231
25,232
-415,233
-22,234
-359,235
-40,236
-324,237
15,238
-345,239
-310,240
-78,241
-124,242
7,243
7,244
-357,245
23,246
-303,247
-425,248
-346,249
-339,250
14,251
14,252
-311,253
17,254
-303,255
-370,256
20,257
-317,258
-396,259
13,260
18,261
-303,262
21,263
-353,264
-17,265
-313,266
-118,267
-4,268
-200,269
-3,270
-310,271
-200,272
-303,273
-306,274
-300,275
-371,276
-374,277
-47,278
-14,279
-303,280
24,281
-333,282
18,283
-331,284
5,285
-377,286
-344,287
-310,288
22,289
-314,290
-321,291
-95,292
-383,293
-13,294
-21,295
-302,296
-341,297
-329,298
-300,299
-133,300
-200,301
-323,302
-341,303
-330,304
24,305
-309,306
-300,307
-311,308
21,309
-433,310
-343,311
-357,312
-14,313
-65,314
-50,315
-310,316
-470,317
24,318
25,319
-472,320
25,321
-312,322
25,323
-19,324
-303,325
-333,326
-6,327
13,328
-302,329
-307,330
-338,331
-315,332
7,333
-34,334
19,335
-17,336
-371,337
-7,338
-377,339
-38,340
-366,341
-308,342
-300,343
-36,344
-302,345
-353,346
2,347
-314,348
-340,349
-337,350
15,351
14,352
16,353
19,354
-327,355
25,356
-338,357
-310,358
-403,359
-316,360
25,361
-18,362
-302,363
25,364
-107,365
-39,366
-200,367
-306,368
-39,369
-328,370
21,371
-313,372
14,373
-412,374
-357,375
-77,376
-343,377
-348,378
-6,379
18,380
-329,381
-96,382
-314,383
-321,384
0,385
-311,386
-2,387
25,388
-316,389
-41,390
-200,391
-317,392
-377,393
-346,394
-310,395
7,396
-409,397
3,398
-326,399
-338,400
-357,401
-368,402
-422,403
24,404
21,405
14,406
-308,407
-324,408
-309,409
-119,410
-323,411
8,412
-328,413
-301,414
22,415
6,416
-374,417
25,418
-428,419
-371,420
12,421
-346,422
-353,423
-17,424
-372,425
-116,426
-301,427
-344,428
-491,429
-306,430
-200,431
-421,432
-347,433
-377,434
-344,435
-337,436
10,437
-377,438
25,439
-448,440
-200,441
-357,442
19,443
-7,444
-77,445
25,446
-300,447
-488,448
-482,449
-318,450
-459,451
-435,452
20,453
-328,454
-341,455
-308,456
-1,457
-302,458
20,459
-31,460
-327,461
19,462
-407,463
-387,464
-139,465
-380,466
-8,467
-379,468
6,469
-200,470
25,471
-376,472
-497,473
-318,474
-318,475
-369,476
21,477
-319,478
0,479
20,480
25,481
-302,482
-338,483
-316,484
-7,485
25,486
-316,487
-307,488
25,489
-200,490
-331,491
13,492
-312,493
-422,494
-315,495
-351,496
9,497
-319,498
-19,499
-133,500
-200,501
-362,502
15,503
-302,504
-329,505
24,506
21,507
25,508
-335,509
-301,510
-79,511
-367,512
8,513
-338,514
-306,515
-306,516
22,517
-319,518
9,519
18,520
-343,521
-82,522
-200,523
18,524
24,525
-200,526
20,527
-327,528
-318,529
-62,530
-382,531
1,532
-56,533
-450,534
4,535
25,536
-392,537
-425,538
-382,539
-305,540
-431,541
-375,542
-301,543
-319,544
10,545
-358,546
-3,547
-310,548
-420,549
5,550
-96,551
10,552
-352,553
25,554
-353,555
16,556
-361,557
-6,558
-362,559
-29,560
-331,561
25,562
-329,563
-399,564
-11,565
-304,566
25,567
-346,568
2,569
-15,570
-417,571
25,572
-115,573
-120,574
-174,575
-453,576
25,577
-325,578
-439,579
13,580
25,581
-348,582
-389,583
-347,584
-303,585
16,586
-324,587
-64,588
-314,589
-308,590
11,591
9,592
-325,593
-309,594
-21,595
-22,596
-420,597
-324,598
-311,599
-322,600
-399,601
-392,602
22,603
-79,604
-324,605
-331,606
-371,607
7,608
-315,609
20,610
18,611
-46,612
-300,613
-313,614
-10,615
-52,616
-303,617
17,618
-329,619
-23,620
-359,621
-432,622
-408,623
-305,624
-12,625
-311,626
17,627
-336,628
-1,629
-338,630
-379,631
-388,632
-410,633
5,634
-1,635
24,636
-200,637
2,638
-320,639
-345,640
-408,641
-335,642
-307,643
-429,644
-11,645
-300,646
-411,647
14,648
-100,649
-334,650
-314,651
-300,652
-304,653
-304,654
-306,655
25,656
-10,657
-334,658
-303,659
15,660
-28,661
-36,662
-314,663
13,664
-340,665
-335,666
-348,667
-23,668
-415,669
-324,670
-27,671
-19,672
-90,673
-324,674
-332,675
-36,676
-347,677
-145,678
-89,679
-304,680
-422,681
-358,682
-61,683
-361,684
-320,685
-326,686
-4,687
-334,688
-174,689
14,690
-120,691
-458,692
2,693
-325,694
-139,695
1,696
-309,697
-107,698
-308,699
-319,700
-200,701
-333,702
12,703
-381,704
-410,705
-337,706
25,707
-325,708
-387,709
-15,710
-357,711
-49,712
25,713
-301,714
24,715
-5,716
22,717
-396,718
-348,719
-469,720
-424,721
-325,722
-314,723
-321,724
-14,725
-38,726
22,727
-410,728
-498,729
-321,730
-375,731
-40,732
-96,733
-39,734
-360,735
14,736
-313,737
22,738
-353,739
-21,740
-326,741
-305,742
22,743
-132,744
-340,745
-303,746
-200,747
-12,748
-97,749
-306,750
-161,751
6,752
-301,753
25,754
-395,755
24,756
25,757
-308,758
24,759
-367,760
-12,761
-411,762
-303,763
24,764
-383,765
14,766
-353,767
-387,768
-336,769
-354,770
-332,771
-300,772
-300,773
-7,774
-385,775
-355,776
8,777
-480,778
-138,779
15,780
-390,781
-332,782
-162,783
-151,784
-43,785
-303,786
-302,787
17,788
-357,789
-311,790
-128,791
-200,792
25,793
-300,794
-324,795
-321,796
-379,797
-200,798
-21,799
21,800
-314,801
-340,802
-6,803
25,804
-340,805
-354,806
-310,807
24,808
-36,809
-329,810
-32,811
24,812
-304,813
-11,814
25,815
-300,816
-15,817
20,818
-58,819
14,820
-306,821
24,822
-310,823
-332,824
-362,825
24,826
-394,827
-356,828
-8,829
-332,830
10,831
-306,832
-358,833
-17,834
23,835
-300,836
25,837
-355,838
-326,839
-329,840
-325,841
-399,842
-302,843
-346,844
-304,845
-359,846
-112,847
-106,848
-304,849
-388,850
-10,851
-34,852
25,853
-340,854
-327,855
-380,856
-301,857
25,858
-301,859
19,860
25,861
-6,862
0,863
-370,864
23,865
-302,866
-25,867
8,868
-317,869
-321,870
15,871
-331,872
-302,873
-390,874
-302,875
14,876
-414,877
-337,878
-320,879
11,880
-321,881
-363,882
21,883
-317,884
-440,885
-305,886
-428,887
-300,888
-392,889
-307,890
-400,891
-305,892
-311,893
-300,894
24,895
-402,896
25,897
25,898
-337,899
-312,900
13,901
-328,902
25,903
14,904
-300,905
-309,906
-301,907
7,908
7,909
-5,910
24,911
-48,912
-354,913
25,914
-318,915
-378,916
-56,917
-300,918
-328,919
25,920
-1,921
-133,922
-442,923
-300,924
-308,925
-5,926
-335,927
-312,928
-402,929
-379,930
16,931
-410,932
-347,933
25,934
-314,935
-304,936
-28,937
-403,938
-362,939
22,940
-360,941
-304,942
-300,943
-481,944
-318,945
4,946
3,947
-332,948
-1,949
-309,950
-300,951
-317,952
-326,953
-323,954
-472,955
9,956
6,957
-358,958
-454,959
-346,960
-308,961
-316,962
-321,963
-342,964
-335,965
-346,966
-367,967
-465,968
-300,969
-317,970
23,971
17,972
-492,973
-417,974
-30,975
14,976
-308,977
-372,978
25,979
-301,980
21,981
-312,982
-322,983
-338,984
-378,985
24,986
-439,987
21,988
-346,989
-55,990
1,991
-322,992
1,993
-388,994
-356,995
-425,996
-324,997
-395,998
-322,999
12,1000
-395,1001
-396,1002
23,1003
23,1004
-388,1005
-304,1006
-64,1007
-316,1008
19,1009
22,1010
-323,1011
-12,1012
-324,1013
-359,1014
-317,1015
-3,1016
-407,1017
-339,1018
-426,1019
-360,1020
-20,1021
-330,1022
-495,1023
-374,1024
-37,1025
-313,1026
-443,1027
-470,1028
25,1029
24,1030
-23,1031
25,1032
-372,1033
-308,1034
-418,1035
-323,1036
-317,1037
-335,1038
-200,1039
6,1040
-25,1041
-322,1042
-302,1043
18,1044
-300,1045
25,1046
-350,1047
-487,1048
25,1049
-304,1050
-319,1051
-387,1052
4,1053
-22,1054
15,1055
20,1056
-345,1057
20,1058
-403,1059
24,1060
-338,1061
-315,1062
-437,1063
-200,1064
-9,1065
-307,1066
-9,1067
25,1068
-308,1069
-478,1070
-312,1071
-57,1072
-362,1073
-312,1074
-342,1075
-367,1076
9,1077
-334,1078
-311,1079
-338,1080
25,1081
-302,1082
-308,1083
-200,1084
25,1085
-341,1086
-347,1087
12,1088
-364,1089
-3,1090
25,1091
-36,1092
-45,1093
2,1094
-418,1095
-310,1096
-319,1097
-334,1098
-124,1099
-310,1100
-200,1101
-337,1102
-420,1103
19,1104
-302,1105
-369,1106
-302,1107
-476,1108
23,1109
-340,1110
21,1111
18,1112
-344,1113
21,1114
7,1115
10,1116
-385,1117
-79,1118
-366,1119
-25,1120
-166,1121
-300,1122
-301,1123
-395,1124
-311,1125
24,1126
18,1127
-432,1128
9,1129
-305,1130
-7,1131
8,1132
-313,1133
17,1134
-53,1135
-24,1136
-306,1137
-339,1138
-363,1139
-1,1140
-379,1141
7,1142
24,1143
21,1144
-11,1145
23,1146
-331,1147
-300,1148
-313,1149
-368,1150
-15,1151
16,1152
-405,1153
-395,1154
-83,1155
-325,1156
21,1157
-343,1158
16,1159
-300,1160
14,1161
-450,1162
24,1163
-300,1164
20,1165
-300,1166
-324,1167
-172,1168
-37,1169
-420,1170
-350,1171
-360,1172
-315,1173
6,1174
-318,1175
-343,1176
17,1177
-17,1178
-410,1179
-33,1180
-33,1181
-302,1182
-376,1183
-331,1184
20,1185
-26,1186
-382,1187
-41,1188
-342,1189
-388,1190
21,1191
-8,1192
-448,1193
-307,1194
11,1195
25,1196
-401,1197
-375,1198
-300,1199
-306,1200
-64,1201
-324,1202
-325,1203
-315,1204
-146,1205
-302,1206
-369,1207
-306,1208
-12,1209
-323,1210
-12,1211
25,1212
-307,1213
-17,1214
-47,1215
-333,1216
18,1217
-301,1218
-20,1219
-319,1220
-47,1221
-321,1222
-346,1223
-348,1224
-311,1225
25,1226
-300,1227
-389,1228
-370,1229
-303,1230
-312,1231
24,1232
-465,1233
-404,1234
-4,1235
-300,1236
-97,1237
-84,1238
-105,1239
25,1240
-25,1241
13,1242
2,1243
-379,1244
23,1245
-25,1246
-325,1247
25,1248
-351,1249
-23,1250
15,1251
-385,1252
-5,1253
-347,1254
-330,1255
3,1256
-311,1257
-200,1258
-306,1259
15,1260
-92,1261
18,1262
-315,1263
24,1264
-341,1265
25,1266
-2,1267
-303,1268
-302,1269
-300,1270
-350,1271
-200,1272
-454,1273
-307,1274
10,1275
16,1276
-11,1277
-346,1278
-346,1279
-313,1280
-10,1281
-319,1282
-393,1283
6,1284
-317,1285
-402,1286
25,1287
-300,1288
24,1289
-300,1290
-312,1291
16,1292
-351,1293
-358,1294
-300,1295
13,1296
-326,1297
-320,1298
-37,1299
23,1300
22,1301
-8,1302
-40,1303
-7,1304
24,1305
-200,1306
-42,1307
-10,1308
-301,1309
-301,1310
-300,1311
-313,1312
10,1313
-303,1314
-301,1315
-333,1316
-363,1317
-314,1318
-314,1319
-481,1320
25,1321
-305,1322
-17,1323
22,1324
-350,1325
22,1326
5,1327
7,1328
-328,1329
-426,1330
-324,1331
-93,1332
-493,1333
-300,1334
-377,1335
-200,1336
-440,1337
-381,1338
8,1339
-306,1340
11,1341
24,1342
20,1343
23,1344
-341,1345
-24,1346
-304,1347
24,1348
24,1349
22,1350
-305,1351
-93,1352
-484,1353
24,1354
18,1355
-434,1356
-324,1357
-319,1358
-311,1359
-10,1360
-335,1361
-430,1362
18,1363
-303,1364
-2,1365
-304,1366
-306,1367
-351,1368
-405,1369
7,1370
-349,1371
-301,1372
24,1373
-300,1374
-26,1375
-339,1376
-24,1377
-374,1378
-305,1379
-7,1380
-334,1381
-42,1382
-118,1383
-380,1384
-200,1385
-303,1386
-317,1387
-312,1388
-325,1389
-329,1390
17,1391
-84,1392
-300,1393
-305,1394
-59,1395
-17,1396
25,1397
-341,1398
24,1399
-312,1400
-362,1401
-54,1402
-353,1403
23,1404
-313,1405
-313,1406
-29,1407
-328,1408
23,1409
23,1410
-307,1411
-303,1412
-407,1413
-361,1414
7,1415
-342,1416
-309,1417
13,1418
-348,1419
-2,1420
1,1421
-302,1422
-86,1423
11,1424
24,1425
-47,1426
-200,1427
-10,1428
-107,1429
11,1430
20,1431
-32,1432
25,1433
25,1434
-310,1435
-328,1436
-321,1437
-51,1438
-317,1439
-22,1440
20,1441
-42,1442
14,1443
-39,1444
-312,1445
-407,1446
-301,1447
-321,1448
2,1449
-363,1450
-451,1451
-316,1452
-57,1453
-32,1454
-56,1455
-321,1456
-14,1457
14,1458
-49,1459
-310,1460
-320,1461
-413,1462
-200,1463
-334,1464
-355,1465
12,1466
18,1467
21,1468
-305,1469
-341,1470
-337,1471
-457,1472
25,1473
-344,1474
17,1475
-24,1476
-333,1477
-325,1478
25,1479
-7,1480
-335,1481
23,1482
-305,1483
13,1484
-334,1485
-301,1486
-301,1487
12,1488
-305,1489
-386,1490
-340,1491
24,1492
-306,1493
21,1494
17,1495
-7,1496
-323,1497
-200,1498
25,1499
9,1500
-26,1501
23,1502
-421,1503
-341,1504
24,1505
-2,1506
-49,1507
24,1508
8,1509
11,1510
25,1511
25,1512
-16,1513
-304,1514
-301,1515
25,1516
12,1517
7,1518
-315,1519
9,1520
-6,1521
25,1522
-49,1523
-329,1524
-415,1525
-307,1526
20,1527
-312,1528
-70,1529
20,1530
-32,1531
-343,1532
15,1533
-337,1534
-19,1535
18,1536
-308,1537
-374,1538
-421,1539
-8,1540
-378,1541
-444,1542
-303,1543
-418,1544
-18,1545
-313,1546
-2,1547
-303,1548
-370,1549
-313,1550
24,1551
25,1552
-200,1553
4,1554
16,1555
-314,1556
-19,1557
25,1558
23,1559
25,1560
-411,1561
-308,1562
-200,1563
-91,1564
-325,1565
-15,1566
-327,1567
-347,1568
-302,1569
-313,1570
-311,1571
-337,1572
-301,1573
14,1574
-393,1575
-370,1576
7,1577
-307,1578
8,1579
14,1580
-359,1581
-8,1582
-422,1583
-368,1584
25,1585
-453,1586
-334,1587
-346,1588
17,1589
24,1590
-13,1591
-435,1592
23,1593
-335,1594
-312,1595
-4,1596
24,1597
-435,1598
-439,1599
25,1600
-300,1601
11,1602
-351,1603
-32,1604
9,1605
-301,1606
-348,1607
-337,1608
-74,1609
-307,1610
-347,1611
-307,1612
-41,1613
-311,1614
24,1615
-46,1616
-343,1617
-397,1618
-332,1619
13,1620
-306,1621
-399,1622
19,1623
-143,1624
-373,1625
12,1626
25,1627
-382,1628
-35,1629
-372,1630
-329,1631
-76,1632
-417,1633
17,1634
-334,1635
-304,1636
-153,1637
-200,1638
-352,1639
-300,1640
-351,1641
25,1642
-80,1643
16,1644
-321,1645
-11,1646
-6,1647
23,1648
25,1649
-326,1650
-385,1651
1,1652
-305,1653
-326,1654
22,1655
4,1656
11,1657
20,1658
-200,1659
-319,1660
-34,1661
-320,1662
-301,1663
-325,1664
-301,1665
22,1666
-334,1667
-6,1668
-309,1669
-336,1670
-356,1671
-328,1672
-4,1673
-314,1674
21,1675
-314,1676
-348,1677
-322,1678
-346,1679
-303,1680
-7,1681
-1,1682
12,1683
0,1684
25,1685
-327,1686
24,1687
-8,1688
-10,1689
-155,1690
20,1691
-370,1692
-303,1693
21,1694
-339,1695
-82,1696
-398,1697
-307,1698
23,1699
-302,1700
-309,1701
-319,1702
-42,1703
-357,1704
-304,1705
23,1706
-13,1707
-312,1708
-11,1709
25,1710
-493,1711
-307,1712
-336,1713
-23,1714
9,1715
-322,1716
-305,1717
-348,1718
-324,1719
-310,1720
-306,1721
22,1722
-335,1723
25,1724
-3,1725
-302,1726
-301,1727
-353,1728
-301,1729
25,1730
-337,1731
17,1732
-9,1733
-305,1734
21,1735
-345,1736
-346,1737
11,1738
-339,1739
-307,1740
-304,1741
-383,1742
-444,1743
4,1744
25,1745
1,1746
-300,1747
-319,1748
20,1749
21,1750
25,1751
15,1752
-302,1753
-306,1754
-317,1755
-301,1756
-342,1757
-33,1758
-10,1759
-323,1760
-107,1761
-309,1762
-392,1763
24,1764
-305,1765
-354,1766
-330,1767
-318,1768
2,1769
22,1770
-348,1771
-342,1772
-12,1773
0,1774
-19,1775
-54,1776
18,1777
-151,1778
-305,1779
-42,1780
-304,1781
-340,1782
-321,1783
25,1784
-394,1785
-11,1786
-321,1787
-367,1788
-314,1789
-92,1790
25,1791
-479,1792
24,1793
25,1794
-115,1795
-433,1796
-17,1797
-374,1798
25,1799
-362,1800
-364,1801
1,1802
-357,1803
-300,1804
-384,1805
-307,1806
-347,1807
5,1808
-19,1809
16,1810
20,1811
-164,1812
19,1813
-360,1814
-353,1815
24,1816
-80,1817
-402,1818
-303,1819
18,1820
-8,1821
-72,1822
-200,1823
-330,1824
0,1825
-369,1826
-447,1827
-315,1828
-398,1829
-330,1830
-405,1831
-328,1832
-383,1833
11,1834
-308,1835
19,1836
-318,1837
22,1838
-325,1839
23,1840
-70,1841
24,1842
9,1843
-300,1844
-481,1845
-301,1846
-60,1847
-311,1848
-302,1849
-388,1850
-320,1851
-386,1852
25,1853
23,1854
-79,1855
-48,1856
-313,1857
-317,1858
-434,1859
-7,1860
22,1861
1,1862
-332,1863
-325,1864
8,1865
10,1866
-338,1867
10,1868
-11,1869
-350,1870
-451,1871
-8,1872
10,1873
11,1874
-34,1875
22,1876
-200,1877
-440,1878
-329,1879
19,1880
-300,1881
-26,1882
-391,1883
12,1884
-1,1885
-62,1886
-200,1887
2,1888
-306,1889
-79,1890
-351,1891
24,1892
-367,1893
25,1894
-315,1895
-19,1896
25,1897
-323,1898
-200,1899
-337,1900
-345,1901
-335,1902
19,1903
-300,1904
24,1905
-375,1906
25,1907
-314,1908
-317,1909
24,1910
-394,1911
-402,1912
-466,1913
-310,1914
-107,1915
-303,1916
-337,1917
-2,1918
-312,1919
-319,1920
-312,1921
-25,1922
25,1923
-68,1924
-99,1925
-305,1926
-309,1927
-442,1928
-405,1929
-322,1930
-385,1931
-332,1932
-200,1933
-24,1934
23,1935
-317,1936
-300,1937
-351,1938
-357,1939
14,1940
25,1941
-308,1942
-317,1943
-321,1944
-386,1945
-366,1946
19,1947
18,1948
-300,1949
-353,1950
25,1951
-39,1952
-8,1953
-324,1954
-55,1955
-364,1956
-376,1957
-323,1958
-133,1959
20,1960
23,1961
-95,1962
25,1963
-46,1964
-305,1965
-370,1966
-324,1967
2,1968
6,1969
-4,1970
-308,1971
-73,1972
4,1973
-306,1974
-363,1975
-304,1976
-27,1977
-7,1978
25,1979
-314,1980
20,1981
-330,1982
-465,1983
-408,1984
-300,1985
-322,1986
-325,1987
-337,1988
-388,1989
-345,1990
-344,1991
-372,1992
-325,1993
17,1994
-336,1995
20,1996
-411,1997
-2,1998
-306,1999
-328,2000
16,2001
-349,2002
-317,2003
25,2004
-327,2005
19,2006
-115,2007
-321,2008
-76,2009
-329,2010
-83,2011
-304,2012
-325,2013
-310,2014
-301,2015
-38,2016
25,2017
-27,2018
-335,2019
-434,2020
-25,2021
-314,2022
25,2023
-337,2024
-317,2025
-200,2026
-7,2027
-316,2028
-25,2029
-349,2030
-6,2031
-313,2032
-300,2033
-338,2034
22,2035
24,2036
-314,2037
-334,2038
25,2039
-426,2040
-431,2041
-347,2042
25,2043
-31,2044
-128,2045
-330,2046
24,2047
-368,2048
25,2049
1,2050
-452,2051
-360,2052
9,2053
-312,2054
-333,2055
-335,2056
7,2057
25,2058
-342,2059
-24,2060
-326,2061
-74,2062
25,2063
-304,2064
-11,2065
-1,2066
-354,2067
14,2068
-383,2069
-32,2070
-305,2071
20,2072
-316,2073
11,2074
-321,2075
9,2076
25,2077
16,2078
-472,2079
25,2080
-32,2081
-304,2082
2,2083
25,2084
-57,2085
-392,2086
-60,2087
-430,2088
-18,2089
-347,2090
-7,2091
-474,2092
16,2093
-301,2094
-368,2095
-80,2096
-318,2097
20,2098
25,2099
-37,2100
-410,2101
-331,2102
-24,2103
-316,2104
25,2105
-323,2106
-395,2107
-365,2108
-411,2109
-302,2110
-302,2111
-95,2112
18,2113
15,2114
18,2115
-58,2116
-19,2117
-309,2118
19,2119
-34,2120
-39,2121
-322,2122
-5,2123
-89,2124
11,2125
-302,2126
17,2127
-355,2128
-200,2129
-305,2130
23,2131
-16,2132
-324,2133
11,2134
-489,2135
-23,2136
-374,2137
-406,2138
4,2139
21,2140
-435,2141
24,2142
-94,2143
-322,2144
-396,2145
-301,2146
-391,2147
-47,2148
-2,2149
-304,2150
-374,2151
14,2152
0,2153
-200,2154
-2,2155
-359,2156
-310,2157
20,2158
-334,2159
-96,2160
24,2161
-344,2162
-428,2163
-29,2164
-325,2165
-321,2166
-303,2167
-303,2168
-353,2169
22,2170
-417,2171
-382,2172
-303,2173
-324,2174
-323,2175
-6,2176
-389,2177
25,2178
-39,2179
-305,2180
-23,2181
-347,2182
25,2183
-330,2184
-12,2185
-200,2186
-467,2187
-475,2188
-398,2189
-341,2190
-424,2191
-21,2192
-305,2193
-317,2194
-33,2195
-63,2196
-42,2197
8,2198
-311,2199
-1,2200
19,2201
-344,2202
-303,2203
-307,2204
-22,2205
18,2206
-334,2207
-19,2208
-27,2209
-496,2210
0,2211
-65,2212
-372,2213
-5,2214
-332,2215
-393,2216
-315,2217
-4,2218
17,2219
-368,2220
-44,2221
-305,2222
24,2223
-355,2224
-338,2225
21,2226
-334,2227
-334,2228
-200,2229
-70,2230
-388,2231
-399,2232
-321,2233
10,2234
-458,2235
-6,2236
-99,2237
21,2238
-15,2239
-320,2240
-20,2241
-406,2242
-355,2243
-335,2244
19,2245
-14,2246
16,2247
20,2248
-26,2249
-13,2250
-325,2251
-200,2252
-366,2253
-321,2254
-302,2255
-487,2256
25,2257
-308,2258
-324,2259
-334,2260
-395,2261
-18,2262
-322,2263
-200,2264
-424,2265
-43,2266
21,2267
10,2268
-6,2269
20,2270
-8,2271
-470,2272
-409,2273
-411,2274
-332,2275
23,2276
9,2277
-326,2278
25,2279
-384,2280
-7,2281
-459,2282
-4,2283
-337,2284
-330,2285
-331,2286
-332,2287
14,2288
10,2289
-1,2290
-388,2291
-25,2292
-371,2293
-313,2294
-364,2295
-454,2296
25,2297
-331,2298
25,2299
24,2300
-300,2301
-71,2302
25,2303
-200,2304
24,2305
-70,2306
-332,2307
-58,2308
-308,2309
-18,2310
-345,2311
-32,2312
-357,2313
24,2314
-352,2315
-419,2316
-422,2317
-46,2318
-337,2319
20,2320
-200,2321
-35,2322
-19,2323
-392,2324
-300,2325
-310,2326
-165,2327
-341,2328
-302,2329
-331,2330
-335,2331
9,2332
-13,2333
-404,2334
-374,2335
-2,2336
-306,2337
-334,2338
5,2339
-300,2340
-13,2341
-335,2342
-442,2343
15,2344
-200,2345
-10,2346
11,2347
-302,2348
-334,2349
-395,2350
-412,2351
-303,2352
-384,2353
11,2354
-369,2355
-310,2356
17,2357
-340,2358
-301,2359
-320,2360
-349,2361
-310,2362
-50,2363
-22,2364
-318,2365
-317,2366
21,2367
-341,2368
-440,2369
-357,2370
10,2371
-315,2372
-401,2373
23,2374
13,2375
25,2376
-388,2377
-494,2378
-374,2379
-359,2380
-304,2381
13,2382
7,2383
25,2384
-364,2385
-12,2386
18,2387
-331,2388
-366,2389
-103,2390
-303,2391
-312,2392
-346,2393
-448,2394
-305,2395
17,2396
-344,2397
23,2398
23,2399
-321,2400
25,2401
-405,2402
-327,2403
9,2404
-325,2405
-417,2406
-475,2407
-353,2408
-20,2409
-320,2410
-61,2411
-435,2412
-335,2413
18,2414
-307,2415
-340,2416
-3,2417
19,2418
-302,2419
-24,2420
-309,2421
-409,2422
-304,2423
3,2424
-309,2425
25,2426
25,2427
-151,2428
-23,2429
-324,2430
-492,2431
0,2432
14,2433
-312,2434
-27,2435
-359,2436
-426,2437
-433,2438
-36,2439
7,2440
25,2441
-322,2442
15,2443
17,2444
-36,2445
25,2446
-312,2447
-377,2448
-370,2449
-442,2450
20,2451
-200,2452
11,2453
25,2454
-360,2455
-300,2456
-376,2457
-67,2458
-301,2459
-23,2460
-200,2461
-70,2462
-324,2463
-79,2464
-322,2465
-329,2466
-311,2467
-308,2468
-300,2469
-382,2470
-372,2471
-387,2472
-314,2473
-309,2474
-38,2475
-43,2476
-5,2477
-99,2478
24,2479
-432,2480
24,2481
9,2482
17,2483
25,2484
-300,2485
-371,2486
-117,2487
19,2488
-372,2489
-65,2490
-14,2491
-47,2492
24,2493
-309,2494
-300,2495
-200,2496
25,2497
-301,2498
-39,2499
-371,2500
-307,2501
-348,2502
21,2503
6,2504
-370,2505
24,2506
12,2507
-86,2508
25,2509
-303,2510
-311,2511
-310,2512
-69,2513
-1,2514
-385,2515
-302,2516
24,2517
21,2518
-373,2519
-341,2520
-300,2521
-422,2522
-305,2523
-307,2524
0,2525
-367,2526
-17,2527
-81,2528
22,2529
-301,2530
-16,2531
25,2532
-74,2533
-364,2534
-5,2535
-34,2536
-312,2537
-324,2538
-343,2539
-311,2540
-30,2541
-329,2542
25,2543
25,2544
-327,2545
-318,2546
-200,2547
7,2548
-439,2549
25,2550
6,2551
20,2552
18,2553
-300,2554
-300,2555
-382,2556
-9,2557
-300,2558
25,2559
-15,2560
-114,2561
-308,2562
23,2563
19,2564
24,2565
0,2566
-305,2567
-200,2568
-325,2569
23,2570
4,2571
19,2572
4,2573
-18,2574
25,2575
-426,2576
-306,2577
25,2578
-39,2579
-340,2580
14,2581
-316,2582
-304,2583
-93,2584
-3,2585
-327,2586
19,2587
25,2588
-306,2589
-200,2590
-370,2591
-43,2592
-300,2593
-340,2594
-16,2595
-1,2596
19,2597
2,2598
-324,2599
-403,2600
8,2601
-317,2602
16,2603
-37,2604
-494,2605
-4,2606
-5,2607
-315,2608
-322,2609
-333,2610
-320,2611
-67,2612
-336,2613
24,2614
9,2615
-326,2616
-328,2617
24,2618
-397,2619
-389,2620
24,2621
-306,2622
-347,2623
25,2624
-2,2625
21,2626
-376,2627
-334,2628
25,2629
-321,2630
-122,2631
-334,2632
-456,2633
-337,2634
-306,2635
-21,2636
-16,2637
-415,2638
7,2639
-311,2640
22,2641
-394,2642
-314,2643
-150,2644
-354,2645
20,2646
-364,2647
3,2648
-364,2649
-323,2650
20,2651
-36,2652
25,2653
21,2654
22,2655
12,2656
-2,2657
15,2658
13,2659
19,2660
-340,2661
-314,2662
-362,2663
-401,2664
-323,2665
-68,2666
-439,2667
-64,2668
-491,2669
-328,2670
-375,2671
-312,2672
-452,2673
-10,2674
16,2675
-324,2676
-318,2677
-315,2678
-200,2679
-373,2680
0,2681
-388,2682
-322,2683
6,2684
25,2685
-334,2686
20,2687
-358,2688
-341,2689
-312,2690
-317,2691
-70,2692
-426,2693
-40,2694
-345,2695
-130,2696
-388,2697
-2,2698
25,2699
21,2700
25,2701
-346,2702
11,2703
-304,2704
25,2705
-300,2706
-329,2707
24,2708
-362,2709
-338,2710
23,2711
-368,2712
-396,2713
22,2714
-301,2715
9,2716
-70,2717
24,2718
-383,2719
-328,2720
20,2721
-415,2722
-59,2723
-346,2724
-302,2725
-18,2726
-304,2727
-301,2728
-200,2729
-8,2730
-341,2731
-305,2732
-311,2733
-302,2734
-300,2735
-318,2736
-339,2737
25,2738
-317,2739
-26,2740
20,2741
-417,2742
24,2743
-28,2744
-308,2745
-200,2746
24,2747
-316,2748
-308,2749
-4,2750
-24,2751
-43,2752
-342,2753
24,2754
-72,2755
15,2756
-315,2757
-200,2758
-305,2759
-330,2760
-112,2761
-11,2762
14,2763
-308,2764
-106,2765
6,2766
-369,2767
-378,2768
-302,2769
14,2770
-420,2771
-358,2772
23,2773
-32,2774
20,2775
23,2776
20,2777
-342,2778
-386,2779
25,2780
-314,2781
-344,2782
-318,2783
16,2784
-49,2785
-303,2786
25,2787
-302,2788
-420,2789
-200,2790
-109,2791
-322,2792
-22,2793
11,2794
24,2795
-302,2796
-406,2797
-33,2798
-10,2799
16,2800
-326,2801
-39,2802
22,2803
-315,2804
25,2805
-334,2806
20,2807
-300,2808
-349,2809
-300,2810
-309,2811
-1,2812
15,2813
-200,2814
-335,2815
18,2816
-328,2817
-307,2818
-316,2819
21,2820
-200,2821
-474,2822
-59,2823
-320,2824
-200,2825
13,2826
-200,2827
-200,2828
-302,2829
25,2830
-403,2831
-322,2832
-318,2833
24,2834
-56,2835
-319,2836
-321,2837
8,2838
-327,2839
-200,2840
25,2841
-325,2842
-303,2843
-344,2844
25,2845
-23,2846
-324,2847
-444,2848
-344,2849
21,2850
9,2851
-125,2852
-454,2853
-200,2854
-418,2855
-10,2856
-340,2857
-345,2858
12,2859
-351,2860
-149,2861
-341,2862
-371,2863
19,2864
-5,2865
-368,2866
-363,2867
-301,2868
-318,2869
-31,2870
-3,2871
25,2872
-46,2873
18,2874
-5,2875
-318,2876
-320,2877
-361,2878
-305,2879
25,2880
-5,2881
-338,2882
24,2883
-302,2884
-312,2885
-8,2886
-393,2887
-347,2888
-314,2889
-38,2890
-308,2891
-323,2892
22,2893
21,2894
25,2895
-24,2896
21,2897
-333,2898
-423,2899
17,2900
16,2901
-373,2902
-321,2903
-337,2904
-448,2905
23,2906
-308,2907
25,2908
-57,2909
-306,2910
-309,2911
15,2912
-33,2913
0,2914
-330,2915
-325,2916
25,2917
-302,2918
-313,2919
-200,2920
-53,2921
17,2922
-351,2923
-365,2924
-37,2925
25,2926
-316,2927
-432,2928
-300,2929
-333,2930
-358,2931
-335,2932
-60,2933
1,2934
-308,2935
25,2936
-348,2937
3,2938
24,2939
-499,2940
25,2941
-36,2942
25,2943
25,2944
25,2945
24,2946
-340,2947
5,2948
23,2949
-363,2950
-309,2951
-354,2952
-302,2953
-313,2954
10,2955
-306,2956
-318,2957
-305,2958
-328,2959
22,2960
-333,2961
20,2962
-41,2963
-419,2964
-325,2965
-378,2966
-336,2967
-387,2968
-70,2969
-87,2970
17,2971
10,2972
-315,2973
-168,2974
-343,2975
24,2976
21,2977
-36,2978
3,2979
19,2980
-320,2981
1,2982
-350,2983
-357,2984
-309,2985
17,2986
14,2987
-423,2988
23,2989
-309,2990
-341,2991
-331,2992
-300,2993
25,2994
13,2995
-200,2996
-352,2997
20,2998
-307,2999
-380,3000
-329,3001
-30,3002
-499,3003
-302,3004
-308,3005
-319,3006
17,3007
23,3008
-313,3009
-38,3010
-336,3011
-2,3012
-333,3013
20,3014
-1,3015
-341,3016
-332,3017
-369,3018
-361,3019
-389,3020
-317,3021
-36,3022
22,3023
-419,3024
-404,3025
22,3026
-13,3027
22,3028
-33,3029
-65,3030
9,3031
-23,3032
-58,3033
-320,3034
17,3035
-312,3036
-46,3037
-23,3038
-200,3039
-331,3040
22,3041
24,3042
16,3043
-338,3044
-303,3045
-163,3046
-95,3047
20,3048
-308,3049
-342,3050
-200,3051
25,3052
-309,3053
-301,3054
-302,3055
8,3056
25,3057
-302,3058
-308,3059
-50,3060
-357,3061
-53,3062
19,3063
-361,3064
-20,3065
-376,3066
-350,3067
-369,3068
-322,3069
19,3070
-200,3071
-311,3072
-328,3073
-6,3074
-311,3075
-382,3076
3,3077
-49,3078
23,3079
-20,3080
4,3081
-15,3082
10,3083
-387,3084
-301,3085
25,3086
-324,3087
-304,3088
-414,3089
-301,3090
8,3091
-423,3092
-307,3093
-358,3094
-305,3095
-302,3096
-13,3097
2,3098
-319,3099
-307,3100
-460,3101
-300,3102
-339,3103
-436,3104
10,3105
-314,3106
-328,3107
-18,3108
-303,3109
-335,3110
-371,3111
25,3112
-300,3113
8,3114
22,3115
-333,3116
-336,3117
-496,3118
23,3119
-347,3120
-318,3121
-29,3122
-327,3123
-358,3124
-326,3125
-317,3126
-424,3127
-387,3128
-386,3129
-3,3130
-384,3131
-17,3132
-104,3133
-335,3134
-319,3135
-305,3136
-18,3137
-44,3138
-338,3139
-334,3140
-389,3141
-52,3142
18,3143
7,3144
-342,3145
-300,3146
-43,3147
25,3148
-25,3149
-200,3150
21,3151
14,3152
-1,3153
-70,3154
-314,3155
17,3156
-354,3157
-376,3158
24,3159
17,3160
14,3161
24,3162
22,3163
-401,3164
15,3165
17,3166
22,3167
-25,3168
-16,3169
19,3170
16,3171
8,3172
-423,3173
24,3174
-13,3175
-308,3176
-320,3177
-2,3178
17,3179
-314,3180
-27,3181
-330,3182
-313,3183
-406,3184
12,3185
-307,3186
-11,3187
17,3188
19,3189
-3,3190
-447,3191
25,3192
-304,3193
-431,3194
-325,3195
-358,3196
-383,3197
20,3198
9,3199
-51,3200
-381,3201
-200,3202
7,3203
-13,3204
20,3205
24,3206
-200,3207
-6,3208
16,3209
-463,3210
-34,3211
-36,3212
-325,3213
-364,3214
-355,3215
-329,3216
-325,3217
-309,3218
-327,3219
-116,3220
-300,3221
20,3222
-328,3223
25,3224
-96,3225
-200,3226
-58,3227
19,3228
-81,3229
-10,3230
-311,3231
23,3232
-47,3233
-318,3234
-358,3235
-38,3236
-351,3237
-304,3238
-356,3239
4,3240
14,3241
-359,3242
-387,3243
-317,3244
22,3245
-312,3246
-348,3247
-345,3248
10,3249
25,3250
25,3251
-485,3252
24,3253
-117,3254
-12,3255
25,3256
5,3257
-22,3258
-429,3259
6,3260
17,3261
-21,3262
12,3263
-34,3264
25,3265
-21,3266
11,3267
-442,3268
24,3269
19,3270
10,3271
-8,3272
25,3273
-362,3274
-332,3275
-300,3276
-43,3277
-373,3278
-342,3279
-460,3280
-130,3281
9,3282
-200,3283
-324,3284
-323,3285
-321,3286
-12,3287
-360,3288
-324,3289
-309,3290
-200,3291
-322,3292
-394,3293
-5,3294
-69,3295
-14,3296
22,3297
-200,3298
25,3299
-396,3300
24,3301
17,3302
15,3303
7,3304
24,3305
13,3306
-200,3307
19,3308
5,3309
-315,3310
19,3311
-56,3312
9,3313
-305,3314
-200,3315
-4,3316
8,3317
-469,3318
-484,3319
-325,3320
-65,3321
-70,3322
4,3323
-23,3324
-392,3325
-20,3326
-139,3327
-200,3328
15,3329
-300,3330
-95,3331
-364,3332
-44,3333
-6,3334
-27,3335
-359,3336
-85,3337
-436,3338
-17,3339
21,3340
-322,3341
25,3342
-21,3343
-54,3344
-354,3345
-54,3346
-491,3347
24,3348
23,3349
25,3350
-363,3351
17,3352
19,3353
-300,3354
-118,3355
-3,3356
-415,3357
-373,3358
-64,3359
-310,3360
-302,3361
-483,3362
-383,3363
-32,3364
22,3365
-308,3366
-303,3367
-319,3368
-95,3369
15,3370
-27,3371
-7,3372
-310,3373
-25,3374
-346,3375
19,3376
25,3377
-23,3378
-42,3379
-389,3380
-19,3381
-334,3382
16,3383
-366,3384
1,3385
-300,3386
17,3387
-329,3388
-200,3389
-435,3390
-61,3391
5,3392
-301,3393
-15,3394
-113,3395
-324,3396
-307,3397
-312,3398
8,3399
-200,3400
12,3401
-358,3402
-337,3403
-338,3404
13,3405
-18,3406
-369,3407
-317,3408
25,3409
-20,3410
16,3411
22,3412
24,3413
-339,3414
-71,3415
-318,3416
-338,3417
-324,3418
-303,3419
-341,3420
-324,3421
25,3422
9,3423
21,3424
-312,3425
16,3426
24,3427
-77,3428
-301,3429
12,3430
-428,3431
1,3432
-310,3433
-10,3434
-63,3435
20,3436
-315,3437
19,3438
19,3439
24,3440
-302,3441
-370,3442
-334,3443
-200,3444
24,3445
15,3446
-67,3447
-29,3448
-317,3449
-336,3450
-11,3451
-427,3452
-351,3453
-344,3454
-26,3455
-314,3456
-200,3457
-397,3458
-26,3459
-1,3460
22,3461
-318,3462
-53,3463
25,3464
-93,3465
22,3466
-26,3467
-329,3468
-467,3469
19,3470
-1,3471
-404,3472
-358,3473
-336,3474
-382,3475
18,3476
-301,3477
-387,3478
11,3479
-306,3480
-79,3481
-367,3482
-109,3483
-16,3484
25,3485
-306,3486
25,3487
16,3488
-321,3489
-310,3490
-320,3491
-300,3492
-301,3493
-357,3494
-367,3495
-361,3496
-359,3497
-320,3498
-316,3499
-304,3500
-339,3501
-326,3502
-338,3503
-344,3504
-333,3505
-200,3506
-367,3507
-366,3508
-376,3509
-112,3510
-422,3511
-330,3512
-387,3513
-302,3514
5,3515
19,3516
-481,3517
-458,3518
24,3519
-55,3520
-200,3521
4,3522
-337,3523
-12,3524
-305,3525
-300,3526
25,3527
-3,3528
-331,3529
-301,3530
9,3531
-14,3532
-311,3533
-325,3534
-8,3535
-200,3536
-103,3537
-20,3538
14,3539
-130,3540
18,3541
25,3542
-29,3543
-359,3544
0,3545
5,3546
-2,3547
-436,3548
-3,3549
-350,3550
-363,3551
-306,3552
-363,3553
-54,3554
-349,3555
-440,3556
22,3557
8,3558
-300,3559
22,3560
-394,3561
-423,3562
-104,3563
-347,3564
-384,3565
24,3566
12,3567
-307,3568
25,3569
6,3570
0,3571
-22,3572
-388,3573
-9,3574
-357,3575
21,3576
-408,3577
2,3578
-200,3579
-323,3580
-46,3581
23,3582
-440,3583
25,3584
-305,3585
-319,3586
-358,3587
-26,3588
-415,3589
-200,3590
-307,3591
23,3592
11,3593
5,3594
-330,3595
9,3596
24,3597
-336,3598
22,3599
-395,3600
8,3601
22,3602
-91,3603
-7,3604
-72,3605
23,3606
-322,3607
-19,3608
25,3609
24,3610
-300,3611
25,3612
-51,3613
-372,3614
16,3615
24,3616
-302,3617
-361,3618
-300,3619
24,3620
-387,3621
17,3622
-100,3623
-387,3624
-311,3625
6,3626
-344,3627
-5,3628
-302,3629
-351,3630
-334,3631
-28,3632
16,3633
24,3634
-34,3635
-300,3636
-15,3637
-301,3638
-335,3639
20,3640
-306,3641
5,3642
-316,3643
-327,3644
18,3645
-319,3646
-397,3647
-315,3648
-161,3649
-319,3650
-383,3651
23,3652
-324,3653
25,3654
-52,3655
-354,3656
-403,3657
25,3658
-350,3659
-300,3660
25,3661
-19,3662
22,3663
22,3664
-29,3665
20,3666
-47,3667
-389,3668
-358,3669
-312,3670
19,3671
-355,3672
-442,3673
10,3674
-301,3675
19,3676
-90,3677
25,3678
25,3679
-455,3680
-314,3681
25,3682
-41,3683
-117,3684
-359,3685
-361,3686
-25,3687
-466,3688
15,3689
-304,3690
-300,3691
-32,3692
11,3693
-465,3694
-373,3695
-313,3696
-97,3697
-8,3698
-328,3699
-341,3700
21,3701
-146,3702
-49,3703
-108,3704
-162,3705
-58,3706
21,3707
-334,3708
22,3709
-302,3710
25,3711
-100,3712
-331,3713
-332,3714
-313,3715
14,3716
-363,3717
8,3718
24,3719
16,3720
23,3721
-24,3722
-390,3723
-340,3724
12,3725
25,3726
-314,3727
19,3728
-300,3729
-305,3730
-18,3731
-348,3732
9,3733
-320,3734
-362,3735
-314,3736
-347,3737
24,3738
-44,3739
-4,3740
-84,3741
25,3742
-427,3743
-86,3744
-457,3745
-311,3746
22,3747
-370,3748
-312,3749
-377,3750
25,3751
-345,3752
-307,3753
-200,3754
-381,3755
5,3756
22,3757
-476,3758
25,3759
-344,3760
-352,3761
22,3762
-21,3763
-307,3764
12,3765
1,3766
-300,3767
2,3768
-345,3769
23,3770
22,3771
-352,3772
24,3773
-412,3774
-44,3775
-22,3776
25,3777
24,3778
20,3779
-304,3780
1,3781
-57,3782
-338,3783
-304,3784
-399,3785
18,3786
-331,3787
-350,3788
-383,3789
24,3790
-24,3791
19,3792
-308,3793
-310,3794
-314,3795
-331,3796
24,3797
14,3798
-314,3799
25,3800
-358,3801
-352,3802
-9,3803
-32,3804
18,3805
4,3806
-300,3807
-18,3808
-2,3809
-200,3810
25,3811
-477,3812
16,3813
10,3814
-322,3815
-303,3816
-301,3817
-73,3818
-66,3819
-1,3820
24,3821
-308,3822
-334,3823
-1,3824
3,3825
-401,3826
-386,3827
-51,3828
0,3829
-200,3830
-306,3831
18,3832
-58,3833
15,3834
-59,3835
-415,3836
-106,3837
4,3838
25,3839
-326,3840
-118,3841
12,3842
-377,3843
-301,3844
16,3845
-366,3846
-440,3847
-200,3848
24,3849
-313,3850
-344,3851
-14,3852
-317,3853
-314,3854
-308,3855
-4,3856
-307,3857
2,3858
-335,3859
-368,3860
-36,3861
-41,3862
-12,3863
-122,3864
9,3865
-488,3866
23,3867
-17,3868
-373,3869
8,3870
-318,3871
-82,3872
16,3873
-310,3874
-378,3875
-329,3876
-6,3877
-200,3878
25,3879
-165,3880
-141,3881
20,3882
-333,3883
25,3884
-336,3885
-398,3886
-308,3887
24,3888
-5,3889
-3,3890
24,3891
-436,3892
22,3893
-151,3894
-200,3895
-497,3896
-332,3897
8,3898
20,3899
-79,3900
-384,3901
25,3902
-303,3903
-54,3904
-341,3905
25,3906
-330,3907
12,3908
-4,3909
25,3910
-324,3911
-11,3912
-302,3913
20,3914
-70,3915
11,3916
-395,3917
25,3918
12,3919
-74,3920
21,3921
9,3922
-200,3923
24,3924
-461,3925
20,3926
-326,3927
-25,3928
-304,3929
-351,3930
-342,3931
3,3932
-302,3933
20,3934
2,3935
-73,3936
-334,3937
-27,3938
-30,3939
-59,3940
-420,3941
-363,3942
-2,3943
-26,3944
-301,3945
-369,3946
-301,3947
-200,3948
-374,3949
22,3950
-200,3951
-380,3952
-326,3953
-320,3954
-303,3955
-396,3956
-68,3957
14,3958
18,3959
-455,3960
14,3961
23,3962
-356,3963
-319,3964
-400,3965
-447,3966
-316,3967
25,3968
16,3969
-15,3970
12,3971
-13,3972
25,3973
10,3974
24,3975
-433,3976
9,3977
-23,3978
25,3979
18,3980
-22,3981
-329,3982
-355,3983
-351,3984
24,3985
11,3986
-328,3987
22,3988
24,3989
18,3990
5,3991
-320,3992
-7,3993
-2,3994
19,3995
-306,3996
-104,3997
23,3998
-328,3999
25,4000
-332,4001
-22,4002
-423,4003
-300,4004
-394,4005
-385,4006
-313,4007
-314,4008
-75,4009
14,4010
25,4011
-309,4012
21,4013
-200,4014
-41,4015
-106,4016
-333,4017
-349,4018
25,4019
-310,4020
-340,4021
-308,4022
-366,4023
-20,4024
-325,4025
-400,4026
-315,4027
-445,4028
-42,4029
24,4030
-300,4031
-300,4032
-368,4033
-406,4034
-10,4035
-317,4036
-300,4037
-10,4038
-301,4039
-305,4040
-319,4041
-313,4042
-317,4043
10,4044
-318,4045
-341,4046
-301,4047
-35,4048
25,4049
-309,4050
13,4051
-309,4052
16,4053
-37,4054
-348,4055
-338,4056
-474,4057
0,4058
-339,4059
-393,4060
-15,4061
-17,4062
25,4063
-342,4064
-357,4065
-386,4066
-30,4067
21,4068
-16,4069
-322,4070
16,4071
-402,4072
-300,4073
9,4074
-55,4075
18,4076
25,4077
-2,4078
-310,4079
-376,4080
-47,4081
-419,4082
-320,4083
8,4084
-46,4085
-325,4086
-304,4087
6,4088
-326,4089
-302,4090
14,4091
2,4092
-344,4093
-65,4094
-411,4095
1,4096
-305,4097
-13,4098
-130,4099
-346,4100
-366,4101
-335,4102
-200,4103
-336,4104
20,4105
-375,4106
-414,4107
-456,4108
20,4109
-315,4110
-316,4111
-8,4112
-353,4113
-67,4114
25,4115
-34,4116
-25,4117
-93,4118
-321,4119
-315,4120
-316,4121
-318,4122
25,4123
-396,4124
-458,4125
21,4126
-308,4127
-63,4128
-335,4129
-339,4130
24,4131
-7,4132
-121,4133
25,4134
8,4135
-54,4136
25,4137
14,4138
-316,4139
-91,4140
12,4141
-39,4142
-301,4143
22,4144
-17,4145
-333,4146
24,4147
10,4148
-314,4149
-53,4150
-131,4151
24,4152
-438,4153
-375,4154
6,4155
25,4156
-316,4157
-308,4158
-333,4159
8,4160
-141,4161
-322,4162
-360,4163
-330,4164
-44,4165
-34,4166
-324,4167
-390,4168
-50,4169
21,4170
-13,4171
-27,4172
-8,4173
-28,4174
-320,4175
-200,4176
-6,4177
-37,4178
-321,4179
-308,4180
-300,4181
-39,4182
-75,4183
-325,4184
22,4185
-324,4186
11,4187
-307,4188
-316,4189
-310,4190
1,4191
-17,4192
-4,4193
-51,4194
19,4195
25,4196
-328,4197
-348,4198
-364,4199
-397,4200
25,4201
-200,4202
-64,4203
18,4204
23,4205
-85,4206
15,4207
-401,4208
20,4209
-441,4210
-86,4211
-364,4212
-69,4213
-45,4214
25,4215
-119,4216
-319,4217
-300,4218
25,4219
-19,4220
-106,4221
-308,4222
-310,4223
-41,4224
15,4225
-68,4226
-314,4227
-304,4228
24,4229
11,4230
-302,4231
-350,4232
-305,4233
19,4234
-427,4235
-2,4236
-305,4237
22,4238
-1,4239
6,4240
-357,4241
1,4242
23,4243
22,4244
-32,4245
19,4246
-93,4247
-379,4248
-82,4249
-363,4250
24,4251
-39,4252
-4,4253
6,4254
-325,4255
-200,4256
-315,4257
-4,4258
25,4259
-302,4260
-473,4261
-332,4262
25,4263
-396,4264
-73,4265
13,4266
7,4267
19,4268
-200,4269
-389,4270
-443,4271
-307,4272
23,4273
-301,4274
-14,4275
25,4276
-347,4277
-433,4278
-301,4279
-316,4280
-313,4281
-309,4282
-431,4283
21,4284
14,4285
-301,4286
-78,4287
-347,4288
25,4289
21,4290
-200,4291
-382,4292
18,4293
15,4294
25,4295
-315,4296
25,4297
-330,4298
23,4299
-8,4300
-362,4301
-363,4302
-52,4303
18,4304
24,4305
2,4306
25,4307
-318,4308
-38,4309
8,4310
13,4311
-317,4312
-327,4313
20,4314
-313,4315
-95,4316
-306,4317
-303,4318
24,4319
-305,4320
-472,4321
-327,4322
-301,4323
22,4324
21,4325
-322,4326
-466,4327
5,4328
3,4329
-333,4330
-385,4331
-98,4332
-314,4333
2,4334
24,4335
-314,4336
-336,4337
25,4338
-304,4339
-339,4340
-371,4341
19,4342
21,4343
-370,4344
9,4345
-67,4346
-5,4347
-29,4348
-312,4349
-10,4350
-304,4351
16,4352
-31,4353
-116,4354
-200,4355
-315,4356
-311,4357
-330,4358
-5,4359
25,4360
-32,4361
-200,4362
-6,4363
18,4364
-300,4365
-478,4366
-309,4367
-355,4368
-18,4369
-56,4370
-15,4371
-343,4372
-53,4373
-354,4374
-376,4375
24,4376
25,4377
-21,4378
-327,4379
-56,4380
-381,4381
25,4382
-24,4383
-99,4384
-318,4385
8,4386
24,4387
-200,4388
-356,4389
-343,4390
11,4391
-392,4392
25,4393
17,4394
22,4395
25,4396
-138,4397
9,4398
-301,4399
-436,4400
-302,4401
-94,4402
-434,4403
-311,4404
-315,4405
-25,4406
-367,4407
-353,4408
-403,4409
-16,4410
-330,4411
-312,4412
23,4413
21,4414
-326,4415
-300,4416
15,4417
-156,4418
-6,4419
-138,4420
-401,4421
-402,4422
-451,4423
-42,4424
22,4425
-6,4426
24,4427
-10,4428
25,4429
-14,4430
24,4431
21,4432
-93,4433
-200,4434
-411,4435
-334,4436
-385,4437
-401,4438
-64,4439
-484,4440
6,4441
-302,4442
25,4443
-91,4444
-20,4445
17,4446
13,4447
-200,4448
12,4449
-200,4450
-432,4451
21,4452
9,4453
-1,4454
19,4455
-377,4456
4,4457
-306,4458
25,4459
-385,4460
11,4461
-480,4462
-138,4463
22,4464
-325,4465
11,4466
4,4467
0,4468
-326,4469
-29,4470
9,4471
-38,4472
13,4473
13,4474
15,4475
11,4476
-29,4477
-313,4478
-394,4479
-305,4480
-33,4481
17,4482
25,4483
-14,4484
6,4485
-307,4486
5,4487
24,4488
-396,4489
-200,4490
-303,4491
-409,4492
21,4493
-11,4494
13,4495
22,4496
-106,4497
24,4498
-303,4499
-301,4500
-306,4501
25,4502
25,4503
-316,4504
-39,4505
-117,4506
1,4507
-346,4508
-104,4509
-386,4510
-75,4511
-341,4512
8,4513
14,4514
-329,4515
-83,4516
-341,4517
-21,4518
-339,4519
6,4520
-82,4521
24,4522
-19,4523
-324,4524
-317,4525
-334,4526
-311,4527
-300,4528
-333,4529
-345,4530
-313,4531
-15,4532
-311,4533
-423,4534
-337,4535
18,4536
25,4537
16,4538
-354,4539
-361,4540
14,4541
-104,4542
19,4543
-383,4544
-354,4545
-24,4546
-112,4547
-78,4548
25,4549
-312,4550
-118,4551
-16,4552
23,4553
-369,4554
-309,4555
-313,4556
-329,4557
-323,4558
-303,4559
-44,4560
-48,4561
6,4562
-45,4563
-17,4564
22,4565
-396,4566
-302,4567
24,4568
-20,4569
-200,4570
-100,4571
6,4572
-324,4573
-369,4574
-303,4575
-308,4576
20,4577
-326,4578
-346,4579
21,4580
-23,4581
-114,4582
-491,4583
-410,4584
-310,4585
20,4586
21,4587
-323,4588
-339,4589
-353,4590
-134,4591
-388,4592
-499,4593
-324,4594
25,4595
9,4596
6,4597
-336,4598
-137,4599
-383,4600
25,4601
-39,4602
-324,4603
24,4604
25,4605
10,4606
24,4607
25,4608
21,4609
-406,4610
-21,4611
-29,4612
-200,4613
15,4614
-359,4615
-302,4616
-200,4617
-317,4618
-23,4619
-301,4620
25,4621
-309,4622
-334,4623
-87,4624
-11,4625
-333,4626
24,4627
-324,4628
-340,4629
23,4630
25,4631
1,4632
-4,4633
25,4634
-10,4635
-420,4636
17,4637
-313,4638
14,4639
18,4640
-314,4641
25,4642
-372,4643
-327,4644
24,4645
20,4646
-4,4647
-8,4648
-15,4649
-303,4650
21,4651
-463,4652
15,4653
-319,4654
-360,4655
21,4656
10,4657
-424,4658
-22,4659
-312,4660
21,4661
20,4662
-403,4663
16,4664
-333,4665
13,4666
-32,4667
-313,4668
17,4669
16,4670
-29,4671
24,4672
-340,4673
-417,4674
-371,4675
-5,4676
-156,4677
-200,4678
-372,4679
-20,4680
-318,4681
-304,4682
25,4683
23,4684
-341,4685
24,4686
18,4687
-309,4688
-13,4689
-328,4690
4,4691
7,4692
-6,4693
8,4694
25,4695
-200,4696
2,4697
19,4698
-149,4699
-308,4700
25,4701
-10,4702
-37,4703
-44,4704
1,4705
-61,4706
-427,4707
-17,4708
11,4709
15,4710
-27,4711
-21,4712
15,4713
-311,4714
24,4715
4,4716
13,4717
13,4718
-38,4719
-326,4720
-50,4721
-354,4722
-355,4723
-309,4724
-13,4725
-491,4726
-413,4727
-392,4728
-85,4729
24,4730
-409,4731
24,4732
11,4733
-370,4734
24,4735
-300,4736
21,4737
-427,4738
-4,4739
3,4740
-312,4741
-65,4742
-200,4743
25,4744
17,4745
-394,4746
21,4747
-323,4748
-27,4749
12,4750
-42,4751
-324,4752
-57,4753
18,4754
-364,4755
-97,4756
4,4757
5,4758
-8,4759
24,4760
17,4761
13,4762
-315,4763
-53,4764
-332,4765
10,4766
-335,4767
-60,4768
24,4769
21,4770
-79,4771
-353,4772
-322,4773
-317,4774
-311,4775
-54,4776
-306,4777
-319,4778
25,4779
-398,4780
-316,4781
16,4782
-11,4783
-29,4784
12,4785
-15,4786
4,4787
-303,4788
-4,4789
-306,4790
-300,4791
-305,4792
5,4793
-305,4794
-200,4795
21,4796
-305,4797
20,4798
-364,4799
-346,4800
24,4801
-303,4802
-480,4803
-12,4804
-347,4805
-325,4806
25,4807
16,4808
-332,4809
25,4810
-11,4811
-44,4812
14,4813
-25,4814
-322,4815
-88,4816
-306,4817
4,4818
9,4819
-326,4820
-302,4821
15,4822
-320,4823
-304,4824
-115,4825
5,4826
-135,4827
-31,4828
-436,4829
18,4830
-325,4831
-423,4832
-304,4833
-309,4834
-331,4835
25,4836
-306,4837
9,4838
-313,4839
24,4840
24,4841
2,4842
3,4843
-305,4844
-415,4845
-352,4846
-28,4847
-318,4848
-333,4849
-67,4850
19,4851
-36,4852
-10,4853
25,4854
-200,4855
0,4856
-325,4857
21,4858
5,4859
-323,4860
25,4861
-332,4862
25,4863
-6,4864
-2,4865
-328,4866
-393,4867
-384,4868
-334,4869
-433,4870
-319,4871
7,4872
-341,4873
1,4874
5,4875
-115,4876
-350,4877
25,4878
-88,4879
-1,4880
-200,4881
24,4882
-15,4883
24,4884
3,4885
-306,4886
-54,4887
-303,4888
23,4889
21,4890
-200,4891
23,4892
-337,4893
21,4894
23,4895
-322,4896
13,4897
-200,4898
-14,4899
-10,4900
-375,4901
-200,4902
-439,4903
-377,4904
-323,4905
17,4906
-4,4907
-358,4908
-303,4909
-399,4910
-374,4911
-302,4912
-200,4913
23,4914
-41,4915
-304,4916
-305,4917
-395,4918
21,4919
-315,4920
9,4921
20,4922
-314,4923
-302,4924
-6,4925
16,4926
22,4927
-1,4928
-17,4929
15,4930
-381,4931
23,4932
25,4933
-371,4934
3,4935
5,4936
20,4937
3,4938
14,4939
-23,4940
-200,4941
-366,4942
-36,4943
-356,4944
25,4945
-89,4946
-89,4947
11,4948
-402,4949
-200,4950
-443,4951
0,4952
-108,4953
-354,4954
15,4955
-309,4956
-301,4957
-85,4958
-103,4959
-305,4960
23,4961
10,4962
-401,4963
18,4964
-404,4965
-58,4966
-35,4967
-395,4968
16,4969
25,4970
-418,4971
-429,4972
17,4973
-25,4974
-312,4975
-11,4976
24,4977
-334,4978
-13,4979
-301,4980
-304,4981
-349,4982
-332,4983
25,4984
-1,4985
-16,4986
-44,4987
25,4988
21,4989
16,4990
-133,4991
-413,4992
-404,4993
-369,4994
-345,4995
-48,4996
25,4997
21,4998
-50,4999
-14,5000
-309,5001
-335,5002
-320,5003
-357,5004
-303,5005
-314,5006
-305,5007
-337,5008
-316,5009
-308,5010
15,5011
-324,5012
-363,5013
-389,5014
-313,5015
-62,5016
-5,5017
-361,5018
-30,5019
-200,5020
-335,5021
23,5022
-312,5023
-200,5024
-354,5025
-9,5026
-322,5027
-440,5028
-338,5029
-398,5030
19,5031
-52,5032
25,5033
13,5034
-345,5035
15,5036
-401,5037
23,5038
-302,5039
24,5040
-50,5041
-461,5042
20,5043
25,5044
21,5045
-403,5046
-300,5047
-348,5048
-442,5049
-339,5050
25,5051
-29,5052
-339,5053
-90,5054
21,5055
25,5056
-396,5057
24,5058
-26,5059
-320,5060
22,5061
-76,5062
2,5063
-304,5064
-398,5065
19,5066
-361,5067
23,5068
1,5069
23,5070
-200,5071
25,5072
10,5073
25,5074
-326,5075
-300,5076
-10,5077
-8,5078
-8,5079
-4,5080
22,5081
-48,5082
25,5083
-17,5084
-140,5085
-20,5086
25,5087
22,5088
-302,5089
-28,5090
-169,5091
18,5092
0,5093
20,5094
-85,5095
-100,5096
-334,5097
13,5098
16,5099
-318,5100
-312,5101
-312,5102
22,5103
24,5104
-372,5105
-370,5106
-321,5107
-340,5108
1,5109
-35,5110
-320,5111
-332,5112
-318,5113
-315,5114
14,5115
-81,5116
-103,5117
20,5118
-346,5119
-200,5120
-308,5121
-330,5122
-13,5123
-376,5124
-106,5125
-18,5126
5,5127
22,5128
-75,5129
-26,5130
22,5131
16,5132
-156,5133
-317,5134
25,5135
-75,5136
-398,5137
-400,5138
-300,5139
23,5140
25,5141
22,5142
-70,5143
-338,5144
-324,5145
-309,5146
25,5147
-473,5148
24,5149
24,5150
-200,5151
-353,5152
25,5153
-10,5154
-4,5155
-300,5156
24,5157
-346,5158
-3,5159
-309,5160
18,5161
25,5162
-317,5163
-143,5164
-398,5165
-49,5166
-42,5167
-397,5168
-134,5169
-356,5170
-301,5171
17,5172
8,5173
-67,5174
-137,5175
-46,5176
-327,5177
-347,5178
22,5179
-354,5180
-27,5181
1,5182
21,5183
-459,5184
18,5185
-317,5186
-38,5187
-3,5188
9,5189
12,5190
24,5191
-376,5192
-478,5193
-10,5194
-436,5195
-335,5196
15,5197
18,5198
-20,5199
-15,5200
-142,5201
-306,5202
-491,5203
25,5204
-371,5205
-380,5206
-307,5207
-22,5208
7,5209
-67,5210
-5,5211
23,5212
-111,5213
-484,5214
-309,5215
-200,5216
3,5217
-319,5218
7,5219
-376,5220
-39,5221
-1,5222
25,5223
-405,5224
24,5225
-350,5226
22,5227
7,5228
0,5229
-316,5230
22,5231
-390,5232
-56,5233
-13,5234
12,5235
16,5236
-419,5237
-29,5238
-305,5239
-346,5240
-12,5241
20,5242
-478,5243
13,5244
-66,5245
25,5246
-300,5247
-138,5248
15,5249
-337,5250
-413,5251
-60,5252
-355,5253
-309,5254
24,5255
-7,5256
-3,5257
-312,5258
23,5259
9,5260
-300,5261
-302,5262
13,5263
18,5264
-8,5265
-48,5266
14,5267
-69,5268
-3,5269
-321,5270
16,5271
-463,5272
-344,5273
18,5274
-327,5275
18,5276
-315,5277
12,5278
-60,5279
-304,5280
25,5281
-419,5282
19,5283
19,5284
19,5285
-5,5286
11,5287
-200,5288
-10,5289
-11,5290
-303,5291
-3,5292
-368,5293
-92,5294
-333,5295
16,5296
-327,5297
-303,5298
-316,5299
-64,5300
-10,5301
-459,5302
21,5303
-393,5304
-430,5305
-34,5306
-56,5307
-9,5308
-362,5309
-81,5310
-60,5311
-311,5312
-307,5313
25,5314
24,5315
23,5316
-301,5317
-383,5318
-304,5319
5,5320
24,5321
-417,5322
20,5323
25,5324
-344,5325
25,5326
-403,5327
-304,5328
-304,5329
-470,5330
-303,5331
22,5332
-345,5333
-154,5334
-378,5335
18,5336
-312,5337
25,5338
-330,5339
25,5340
-137,5341
25,5342
2,5343
15,5344
-382,5345
-431,5346
-327,5347
0,5348
-1,5349
-32,5350
-84,5351
-21,5352
23,5353
25,5354
12,5355
-334,5356
-14,5357
24,5358
7,5359
-8,5360
18,5361
-1,5362
-200,5363
-10,5364
-346,5365
-14,5366
23,5367
-300,5368
-18,5369
-335,5370
-378,5371
23,5372
-154,5373
-380,5374
-359,5375
-365,5376
10,5377
24,5378
20,5379
-3,5380
21,5381
0,5382
-368,5383
-200,5384
-355,5385
1,5386
-28,5387
25,5388
25,5389
5,5390
-321,5391
-449,5392
25,5393
-200,5394
-5,5395
-6,5396
8,5397
9,5398
25,5399
-369,5400
-377,5401
25,5402
-309,5403
-327,5404
-24,5405
-469,5406
-351,5407
23,5408
-318,5409
-341,5410
18,5411
-433,5412
-200,5413
1,5414
24,5415
-362,5416
25,5417
24,5418
-340,5419
-81,5420
-303,5421
-341,5422
23,5423
-327,5424
22,5425
0,5426
-200,5427
16,5428
-14,5429
-303,5430
-86,5431
25,5432
-6,5433
25,5434
-27,5435
25,5436
-16,5437
11,5438
-79,5439
24,5440
-467,5441
22,5442
25,5443
6,5444
-447,5445
0,5446
-325,5447
-4,5448
15,5449
-46,5450
24,5451
-384,5452
-9,5453
-344,5454
-64,5455
-323,5456
10,5457
14,5458
-332,5459
20,5460
-303,5461
22,5462
24,5463
-315,5464
-304,5465
-338,5466
11,5467
-60,5468
-18,5469
24,5470
-1,5471
-304,5472
-356,5473
17,5474
-14,5475
-44,5476
25,5477
23,5478
0,5479
13,5480
-456,5481
-347,5482
1,5483
-303,5484
3,5485
-58,5486
-304,5487
-308,5488
-375,5489
-300,5490
-311,5491
-381,5492
-300,5493
-366,5494
-63,5495
22,5496
-305,5497
-53,5498
24,5499
-334,5500
25,5501
25,5502
18,5503
-338,5504
-470,5505
-20,5506
-338,5507
-324,5508
1,5509
25,5510
-300,5511
-154,5512
-429,5513
11,5514
-59,5515
-42,5516
25,5517
23,5518
-350,5519
-300,5520
25,5521
-57,5522
5,5523
-464,5524
18,5525
22,5526
-334,5527
-16,5528
20,5529
5,5530
-424,5531
-317,5532
5,5533
6,5534
25,5535
-300,5536
24,5537
25,5538
-370,5539
-328,5540
25,5541
16,5542
22,5543
-352,5544
-3,5545
-200,5546
6,5547
-54,5548
18,5549
-350,5550
11,5551
-369,5552
-7,5553
25,5554
17,5555
25,5556
-342,5557
13,5558
-351,5559
-399,5560
24,5561
-323,5562
22,5563
13,5564
-200,5565
-200,5566
-71,5567
-310,5568
14,5569
-343,5570
-323,5571
-305,5572
-348,5573
15,5574
16,5575
24,5576
-414,5577
-320,5578
-20,5579
16,5580
-312,5581
-340,5582
-29,5583
-18,5584
-13,5585
-300,5586
-134,5587
-374,5588
-103,5589
-65,5590
-302,5591
-318,5592
-9,5593
-3,5594
21,5595
25,5596
-60,5597
-1,5598
-311,5599
25,5600
-55,5601
8,5602
-349,5603
-18,5604
-305,5605
-16,5606
-315,5607
-350,5608
-306,5609
-322,5610
-15,5611
21,5612
25,5613
-17,5614
-330,5615
-330,5616
22,5617
12,5618
10,5619
-200,5620
25,5621
-327,5622
-307,5623
-61,5624
-383,5625
-329,5626
-315,5627
-33,5628
15,5629
5,5630
24,5631
-22,5632
-81,5633
-310,5634
-300,5635
8,5636
-200,5637
23,5638
-200,5639
-408,5640
-399,5641
-397,5642
4,5643
-50,5644
-8,5645
25,5646
-399,5647
22,5648
-301,5649
-322,5650
-2,5651
-91,5652
23,5653
-200,5654
-313,5655
-390,5656
-426,5657
-74,5658
-27,5659
-301,5660
-62,5661
25,5662
-33,5663
-49,5664
-6,5665
-82,5666
-5,5667
-13,5668
24,5669
5,5670
18,5671
24,5672
-361,5673
-309,5674
2,5675
-10,5676
-200,5677
-401,5678
-353,5679
-340,5680
25,5681
18,5682
-78,5683
-307,5684
25,5685
-301,5686
16,5687
-312,5688
25,5689
2,5690
-8,5691
-84,5692
-322,5693
18,5694
22,5695
-420,5696
-313,5697
-48,5698
-325,5699
-387,5700
17,5701
16,5702
-3,5703
-10,5704
-200,5705
-15,5706
24,5707
-426,5708
-471,5709
11,5710
25,5711
-363,5712
-302,5713
-332,5714
-303,5715
-333,5716
-322,5717
-329,5718
-327,5719
-372,5720
-414,5721
-3,5722
-70,5723
-93,5724
22,5725
11,5726
18,5727
-33,5728
6,5729
25,5730
-67,5731
-300,5732
-305,5733
-326,5734
4,5735
24,5736
-40,5737
12,5738
-332,5739
-326,5740
-414,5741
14,5742
16,5743
-372,5744
13,5745
5,5746
18,5747
-398,5748
-200,5749
-445,5750
-306,5751
-341,5752
-321,5753
9,5754
7,5755
-2,5756
-305,5757
-302,5758
-318,5759
24,5760
6,5761
15,5762
-97,5763
24,5764
-20,5765
-327,5766
-319,5767
-389,5768
-31,5769
2,5770
-100,5771
20,5772
25,5773
-200,5774
22,5775
25,5776
-357,5777
-318,5778
-304,5779
-49,5780
-310,5781
-1,5782
-1,5783
19,5784
-343,5785
-323,5786
23,5787
-21,5788
-37,5789
9,5790
-64,5791
-387,5792
-115,5793
-316,5794
-1,5795
-414,5796
-13,5797
-336,5798
-10,5799
21,5800
-324,5801
-331,5802
-355,5803
-302,5804
-24,5805
4,5806
-200,5807
-302,5808
-5,5809
-39,5810
-5,5811
-31,5812
-327,5813
16,5814
-25,5815
-200,5816
19,5817
-380,5818
23,5819
23,5820
-13,5821
-14,5822
-320,5823
24,5824
10,5825
-306,5826
24,5827
-444,5828
-321,5829
-305,5830
-62,5831
-409,5832
-300,5833
16,5834
-80,5835
-398,5836
-301,5837
-303,5838
11,5839
-374,5840
-29,5841
13,5842
-327,5843
25,5844
-14,5845
-200,5846
-335,5847
2,5848
-2,5849
-200,5850
-499,5851
-304,5852
13,5853
-14,5854
-23,5855
24,5856
-2,5857
-482,5858
-29,5859
23,5860
24,5861
23,5862
12,5863
-321,5864
-333,5865
7,5866
-451,5867
-125,5868
-8,5869
-339,5870
-304,5871
-328,5872
-349,5873
-2,5874
-23,5875
-347,5876
-305,5877
-31,5878
-86,5879
19,5880
-39,5881
20,5882
22,5883
-313,5884
-76,5885
-391,5886
-403,5887
-355,5888
25,5889
-315,5890
-381,5891
-39,5892
22,5893
-94,5894
20,5895
-300,5896
-140,5897
25,5898
-384,5899
-16,5900
-21,5901
-311,5902
-58,5903
-381,5904
-338,5905
-347,5906
-26,5907
-24,5908
-111,5909
-365,5910
-301,5911
-100,5912
-12,5913
25,5914
24,5915
-456,5916
6,5917
-2,5918
-322,5919
-341,5920
-427,5921
-46,5922
-426,5923
22,5924
-15,5925
25,5926
-1,5927
-346,5928
-395,5929
-151,5930
-60,5931
-33,5932
-14,5933
11,5934
13,5935
-331,5936
-318,5937
23,5938
-304,5939
-300,5940
-412,5941
4,5942
-300,5943
-300,5944
24,5945
-402,5946
13,5947
-53,5948
20,5949
-300,5950
-320,5951
-104,5952
-352,5953
-336,5954
-300,5955
-80,5956
-307,5957
-31,5958
-161,5959
21,5960
-373,5961
-360,5962
5,5963
13,5964
-200,5965
-124,5966
-1,5967
-28,5968
-359,5969
-321,5970
-345,5971
12,5972
-310,5973
18,5974
-383,5975
-303,5976
3,5977
-5,5978
-470,5979
25,5980
-49,5981
16,5982
-440,5983
14,5984
-321,5985
-331,5986
25,5987
23,5988
-355,5989
-12,5990
-303,5991
-391,5992
10,5993
-358,5994
20,5995
25,5996
-325,5997
-318,5998
-316,5999
-344,6000
-307,6001
24,6002
19,6003
16,6004
-30,6005
25,6006
-364,6007
23,6008
-362,6009
-8,6010
-402,6011
-445,6012
-62,6013
-329,6014
1,6015
-66,6016
-46,6017
19,6018
-326,6019
-13,6020
18,6021
25,6022
1,6023
5,6024
25,6025
-416,6026
-410,6027
12,6028
-386,6029
20,6030
25,6031
25,6032
-3,6033
25,6034
-122,6035
25,6036
-401,6037
-10,6038
-120,6039
-200,6040
13,6041
3,6042
24,6043
-302,6044
-17,6045
12,6046
24,6047
25,6048
-372,6049
25,6050
-200,6051
-69,6052
-200,6053
24,6054
10,6055
17,6056
-200,6057
-370,6058
25,6059
-382,6060
-8,6061
0,6062
24,6063
18,6064
4,6065
-144,6066
-323,6067
21,6068
21,6069
17,6070
-200,6071
-306,6072
12,6073
-200,6074
-41,6075
-310,6076
8,6077
-24,6078
21,6079
25,6080
-404,6081
-300,6082
-200,6083
16,6084
-431,6085
-453,6086
22,6087
-333,6088
-2,6089
-331,6090
25,6091
-28,6092
-9,6093
19,6094
-11,6095
3,6096
-47,6097
22,6098
9,6099
-365,6100
23,6101
25,6102
24,6103
-434,6104
-308,6105
-319,6106
23,6107
-303,6108
6,6109
-339,6110
-142,6111
-1,6112
-24,6113
-53,6114
-79,6115
-330,6116
-338,6117
24,6118
25,6119
-306,6120
-6,6121
-310,6122
16,6123
24,6124
-12,6125
25,6126
-68,6127
-332,6128
-123,6129
25,6130
-332,6131
-56,6132
-55,6133
-366,6134
20,6135
-77,6136
-58,6137
-112,6138
20,6139
-16,6140
-344,6141
2,6142
-45,6143
-337,6144
-97,6145
-7,6146
-312,6147
21,6148
2,6149
15,6150
-34,6151
10,6152
7,6153
21,6154
-321,6155
22,6156
-300,6157
-326,6158
14,6159
3,6160
-326,6161
-308,6162
-307,6163
-16,6164
-301,6165
-421,6166
19,6167
-384,6168
-353,6169
-375,6170
-21,6171
-14,6172
14,6173
24,6174
25,6175
-310,6176
-347,6177
7,6178
-349,6179
19,6180
-134,6181
9,6182
-368,6183
-320,6184
-316,6185
-51,6186
24,6187
5,6188
23,6189
-301,6190
14,6191
-314,6192
14,6193
-24,6194
17,6195
-315,6196
-424,6197
-59,6198
15,6199
9,6200
-378,6201
-333,6202
25,6203
-64,6204
-455,6205
-90,6206
-302,6207
-6,6208
20,6209
-17,6210
-311,6211
-306,6212
-313,6213
24,6214
19,6215
-466,6216
24,6217
-60,6218
25,6219
-39,6220
-372,6221
24,6222
-323,6223
-329,6224
16,6225
18,6226
19,6227
-200,6228
17,6229
-200,6230
-60,6231
-347,6232
-311,6233
-420,6234
-81,6235
-387,6236
13,6237
-200,6238
20,6239
-45,6240
-14,6241
-305,6242
-349,6243
-349,6244
11,6245
-317,6246
14,6247
-300,6248
16,6249
-343,6250
-20,6251
-423,6252
24,6253
12,6254
-360,6255
-308,6256
-7,6257
-412,6258
-397,6259
-52,6260
-333,6261
-2,6262
16,6263
-55,6264
-3,6265
25,6266
-21,6267
-315,6268
25,6269
24,6270
25,6271
-27,6272
-302,6273
1,6274
13,6275
24,6276
2,6277
-374,6278
-412,6279
12,6280
-426,6281
-312,6282
18,6283
-313,6284
1,6285
-36,6286
22,6287
-9,6288
-379,6289
20,6290
-309,6291
-331,6292
-329,6293
-320,6294
-393,6295
-432,6296
-51,6297
-65,6298
-69,6299
-333,6300
-300,6301
-72,6302
16,6303
-1,6304
-10,6305
-22,6306
-355,6307
25,6308
-441,6309
-36,6310
-334,6311
-302,6312
-317,6313
25,6314
10,6315
-314,6316
-16,6317
25,6318
21,6319
-167,6320
-8,6321
-25,6322
21,6323
-339,6324
-46,6325
-308,6326
-464,6327
-313,6328
16,6329
23,6330
-23,6331
-79,6332
21,6333
-14,6334
18,6335
-50,6336
-39,6337
-327,6338
0,6339
-200,6340
-393,6341
-302,6342
8,6343
19,6344
25,6345
25,6346
-411,6347
-200,6348
-60,6349
-310,6350
24,6351
-30,6352
-323,6353
-304,6354
10,6355
22,6356
22,6357
-314,6358
18,6359
-371,6360
-379,6361
-374,6362
-396,6363
24,6364
-18,6365
22,6366
-200,6367
-78,6368
-318,6369
-128,6370
-344,6371
14,6372
-462,6373
-313,6374
-301,6375
-300,6376
-437,6377
-3,6378
-431,6379
24,6380
-370,6381
-348,6382
20,6383
-335,6384
24,6385
25,6386
10,6387
15,6388
18,6389
7,6390
22,6391
14,6392
-3,6393
-10,6394
-44,6395
-200,6396
-200,6397
14,6398
15,6399
-332,6400
17,6401
-3,6402
25,6403
11,6404
-168,6405
-493,6406
-423,6407
-347,6408
-362,6409
-328,6410
-11,6411
-35,6412
20,6413
-200,6414
-96,6415
-352,6416
-320,6417
-19,6418
-369,6419
13,6420
-348,6421
-305,6422
2,6423
-88,6424
10,6425
-46,6426
-341,6427
-146,6428
-337,6429
7,6430
-385,6431
14,6432
-83,6433
18,6434
-353,6435
23,6436
-3,6437
22,6438
-367,6439
-133,6440
-11,6441
-200,6442
20,6443
-311,6444
-20,6445
23,6446
23,6447
-397,6448
-309,6449
25,6450
24,6451
24,6452
-329,6453
-17,6454
-3,6455
24,6456
-37,6457
-200,6458
25,6459
6,6460
-300,6461
-329,6462
-313,6463
-415,6464
-200,6465
6,6466
-200,6467
-10,6468
25,6469
-326,6470
-311,6471
-323,6472
24,6473
-10,6474
-439,6475
8,6476
-38,6477
-18,6478
-467,6479
-373,6480
-322,6481
6,6482
25,6483
-15,6484
-14,6485
24,6486
-331,6487
21,6488
2,6489
-397,6490
9,6491
25,6492
-54,6493
8,6494
-303,6495
-86,6496
-301,6497
-81,6498
-439,6499
-364,6500
-27,6501
-343,6502
-74,6503
25,6504
-303,6505
-344,6506
15,6507
-306,6508
0,6509
-200,6510
24,6511
-4,6512
15,6513
-119,6514
11,6515
-5,6516
21,6517
22,6518
-396,6519
25,6520
-54,6521
25,6522
-9,6523
-129,6524
19,6525
19,6526
-346,6527
-342,6528
-468,6529
-7,6530
-440,6531
-342,6532
-32,6533
-97,6534
-479,6535
25,6536
-413,6537
-12,6538
-312,6539
-13,6540
-13,6541
25,6542
8,6543
-490,6544
20,6545
23,6546
22,6547
-334,6548
-3,6549
-369,6550
-457,6551
-369,6552
-3,6553
-344,6554
-362,6555
-75,6556
14,6557
-200,6558
-41,6559
-382,6560
-353,6561
18,6562
-24,6563
-406,6564
8,6565
-333,6566
-372,6567
20,6568
23,6569
-329,6570
-318,6571
25,6572
-304,6573
7,6574
24,6575
-306,6576
18,6577
-314,6578
-458,6579
-315,6580
21,6581
-310,6582
-363,6583
-43,6584
21,6585
-304,6586
-200,6587
-304,6588
-496,6589
24,6590
21,6591
7,6592
11,6593
25,6594
25,6595
-26,6596
23,6597
21,6598
-341,6599
-24,6600
-15,6601
-75,6602
21,6603
-128,6604
8,6605
-353,6606
11,6607
21,6608
25,6609
-365,6610
22,6611
-1,6612
-300,6613
-422,6614
22,6615
6,6616
-302,6617
-17,6618
-75,6619
-315,6620
-119,6621
-49,6622
-47,6623
-11,6624
-301,6625
-35,6626
-30,6627
19,6628
-6,6629
-28,6630
25,6631
-41,6632
-458,6633
-12,6634
22,6635
-301,6636
-307,6637
-300,6638
3,6639
-337,6640
-161,6641
-58,6642
-200,6643
7,6644
-356,6645
21,6646
-48,6647
-99,6648
-305,6649
-35,6650
25,6651
20,6652
-402,6653
-457,6654
12,6655
-49,6656
18,6657
15,6658
23,6659
23,6660
24,6661
5,6662
25,6663
-362,6664
-62,6665
-34,6666
22,6667
13,6668
-345,6669
23,6670
-48,6671
-349,6672
-309,6673
25,6674
18,6675
-14,6676
5,6677
-8,6678
15,6679
-327,6680
18,6681
-200,6682
-13,6683
-368,6684
24,6685
25,6686
-309,6687
-4,6688
9,6689
16,6690
-200,6691
-110,6692
25,6693
-36,6694
-342,6695
20,6696
-30,6697
24,6698
-35,6699
-303,6700
16,6701
23,6702
17,6703
15,6704
-46,6705
11,6706
-325,6707
-380,6708
-303,6709
-92,6710
-2,6711
25,6712
14,6713
-14,6714
-14,6715
-328,6716
-361,6717
-20,6718
-3,6719
-112,6720
-200,6721
12,6722
25,6723
-377,6724
4,6725
25,6726
-200,6727
-87,6728
-77,6729
-94,6730
-477,6731
-35,6732
2,6733
-341,6734
-367,6735
-348,6736
25,6737
22,6738
-37,6739
-424,6740
-33,6741
-461,6742
-322,6743
24,6744
-200,6745
-304,6746
-68,6747
18,6748
6,6749
-323,6750
-301,6751
8,6752
-325,6753
-361,6754
-417,6755
-400,6756
-302,6757
-303,6758
-315,6759
-309,6760
17,6761
-110,6762
17,6763
-325,6764
-163,6765
-103,6766
8,6767
-200,6768
22,6769
-329,6770
-156,6771
17,6772
-331,6773
-20,6774
-328,6775
-325,6776
-302,6777
-25,6778
20,6779
-17,6780
-434,6781
-324,6782
21,6783
-416,6784
-1,6785
3,6786
-17,6787
18,6788
21,6789
-341,6790
-3,6791
-12,6792
21,6793
-304,6794
-10,6795
6,6796
-53,6797
-364,6798
-39,6799
-31,6800
23,6801
-6,6802
25,6803
-34,6804
-308,6805
25,6806
23,6807
21,6808
-56,6809
-38,6810
15,6811
-340,6812
19,6813
-382,6814
-30,6815
6,6816
-323,6817
19,6818
25,6819
23,6820
-45,6821
-400,6822
-26,6823
18,6824
-59,6825
-427,6826
-73,6827
-14,6828
22,6829
-39,6830
17,6831
-9,6832
-324,6833
-109,6834
22,6835
-382,6836
8,6837
5,6838
5,6839
-302,6840
23,6841
-5,6842
22,6843
-301,6844
-123,6845
-55,6846
-4,6847
21,6848
25,6849
-401,6850
-368,6851
24,6852
20,6853
-26,6854
-23,6855
25,6856
-348,6857
24,6858
0,6859
-200,6860
-418,6861
-26,6862
-304,6863
21,6864
-90,6865
-366,6866
-343,6867
23,6868
-200,6869
-31,6870
13,6871
-480,6872
-379,6873
3,6874
-3,6875
25,6876
3,6877
-352,6878
-355,6879
25,6880
-320,6881
-69,6882
3,6883
-323,6884
15,6885
-15,6886
-25,6887
23,6888
-5,6889
-320,6890
-354,6891
14,6892
-312,6893
11,6894
-15,6895
-108,6896
-427,6897
-114,6898
-302,6899
-110,6900
-313,6901
-75,6902
22,6903
-200,6904
-30,6905
-335,6906
17,6907
-377,6908
10,6909
-32,6910
-335,6911
-320,6912
-303,6913
-325,6914
-341,6915
-6,6916
2,6917
-353,6918
21,6919
-308,6920
-26,6921
-2,6922
-398,6923
-13,6924
-354,6925
-355,6926
-120,6927
-131,6928
25,6929
-301,6930
24,6931
-29,6932
-92,6933
-170,6934
-389,6935
25,6936
-380,6937
-340,6938
2,6939
-14,6940
-18,6941
-336,6942
8,6943
-403,6944
-363,6945
24,6946
-6,6947
25,6948
19,6949
-46,6950
-32,6951
22,6952
10,6953
24,6954
-366,6955
-1,6956
-103,6957
-322,6958
-337,6959
24,6960
18,6961
-70,6962
-387,6963
24,6964
19,6965
-31,6966
-33,6967
11,6968
23,6969
-30,6970
2,6971
-64,6972
-125,6973
-83,6974
-442,6975
-11,6976
16,6977
-36,6978
-27,6979
-67,6980
25,6981
-321,6982
-82,6983
7,6984
11,6985
-319,6986
25,6987
-21,6988
-200,6989
11,6990
-4,6991
-38,6992
-32,6993
-371,6994
-366,6995
23,6996
-378,6997
-309,6998
-372,6999
5,7000
-498,7001
-44,7002
17,7003
-104,7004
-343,7005
8,7006
-340,7007
-60,7008
20,7009
9,7010
20,7011
-432,7012
-322,7013
-306,7014
-200,7015
-301,7016
-111,7017
-26,7018
-306,7019
-200,7020
17,7021
-47,7022
-387,7023
-395,7024
-67,7025
24,7026
-371,7027
24,7028
-25,7029
-337,7030
-321,7031
-321,7032
-38,7033
-200,7034
-8,7035
9,7036
-356,7037
-304,7038
-303,7039
-50,7040
21,7041
-314,7042
-22,7043
-497,7044
6,7045
17,7046
-334,7047
14,7048
0,7049
14,7050
16,7051
18,7052
4,7053
-339,7054
-454,7055
20,7056
24,7057
-474,7058
-314,7059
-303,7060
23,7061
25,7062
25,7063
-48,7064
-326,7065
-416,7066
-102,7067
-430,7068
20,7069
-403,7070
-5,7071
-29,7072
-305,7073
18,7074
-312,7075
24,7076
12,7077
-418,7078
-424,7079
25,7080
18,7081
-9,7082
-104,7083
1,7084
-138,7085
-313,7086
-33,7087
-8,7088
23,7089
-343,7090
-376,7091
5,7092
-200,7093
25,7094
4,7095
-35,7096
-373,7097
11,7098
4,7099
-333,7100
-35,7101
25,7102
-132,7103
-319,7104
-301,7105
-319,7106
-56,7107
-13,7108
19,7109
-7,7110
-317,7111
-12,7112
22,7113
-320,7114
-302,7115
-300,7116
-306,7117
6,7118
24,7119
15,7120
-1,7121
25,7122
-78,7123
-368,7124
25,7125
-200,7126
-31,7127
-330,7128
-478,7129
-399,7130
11,7131
-326,7132
-418,7133
7,7134
-443,7135
-325,7136
17,7137
24,7138
-347,7139
-305,7140
22,7141
-28,7142
-92,7143
24,7144
2,7145
-44,7146
15,7147
18,7148
-340,7149
-200,7150
-314,7151
-300,7152
13,7153
25,7154
-333,7155
24,7156
-392,7157
-306,7158
-50,7159
2,7160
-105,7161
-338,7162
-6,7163
-40,7164
13,7165
-14,7166
23,7167
-390,7168
-37,7169
24,7170
-360,7171
-60,7172
-382,7173
-314,7174
-10,7175
25,7176
15,7177
17,7178
-8,7179
13,7180
17,7181
-360,7182
-313,7183
10,7184
24,7185
-379,7186
-365,7187
-300,7188
2,7189
-335,7190
25,7191
-303,7192
24,7193
21,7194
16,7195
25,7196
18,7197
-302,7198
-1,7199
-476,7200
-200,7201
-8,7202
19,7203
24,7204
-118,7205
25,7206
-306,7207
14,7208
14,7209
-305,7210
-420,7211
-85,7212
24,7213
-317,7214
23,7215
-339,7216
5,7217
10,7218
-19,7219
-34,7220
-89,7221
25,7222
-17,7223
-331,7224
10,7225
-49,7226
25,7227
-328,7228
23,7229
-173,7230
13,7231
6,7232
25,7233
-498,7234
-326,7235
-389,7236
25,7237
-24,7238
20,7239
-92,7240
23,7241
-459,7242
-2,7243
-107,7244
9,7245
22,7246
-330,7247
19,7248
-99,7249
25,7250
-17,7251
-301,7252
-49,7253
-25,7254
-364,7255
-483,7256
-146,7257
23,7258
-308,7259
-200,7260
-27,7261
0,7262
-142,7263
-2,7264
17,7265
25,7266
20,7267
-305,7268
23,7269
-17,7270
-44,7271
-12,7272
25,7273
-307,7274
-360,7275
12,7276
25,7277
-457,7278
-361,7279
25,7280
5,7281
-9,7282
25,7283
-19,7284
-35,7285
13,7286
-10,7287
-329,7288
19,7289
-407,7290
20,7291
-3,7292
-395,7293
25,7294
25,7295
-98,7296
23,7297
-317,7298
-60,7299
17,7300
-36,7301
25,7302
-46,7303
-90,7304
-10,7305
-301,7306
-358,7307
-304,7308
6,7309
-2,7310
-113,7311
13,7312
-326,7313
25,7314
-56,7315
9,7316
-96,7317
0,7318
-364,7319
-2,7320
-344,7321
-73,7322
6,7323
19,7324
-5,7325
-35,7326
-85,7327
-375,7328
25,7329
25,7330
25,7331
-429,7332
-320,7333
20,7334
16,7335
-9,7336
25,7337
-305,7338
-334,7339
-300,7340
-48,7341
23,7342
15,7343
-354,7344
19,7345
-30,7346
25,7347
0,7348
-112,7349
-331,7350
23,7351
-42,7352
12,7353
-312,7354
25,7355
-13,7356
23,7357
-307,7358
-28,7359
-303,7360
9,7361
20,7362
-200,7363
-359,7364
-312,7365
23,7366
-431,7367
-304,7368
5,7369
-378,7370
-401,7371
25,7372
4,7373
-56,7374
8,7375
-138,7376
-444,7377
19,7378
23,7379
-92,7380
-41,7381
16,7382
16,7383
-13,7384
-336,7385
-200,7386
7,7387
10,7388
23,7389
20,7390
23,7391
-2,7392
-146,7393
-305,7394
-357,7395
-392,7396
24,7397
-20,7398
-319,7399
-8,7400
24,7401
-379,7402
-26,7403
-438,7404
-300,7405
21,7406
21,7407
-305,7408
-12,7409
-364,7410
-57,7411
-14,7412
-27,7413
-381,7414
-29,7415
13,7416
13,7417
20,7418
-304,7419
24,7420
24,7421
-310,7422
25,7423
-396,7424
-16,7425
-161,7426
-309,7427
10,7428
23,7429
8,7430
14,7431
8,7432
-7,7433
23,7434
-11,7435
-200,7436
-73,7437
22,7438
-370,7439
-72,7440
7,7441
-363,7442
-25,7443
24,7444
12,7445
24,7446
25,7447
25,7448
-310,7449
12,7450
-358,7451
-343,7452
-159,7453
-62,7454
18,7455
23,7456
-314,7457
-361,7458
25,7459
19,7460
15,7461
-200,7462
20,7463
-311,7464
-317,7465
13,7466
-442,7467
15,7468
17,7469
-323,7470
-23,7471
-313,7472
-412,7473
-307,7474
17,7475
18,7476
-305,7477
-304,7478
24,7479
-405,7480
7,7481
-147,7482
-340,7483
24,7484
-333,7485
-300,7486
-373,7487
-76,7488
10,7489
-408,7490
12,7491
-44,7492
-12,7493
-369,7494
-320,7495
24,7496
-327,7497
-135,7498
18,7499
-346,7500
-5,7501
25,7502
-14,7503
-12,7504
-5,7505
3,7506
-316,7507
3,7508
20,7509
-329,7510
-74,7511
10,7512
-7,7513
-327,7514
-344,7515
9,7516
24,7517
-33,7518
-304,7519
1,7520
-393,7521
-466,7522
9,7523
-4,7524
-200,7525
20,7526
-72,7527
16,7528
17,7529
14,7530
6,7531
21,7532
-24,7533
-90,7534
15,7535
12,7536
-315,7537
-14,7538
-359,7539
-348,7540
16,7541
21,7542
-13,7543
-317,7544
-377,7545
-302,7546
-424,7547
-330,7548
-10,7549
13,7550
-200,7551
-52,7552
25,7553
23,7554
-3,7555
-38,7556
-353,7557
-15,7558
-303,7559
25,7560
-373,7561
-98,7562
-330,7563
-341,7564
-302,7565
-341,7566
18,7567
25,7568
-302,7569
-405,7570
-474,7571
24,7572
-33,7573
-308,7574
-499,7575
25,7576
10,7577
-300,7578
-52,7579
-309,7580
-99,7581
17,7582
14,7583
10,7584
-362,7585
-320,7586
15,7587
-6,7588
-300,7589
-11,7590
-493,7591
20,7592
17,7593
16,7594
-25,7595
-305,7596
19,7597
24,7598
-12,7599
23,7600
14,7601
-387,7602
8,7603
-18,7604
-51,7605
16,7606
-110,7607
16,7608
-51,7609
-57,7610
-11,7611
-378,7612
-37,7613
25,7614
25,7615
25,7616
-15,7617
20,7618
-304,7619
25,7620
19,7621
22,7622
-371,7623
-314,7624
-300,7625
8,7626
25,7627
20,7628
-62,7629
-304,7630
-305,7631
-333,7632
13,7633
-324,7634
-5,7635
18,7636
-322,7637
-300,7638
25,7639
-311,7640
-35,7641
-134,7642
-378,7643
-200,7644
13,7645
-301,7646
-340,7647
19,7648
-200,7649
-344,7650
25,7651
14,7652
-306,7653
5,7654
-384,7655
24,7656
15,7657
-12,7658
-307,7659
19,7660
17,7661
19,7662
-386,7663
-300,7664
-385,7665
25,7666
20,7667
-383,7668
-200,7669
3,7670
-71,7671
20,7672
25,7673
-200,7674
-13,7675
20,7676
2,7677
-20,7678
-308,7679
-14,7680
-23,7681
-300,7682
6,7683
-396,7684
-18,7685
-354,7686
-28,7687
12,7688
18,7689
-326,7690
22,7691
-302,7692
-398,7693
7,7694
-395,7695
-26,7696
-407,7697
21,7698
-101,7699
-399,7700
-351,7701
2,7702
25,7703
-325,7704
-11,7705
-200,7706
25,7707
-427,7708
-300,7709
25,7710
-319,7711
21,7712
-332,7713
22,7714
10,7715
-341,7716
15,7717
-20,7718
-402,7719
13,7720
-4,7721
-336,7722
-106,7723
25,7724
19,7725
23,7726
-342,7727
-5,7728
24,7729
-56,7730
-303,7731
24,7732
25,7733
-69,7734
25,7735
19,7736
-3,7737
5,7738
-377,7739
25,7740
-301,7741
-71,7742
6,7743
-356,7744
6,7745
-302,7746
-8,7747
-303,7748
0,7749
25,7750
-378,7751
25,7752
-341,7753
-200,7754
-49,7755
-76,7756
-37,7757
9,7758
-448,7759
-401,7760
-13,7761
24,7762
-45,7763
13,7764
15,7765
-380,7766
-312,7767
24,7768
22,7769
-124,7770
24,7771
-64,7772
25,7773
-18,7774
0,7775
9,7776
-306,7777
-4,7778
-346,7779
-325,7780
24,7781
-1,7782
18,7783
-10,7784
-50,7785
-71,7786
-373,7787
17,7788
-200,7789
-13,7790
24,7791
19,7792
-306,7793
-41,7794
-18,7795
-96,7796
25,7797
-19,7798
20,7799
-338,7800
-393,7801
23,7802
-326,7803
-387,7804
-306,7805
16,7806
-343,7807
-1,7808
-452,7809
25,7810
-313,7811
23,7812
-200,7813
-327,7814
-38,7815
-301,7816
-101,7817
-399,7818
-424,7819
15,7820
-65,7821
20,7822
6,7823
-352,7824
19,7825
-311,7826
-314,7827
-302,7828
-303,7829
16,7830
0,7831
-94,7832
-328,7833
8,7834
25,7835
25,7836
-331,7837
25,7838
15,7839
1,7840
-63,7841
25,7842
23,7843
-308,7844
-19,7845
-318,7846
3,7847
-356,7848
-355,7849
5,7850
-391,7851
25,7852
-341,7853
24,7854
-25,7855
18,7856
18,7857
-336,7858
-16,7859
-141,7860
25,7861
24,7862
5,7863
22,7864
-44,7865
-31,7866
-200,7867
-390,7868
11,7869
-200,7870
-45,7871
-200,7872
-10,7873
-200,7874
21,7875
22,7876
-3,7877
16,7878
23,7879
-8,7880
-337,7881
-336,7882
10,7883
-200,7884
2,7885
12,7886
22,7887
-328,7888
-116,7889
-317,7890
-13,7891
24,7892
15,7893
-48,7894
-10,7895
24,7896
-306,7897
7,7898
4,7899
-393,7900
-419,7901
11,7902
-2,7903
19,7904
17,7905
-123,7906
18,7907
-447,7908
24,7909
-59,7910
-200,7911
-24,7912
-8,7913
14,7914
20,7915
-158,7916
-448,7917
25,7918
-12,7919
-12,7920
23,7921
-305,7922
25,7923
-365,7924
-20,7925
0,7926
24,7927
-359,7928
-200,7929
-26,7930
-333,7931
-135,7932
-325,7933
-168,7934
-464,7935
8,7936
-300,7937
-21,7938
17,7939
-4,7940
20,7941
25,7942
-300,7943
13,7944
23,7945
17,7946
25,7947
16,7948
-70,7949
25,7950
23,7951
-7,7952
24,7953
-66,7954
-200,7955
-200,7956
18,7957
-118,7958
13,7959
-58,7960
-47,7961
22,7962
23,7963
-60,7964
-374,7965
3,7966
16,7967
-331,7968
25,7969
-310,7970
-317,7971
-145,7972
-33,7973
-302,7974
-6,7975
17,7976
-306,7977
-85,7978
-464,7979
-128,7980
24,7981
3,7982
-311,7983
-310,7984
-329,7985
9,7986
16,7987
18,7988
-133,7989
-329,7990
0,7991
15,7992
-50,7993
-496,7994
-363,7995
-70,7996
22,7997
-51,7998
-24,7999
-200,8000
-5,8001
25,8002
-340,8003
-14,8004
11,8005
23,8006
22,8007
15,8008
-360,8009
25,8010
-27,8011
-327,8012
-317,8013
-9,8014
24,8015
-314,8016
4,8017
-406,8018
-70,8019
13,8020
-352,8021
-78,8022
20,8023
5,8024
16,8025
16,8026
25,8027
-200,8028
-302,8029
-200,8030
-358,8031
-89,8032
13,8033
9,8034
-200,8035
25,8036
-54,8037
-330,8038
16,8039
20,8040
-33,8041
12,8042
18,8043
-107,8044
-200,8045
-308,8046
0,8047
-200,8048
19,8049
-200,8050
-322,8051
24,8052
-476,8053
-346,8054
-27,8055
19,8056
-63,8057
-26,8058
-436,8059
15,8060
-343,8061
9,8062
9,8063
21,8064
11,8065
-106,8066
25,8067
25,8068
-125,8069
21,8070
21,8071
19,8072
-303,8073
17,8074
-338,8075
7,8076
4,8077
-4,8078
-90,8079
-13,8080
-363,8081
23,8082
14,8083
23,8084
-330,8085
25,8086
12,8087
25,8088
-3,8089
-23,8090
-7,8091
-9,8092
-308,8093
-54,8094
-384,8095
18,8096
17,8097
-308,8098
-30,8099
3,8100
15,8101
25,8102
23,8103
25,8104
-156,8105
15,8106
-92,8107
25,8108
-302,8109
1,8110
24,8111
23,8112
24,8113
-376,8114
-37,8115
-308,8116
12,8117
-39,8118
-29,8119
1,8120
-413,8121
-310,8122
11,8123
-447,8124
20,8125
4,8126
-200,8127
-119,8128
-34,8129
14,8130
-324,8131
-336,8132
1,8133
-200,8134
-331,8135
-365,8136
13,8137
-303,8138
21,8139
25,8140
-321,8141
-5,8142
-100,8143
-48,8144
12,8145
-478,8146
-465,8147
-353,8148
-9,8149
24,8150
-306,8151
23,8152
-45,8153
-6,8154
-477,8155
-41,8156
-322,8157
-354,8158
10,8159
7,8160
-493,8161
-310,8162
-74,8163
-13,8164
24,8165
18,8166
-14,8167
-307,8168
-366,8169
4,8170
22,8171
19,8172
17,8173
19,8174
23,8175
-200,8176
-35,8177
-330,8178
22,8179
-344,8180
13,8181
-2,8182
-321,8183
-20,8184
-313,8185
-360,8186
-200,8187
7,8188
-60,8189
24,8190
17,8191
-301,8192
-334,8193
-19,8194
25,8195
-321,8196
10,8197
-77,8198
-332,8199
-71,8200
-369,8201
25,8202
-303,8203
-434,8204
-86,8205
16,8206
19,8207
9,8208
-10,8209
24,8210
-23,8211
-332,8212
18,8213
-384,8214
25,8215
-25,8216
-68,8217
-340,8218
-138,8219
-92,8220
-13,8221
10,8222
-15,8223
22,8224
22,8225
7,8226
-200,8227
-322,8228
-6,8229
15,8230
14,8231
-1,8232
-308,8233
-347,8234
-345,8235
22,8236
-397,8237
-303,8238
-27,8239
20,8240
24,8241
-39,8242
-4,8243
-114,8244
-326,8245
8,8246
-420,8247
3,8248
-54,8249
-4,8250
-320,8251
-19,8252
-300,8253
-19,8254
-200,8255
19,8256
-200,8257
15,8258
-14,8259
-303,8260
-200,8261
-131,8262
0,8263
-41,8264
24,8265
14,8266
-200,8267
-434,8268
-331,8269
-1,8270
-50,8271
22,8272
-43,8273
2,8274
20,8275
-15,8276
-100,8277
-413,8278
-330,8279
7,8280
-339,8281
25,8282
-67,8283
24,8284
1,8285
-353,8286
-399,8287
-97,8288
-31,8289
-3,8290
-439,8291
-22,8292
11,8293
17,8294
-300,8295
22,8296
18,8297
-12,8298
24,8299
-18,8300
2,8301
-15,8302
-73,8303
-422,8304
-330,8305
15,8306
25,8307
-459,8308
-306,8309
18,8310
22,8311
-21,8312
-5,8313
-6,8314
-49,8315
-468,8316
-310,8317
-300,8318
-31,8319
14,8320
-126,8321
18,8322
-304,8323
23,8324
-327,8325
20,8326
-430,8327
23,8328
24,8329
25,8330
25,8331
-200,8332
-6,8333
8,8334
-33,8335
-464,8336
-300,8337
-429,8338
25,8339
-108,8340
-86,8341
-24,8342
-312,8343
-300,8344
-9,8345
-29,8346
-25,8347
-353,8348
-200,8349
8,8350
18,8351
-32,8352
-154,8353
25,8354
-7,8355
18,8356
-16,8357
16,8358
25,8359
24,8360
5,8361
-69,8362
-9,8363
14,8364
-92,8365
-133,8366
-1,8367
24,8368
-62,8369
-361,8370
-339,8371
-328,8372
-29,8373
-300,8374
-10,8375
24,8376
1,8377
-351,8378
-304,8379
19,8380
23,8381
25,8382
22,8383
20,8384
-333,8385
-359,8386
4,8387
-8,8388
14,8389
-25,8390
25,8391
-49,8392
-327,8393
-350,8394
-200,8395
25,8396
24,8397
-361,8398
-22,8399
-55,8400
-162,8401
19,8402
-1,8403
-32,8404
-399,8405
20,8406
22,8407
25,8408
-6,8409
-22,8410
18,8411
-200,8412
3,8413
-404,8414
-438,8415
-90,8416
22,8417
-104,8418
-378,8419
-4,8420
21,8421
17,8422
13,8423
2,8424
2,8425
-12,8426
5,8427
-327,8428
-18,8429
17,8430
-405,8431
-45,8432
-44,8433
-18,8434
1,8435
-394,8436
-143,8437
-141,8438
23,8439
-16,8440
-64,8441
23,8442
-302,8443
17,8444
-55,8445
24,8446
-116,8447
-489,8448
-120,8449
-66,8450
-355,8451
-375,8452
-200,8453
23,8454
-14,8455
-133,8456
-356,8457
-14,8458
12,8459
17,8460
-28,8461
-300,8462
-200,8463
21,8464
-170,8465
10,8466
20,8467
25,8468
-62,8469
23,8470
25,8471
12,8472
-22,8473
-8,8474
-342,8475
15,8476
13,8477
1,8478
-377,8479
-422,8480
-93,8481
-128,8482
20,8483
-36,8484
-8,8485
-350,8486
-321,8487
-302,8488
19,8489
-304,8490
-71,8491
24,8492
18,8493
-388,8494
-328,8495
-384,8496
-174,8497
-493,8498
-339,8499
-24,8500
-7,8501
-345,8502
5,8503
2,8504
-87,8505
-10,8506
14,8507
-35,8508
20,8509
-56,8510
-8,8511
-428,8512
24,8513
-338,8514
-346,8515
22,8516
25,8517
-401,8518
-46,8519
-387,8520
14,8521
-315,8522
-47,8523
-75,8524
-81,8525
20,8526
19,8527
-13,8528
-84,8529
-54,8530
16,8531
6,8532
14,8533
23,8534
-200,8535
-47,8536
-368,8537
-314,8538
24,8539
-336,8540
16,8541
-34,8542
-307,8543
-9,8544
-461,8545
19,8546
-8,8547
25,8548
24,8549
-134,8550
-420,8551
-128,8552
23,8553
-379,8554
-59,8555
-70,8556
-361,8557
-81,8558
-73,8559
21,8560
-151,8561
13,8562
-347,8563
-315,8564
-75,8565
-301,8566
-7,8567
23,8568
25,8569
19,8570
-200,8571
-361,8572
-174,8573
-200,8574
-25,8575
25,8576
22,8577
-302,8578
24,8579
-3,8580
25,8581
23,8582
-2,8583
-167,8584
-200,8585
-200,8586
-200,8587
-78,8588
19,8589
25,8590
17,8591
-308,8592
22,8593
-440,8594
-327,8595
20,8596
-319,8597
24,8598
24,8599
-344,8600
-34,8601
-300,8602
-372,8603
-303,8604
22,8605
13,8606
25,8607
4,8608
-2,8609
25,8610
-200,8611
-344,8612
1,8613
25,8614
15,8615
-26,8616
-60,8617
-200,8618
-22,8619
-67,8620
-43,8621
-362,8622
-49,8623
19,8624
9,8625
25,8626
-86,8627
-483,8628
5,8629
-8,8630
5,8631
-320,8632
17,8633
-17,8634
-89,8635
20,8636
-79,8637
-78,8638
25,8639
-2,8640
-98,8641
24,8642
12,8643
5,8644
-79,8645
-19,8646
-109,8647
16,8648
-106,8649
-381,8650
-479,8651
-1,8652
-399,8653
22,8654
-200,8655
24,8656
-49,8657
23,8658
-78,8659
24,8660
22,8661
12,8662
-2,8663
12,8664
23,8665
-332,8666
-3,8667
-300,8668
21,8669
-313,8670
16,8671
-155,8672
22,8673
-16,8674
-10,8675
21,8676
-317,8677
25,8678
-433,8679
1,8680
15,8681
-315,8682
11,8683
-335,8684
-371,8685
8,8686
23,8687
-1,8688
16,8689
-386,8690
25,8691
-28,8692
-9,8693
-318,8694
24,8695
24,8696
-360,8697
-17,8698
-331,8699
25,8700
24,8701
-52,8702
-4,8703
16,8704
-23,8705
-315,8706
-467,8707
-200,8708
-200,8709
-305,8710
-356,8711
-304,8712
24,8713
22,8714
25,8715
19,8716
-39,8717
-74,8718
2,8719
-23,8720
25,8721
-365,8722
23,8723
-45,8724
-48,8725
-318,8726
-43,8727
10,8728
5,8729
-98,8730
-410,8731
5,8732
19,8733
-325,8734
24,8735
-345,8736
22,8737
-14,8738
-18,8739
15,8740
-368,8741
-312,8742
5,8743
-302,8744
-119,8745
8,8746
-427,8747
25,8748
4,8749
-317,8750
-200,8751
19,8752
-3,8753
8,8754
-466,8755
19,8756
-1,8757
-155,8758
25,8759
-305,8760
25,8761
7,8762
-340,8763
-300,8764
-343,8765
17,8766
25,8767
-70,8768
-315,8769
-310,8770
24,8771
5,8772
-35,8773
15,8774
-6,8775
-6,8776
-303,8777
-316,8778
-200,8779
21,8780
17,8781
21,8782
-485,8783
2,8784
22,8785
22,8786
23,8787
22,8788
-46,8789
25,8790
-7,8791
-32,8792
-386,8793
-391,8794
-363,8795
-11,8796
23,8797
23,8798
-67,8799
-38,8800
14,8801
-373,8802
25,8803
-330,8804
-330,8805
-312,8806
-304,8807
22,8808
-306,8809
-16,8810
-423,8811
10,8812
-12,8813
-308,8814
-301,8815
-312,8816
-327,8817
3,8818
-322,8819
-116,8820
-12,8821
-307,8822
23,8823
-68,8824
17,8825
-317,8826
11,8827
-352,8828
-354,8829
9,8830
25,8831
15,8832
-20,8833
-305,8834
23,8835
-22,8836
-11,8837
-22,8838
-315,8839
15,8840
-434,8841
24,8842
21,8843
-105,8844
-323,8845
2,8846
-307,8847
-56,8848
-320,8849
17,8850
-8,8851
-3,8852
4,8853
-306,8854
-12,8855
6,8856
-360,8857
7,8858
-306,8859
-68,8860
-23,8861
2,8862
-2,8863
-432,8864
6,8865
24,8866
15,8867
-355,8868
-329,8869
-171,8870
3,8871
21,8872
20,8873
-307,8874
25,8875
-77,8876
22,8877
-103,8878
-409,8879
24,8880
-309,8881
-359,8882
12,8883
-320,8884
6,8885
-314,8886
-8,8887
-330,8888
-21,8889
18,8890
-33,8891
24,8892
25,8893
-318,8894
-332,8895
-4,8896
-402,8897
-307,8898
18,8899
-407,8900
-324,8901
24,8902
25,8903
-450,8904
-5,8905
8,8906
-458,8907
15,8908
-443,8909
-300,8910
-364,8911
-38,8912
-343,8913
13,8914
24,8915
22,8916
-302,8917
-313,8918
12,8919
-110,8920
-13,8921
-300,8922
-200,8923
-324,8924
-331,8925
-336,8926
-99,8927
22,8928
0,8929
12,8930
25,8931
16,8932
10,8933
6,8934
25,8935
-360,8936
19,8937
3,8938
23,8939
25,8940
25,8941
-349,8942
-17,8943
-131,8944
-42,8945
-314,8946
-316,8947
-411,8948
-49,8949
19,8950
-319,8951
-46,8952
3,8953
-303,8954
10,8955
-1,8956
-46,8957
-339,8958
-12,8959
-51,8960
-341,8961
25,8962
-313,8963
-310,8964
-301,8965
-78,8966
-22,8967
-19,8968
16,8969
3,8970
15,8971
25,8972
-354,8973
-331,8974
-45,8975
-173,8976
21,8977
17,8978
11,8979
13,8980
-34,8981
25,8982
17,8983
-301,8984
23,8985
11,8986
22,8987
-83,8988
1,8989
-29,8990
-337,8991
-2,8992
-4,8993
25,8994
16,8995
-12,8996
-125,8997
25,8998
-200,8999
-134,9000
-24,9001
-22,9002
-28,9003
25,9004
25,9005
24,9006
-496,9007
25,9008
-35,9009
-40,9010
-9,9011
24,9012
-399,9013
25,9014
-23,9015
13,9016
-38,9017
-348,9018
-14,9019
-200,9020
-330,9021
-411,9022
25,9023
24,9024
-341,9025
-322,9026
11,9027
20,9028
23,9029
22,9030
-100,9031
25,9032
-11,9033
-345,9034
21,9035
23,9036
24,9037
-378,9038
-303,9039
24,9040
25,9041
13,9042
24,9043
-25,9044
25,9045
11,9046
-8,9047
18,9048
24,9049
-365,9050
-48,9051
-21,9052
16,9053
20,9054
24,9055
21,9056
-356,9057
-25,9058
-200,9059
-302,9060
-304,9061
-1,9062
21,9063
-167,9064
25,9065
24,9066
-23,9067
23,9068
-300,9069
-81,9070
-6,9071
-5,9072
10,9073
-300,9074
-93,9075
-101,9076
-34,9077
-303,9078
3,9079
-23,9080
-16,9081
-80,9082
-110,9083
11,9084
20,9085
15,9086
-386,9087
-339,9088
-86,9089
-334,9090
23,9091
-41,9092
23,9093
25,9094
25,9095
-39,9096
18,9097
22,9098
-8,9099
-378,9100
-64,9101
-401,9102
-308,9103
-451,9104
23,9105
15,9106
-16,9107
-45,9108
13,9109
25,9110
-4,9111
-338,9112
-360,9113
24,9114
23,9115
-307,9116
-20,9117
17,9118
-38,9119
-315,9120
-301,9121
21,9122
-3,9123
12,9124
-3,9125
-57,9126
20,9127
-301,9128
19,9129
-313,9130
8,9131
12,9132
20,9133
-200,9134
-38,9135
20,9136
24,9137
21,9138
5,9139
-337,9140
17,9141
18,9142
8,9143
-309,9144
6,9145
-309,9146
22,9147
-15,9148
10,9149
-37,9150
-99,9151
22,9152
-73,9153
24,9154
-31,9155
14,9156
-382,9157
23,9158
-392,9159
-356,9160
-348,9161
-358,9162
19,9163
-132,9164
-27,9165
7,9166
12,9167
3,9168
-5,9169
20,9170
-309,9171
24,9172
-34,9173
24,9174
24,9175
-200,9176
25,9177
-28,9178
-60,9179
-14,9180
-2,9181
-1,9182
5,9183
24,9184
16,9185
-149,9186
-50,9187
-65,9188
25,9189
22,9190
8,9191
25,9192
-93,9193
-8,9194
12,9195
22,9196
-390,9197
22,9198
-56,9199
-200,9200
-200,9201
25,9202
-7,9203
-63,9204
0,9205
-14,9206
-306,9207
3,9208
22,9209
-323,9210
-15,9211
-320,9212
-319,9213
8,9214
-393,9215
-128,9216
-332,9217
24,9218
19,9219
-497,9220
1,9221
-303,9222
-8,9223
23,9224
23,9225
-128,9226
5,9227
-434,9228
-326,9229
16,9230
13,9231
-8,9232
3,9233
-429,9234
-300,9235
-372,9236
-54,9237
13,9238
-5,9239
-83,9240
-350,9241
-370,9242
-106,9243
22,9244
25,9245
-309,9246
-100,9247
11,9248
5,9249
24,9250
-17,9251
-133,9252
18,9253
-20,9254
25,9255
-318,9256
8,9257
-324,9258
-50,9259
0,9260
-9,9261
-55,9262
11,9263
22,9264
-302,9265
25,9266
24,9267
21,9268
-313,9269
-364,9270
-450,9271
-10,9272
-316,9273
24,9274
25,9275
11,9276
3,9277
12,9278
-364,9279
-300,9280
-425,9281
23,9282
24,9283
-461,9284
-21,9285
-85,9286
-301,9287
-16,9288
-308,9289
24,9290
-200,9291
-200,9292
-417,9293
-318,9294
15,9295
-307,9296
12,9297
5,9298
-200,9299
-16,9300
-89,9301
21,9302
24,9303
-332,9304
24,9305
-358,9306
-13,9307
5,9308
-27,9309
-498,9310
-324,9311
-379,9312
20,9313
-200,9314
24,9315
17,9316
-24,9317
-110,9318
-60,9319
-200,9320
23,9321
-16,9322
23,9323
-333,9324
17,9325
-19,9326
-67,9327
25,9328
-153,9329
17,9330
23,9331
-324,9332
-434,9333
23,9334
-41,9335
14,9336
-372,9337
-33,9338
24,9339
10,9340
-6,9341
-301,9342
16,9343
-324,9344
-313,9345
17,9346
-357,9347
-59,9348
1,9349
-303,9350
-72,9351
-381,9352
-9,9353
-363,9354
20,9355
-6,9356
-307,9357
-66,9358
5,9359
23,9360
-19,9361
2,9362
25,9363
-335,9364
-1,9365
23,9366
19,9367
18,9368
25,9369
20,9370
-393,9371
24,9372
-200,9373
-4,9374
22,9375
-301,9376
-152,9377
25,9378
-308,9379
25,9380
-63,9381
-4,9382
10,9383
-335,9384
17,9385
14,9386
-34,9387
-313,9388
-97,9389
25,9390
-200,9391
25,9392
-20,9393
-12,9394
13,9395
-53,9396
-305,9397
-312,9398
-25,9399
-304,9400
14,9401
25,9402
-448,9403
17,9404
0,9405
14,9406
-393,9407
-200,9408
-325,9409
22,9410
-395,9411
-66,9412
24,9413
-47,9414
24,9415
-397,9416
-301,9417
14,9418
-19,9419
-383,9420
25,9421
-200,9422
-43,9423
18,9424
14,9425
22,9426
16,9427
16,9428
-170,9429
24,9430
-350,9431
-37,9432
-309,9433
20,9434
-17,9435
-3,9436
24,9437
7,9438
-75,9439
-307,9440
25,9441
24,9442
-340,9443
12,9444
25,9445
25,9446
-389,9447
-21,9448
-22,9449
23,9450
-18,9451
-310,9452
18,9453
25,9454
0,9455
22,9456
-200,9457
-13,9458
-300,9459
-200,9460
-305,9461
24,9462
1,9463
-19,9464
4,9465
-59,9466
24,9467
-46,9468
-365,9469
25,9470
0,9471
16,9472
-78,9473
-86,9474
10,9475
14,9476
20,9477
-110,9478
-315,9479
4,9480
6,9481
-43,9482
20,9483
-39,9484
22,9485
-37,9486
-396,9487
13,9488
20,9489
19,9490
-25,9491
-385,9492
23,9493
-455,9494
17,9495
16,9496
-363,9497
22,9498
10,9499
24,9500
-304,9501
23,9502
-5,9503
-31,9504
-320,9505
-48,9506
24,9507
-335,9508
24,9509
-12,9510
-318,9511
-200,9512
-301,9513
-490,9514
20,9515
24,9516
-372,9517
-391,9518
-75,9519
-19,9520
15,9521
25,9522
6,9523
-301,9524
-327,9525
25,9526
-27,9527
-422,9528
20,9529
22,9530
24,9531
25,9532
-31,9533
10,9534
-318,9535
20,9536
25,9537
19,9538
12,9539
-28,9540
20,9541
24,9542
-361,9543
-380,9544
-128,9545
-27,9546
24,9547
2,9548
25,9549
-200,9550
6,9551
-359,9552
-200,9553
-343,9554
18,9555
24,9556
21,9557
-70,9558
19,9559
19,9560
-302,9561
-162,9562
-51,9563
-305,9564
22,9565
-28,9566
-305,9567
-200,9568
-33,9569
-408,9570
-7,9571
-41,9572
-350,9573
-371,9574
-11,9575
17,9576
-69,9577
-376,9578
23,9579
-356,9580
23,9581
-79,9582
-303,9583
-200,9584
21,9585
25,9586
-331,9587
22,9588
-305,9589
-20,9590
-314,9591
4,9592
-10,9593
-34,9594
-76,9595
-307,9596
-200,9597
-26,9598
-21,9599
21,9600
11,9601
-80,9602
22,9603
-330,9604
25,9605
16,9606
-200,9607
10,9608
-319,9609
20,9610
-339,9611
-200,9612
-314,9613
23,9614
-318,9615
15,9616
-301,9617
9,9618
-66,9619
-141,9620
-8,9621
25,9622
-3,9623
-72,9624
24,9625
16,9626
-14,9627
-18,9628
15,9629
21,9630
-59,9631
20,9632
-376,9633
10,9634
-36,9635
-357,9636
23,9637
7,9638
-318,9639
-24,9640
17,9641
-354,9642
-74,9643
3,9644
25,9645
-318,9646
25,9647
-306,9648
25,9649
-3,9650
-49,9651
-24,9652
16,9653
-9,9654
-309,9655
-51,9656
-13,9657
-314,9658
-365,9659
-328,9660
13,9661
5,9662
25,9663
-1,9664
19,9665
22,9666
21,9667
13,9668
-200,9669
17,9670
20,9671
-303,9672
-315,9673
-462,9674
-24,9675
-416,9676
23,9677
-317,9678
-3,9679
-55,9680
-20,9681
-55,9682
-354,9683
2,9684
12,9685
19,9686
19,9687
-301,9688
11,9689
19,9690
-420,9691
-56,9692
15,9693
11,9694
-56,9695
0,9696
-313,9697
3,9698
0,9699
-9,9700
16,9701
-200,9702
-350,9703
25,9704
-31,9705
-1,9706
24,9707
-21,9708
-401,9709
18,9710
-330,9711
-8,9712
-333,9713
13,9714
-315,9715
-4,9716
-26,9717
0,9718
25,9719
19,9720
-47,9721
12,9722
-420,9723
-39,9724
12,9725
25,9726
-29,9727
-23,9728
-304,9729
23,9730
23,9731
23,9732
22,9733
-54,9734
-310,9735
-345,9736
-465,9737
-63,9738
23,9739
-200,9740
20,9741
-431,9742
-79,9743
-431,9744
22,9745
-6,9746
22,9747
21,9748
-331,9749
23,9750
-67,9751
-311,9752
-50,9753
-358,9754
14,9755
24,9756
-107,9757
-401,9758
25,9759
-304,9760
-200,9761
-302,9762
14,9763
22,9764
15,9765
-32,9766
-26,9767
13,9768
-335,9769
14,9770
-479,9771
-362,9772
22,9773
-13,9774
15,9775
8,9776
-432,9777
-301,9778
18,9779
-5,9780
-97,9781
-76,9782
25,9783
8,9784
5,9785
-12,9786
25,9787
17,9788
-57,9789
-85,9790
-23,9791
-315,9792
20,9793
15,9794
-3,9795
-200,9796
-67,9797
-375,9798
-369,9799
25,9800
-31,9801
-301,9802
24,9803
-312,9804
23,9805
21,9806
23,9807
-42,9808
-1,9809
-139,9810
-11,9811
-44,9812
-334,9813
-18,9814
-72,9815
5,9816
-346,9817
-435,9818
-433,9819
-323,9820
-200,9821
-362,9822
25,9823
-389,9824
11,9825
21,9826
-305,9827
8,9828
-318,9829
-347,9830
-200,9831
20,9832
17,9833
25,9834
25,9835
25,9836
-333,9837
-34,9838
22,9839
-12,9840
-171,9841
-200,9842
-40,9843
-364,9844
-332,9845
17,9846
19,9847
-324,9848
17,9849
17,9850
-407,9851
12,9852
-200,9853
-378,9854
19,9855
-302,9856
-380,9857
-39,9858
19,9859
-331,9860
11,9861
22,9862
-30,9863
8,9864
25,9865
21,9866
25,9867
-113,9868
-200,9869
-200,9870
19,9871
-384,9872
2,9873
-3,9874
25,9875
-329,9876
20,9877
7,9878
-45,9879
7,9880
14,9881
24,9882
25,9883
-314,9884
19,9885
-55,9886
-29,9887
-386,9888
-4,9889
23,9890
23,9891
-389,9892
0,9893
23,9894
25,9895
23,9896
-3,9897
3,9898
14,9899
-460,9900
-301,9901
17,9902
20,9903
4,9904
19,9905
-301,9906
19,9907
-442,9908
4,9909
22,9910
17,9911
-7,9912
-67,9913
21,9914
24,9915
-65,9916
3,9917
-311,9918
-371,9919
22,9920
-382,9921
-47,9922
7,9923
-42,9924
-23,9925
10,9926
23,9927
1,9928
-109,9929
-28,9930
1,9931
-321,9932
-12,9933
-31,9934
1,9935
-425,9936
18,9937
9,9938
-328,9939
-349,9940
-42,9941
-98,9942
16,9943
23,9944
-13,9945
6,9946
-99,9947
-123,9948
14,9949
-118,9950
-200,9951
-200,9952
-200,9953
5,9954
19,9955
24,9956
-200,9957
-308,9958
-325,9959
24,9960
24,9961
25,9962
-307,9963
-61,9964
25,9965
17,9966
-398,9967
17,9968
-2,9969
24,9970
14,9971
-350,9972
-311,9973
-14,9974
25,9975
-398,9976
-302,9977
-43,9978
-341,9979
-401,9980
-8,9981
-370,9982
-200,9983
-39,9984
-200,9985
-36,9986
4,9987
17,9988
24,9989
9,9990
22,9991
-63,9992
-350,9993
-45,9994
-418,9995
25,9996
-305,9997
20,9998
-35,9999
