-294,7,0
-300,1,0
43,37,1
-293,8,0
24,4,1
-269,52,0
48,24,1
-282,41,0
31,14,1
-299,12,0
-310,32,0
-285,40,0
35,17,1
-304,39,0
31,6,1
-262,92,0
25,1,1
-300,1,0
-288,25,0
-300,1,0
25,1,1
-273,43,0
-293,11,0
40,16,1
-288,16,0
-302,3,0
25,1,1
32,6,1
-301,2,0
-304,12,0
25,1,1
32,6,1
-292,18,0
35,17,1
-299,14,0
-293,23,0
-297,28,0
25,20,1
-302,2,0
32,15,1
23,2,1
32,6,1
37,9,1
36,11,1
-295,7,0
-294,28,0
-298,94,0
25,1,1
-261,86,0
-300,6,0
40,16,1
28,2,1
-287,32,0
24,2,1
-297,5,0
-310,13,0
25,1,1
-300,1,0
-297,22,0
25,1,1
-272,24,0
29,12,1
41,19,1
31,7,1
34,4,1
-300,1,0
-293,9,0
-304,19,0
25,4,1
43,23,1
65,47,1
-305,9,0
47,10,1
-293,26,0
-300,1,0
33,15,1
29,5,1
-297,14,0
-300,1,0
-304,7,0
-290,44,0
25,1,1
28,2,1
-297,18,0
-302,5,0
-292,46,0
43,13,1
-296,5,0
41,15,1
35,7,1
28,2,1
38,25,1
37,18,1
34,8,1
-301,9,0
62,55,1
-295,43,0
23,2,1
38,11,1
-302,2,0
-284,26,0
25,1,1
-298,3,0
25,1,1
25,1,1
-300,1,0
-289,18,0
25,1,1
27,3,1
-298,13,0
-297,5,0
25,1,1
37,5,1
-297,10,0
33,7,1
28,2,1
-300,10,0
-287,42,0
39,11,1
-308,25,0
-299,12,0
-300,1,0
25,1,1
25,1,1
31,3,1
37,15,1
31,3,1
31,7,1
28,2,1
-292,20,0
-300,1,0
-293,17,0
25,1,1
-304,3,0
-300,1,0
31,3,1
25,1,1
-283,11,0
32,21,1
-300,1,0
-302,7,0
48,45,1
-297,2,0
-301,2,0
29,5,1
-297,2,0
56,23,1
-306,11,0
25,1,1
-299,28,0
-300,1,0
23,2,1
-293,49,0
25,7,1
-297,8,0
-280,36,0
23,3,1
-299,3,0
40,14,1
-302,3,0
-296,10,0
-292,29,0
-302,2,0
-281,32,0
30,10,1
-292,53,0
-286,33,0
-289,13,0
28,20,1
-278,18,0
25,1,1
-296,4,0
27,5,1
25,1,1
30,9,1
28,2,1
-305,4,0
25,1,1
-300,1,0
-295,20,0
25,1,1
31,16,1
-286,17,0
-294,10,0
-299,14,0
-279,31,0
-300,1,0
31,9,1
-305,8,0
-296,4,0
23,2,1
-297,13,0
25,1,1
-297,2,0
25,5,1
-297,2,0
25,1,1
-292,17,0
51,26,1
-297,27,0
-292,19,0
-300,4,0
-292,27,0
30,4,1
40,14,1
-299,39,0
28,5,1
-298,6,0
-291,27,0
-301,2,0
25,1,1
-300,1,0
-297,8,0
32,5,1
-293,6,0
25,1,1
-300,1,0
-306,5,0
-292,5,0
25,1,1
31,3,1
-289,49,0
25,1,1
-297,30,0
25,1,1
-296,7,0
35,6,1
-292,5,0
36,23,1
-302,2,0
-299,3,0
28,5,1
36,13,1
36,13,1
-303,3,0
33,5,1
32,15,1
-289,11,0
47,23,1
-294,16,0
39,33,1
-300,1,0
49,23,1
28,2,1
32,17,1
-291,41,0
36,24,1
17,22,1
-293,6,0
38,19,1
-297,11,0
-299,3,0
25,1,1
25,1,1
31,3,1
-302,2,0
-300,1,0
-299,6,0
41,24,1
25,1,1
33,5,1
23,2,1
-297,2,0
-300,1,0
-298,3,0
-269,54,0
25,1,1
-296,4,0
31,9,1
46,48,1
-301,2,0
25,1,1
31,3,1
25,1,1
-296,19,0
-303,3,0
25,1,1
-298,5,0
-302,2,0
26,3,1
32,11,1
-291,18,0
20,7,1
-285,20,0
-279,14,0
30,4,1
36,21,1
30,10,1
44,10,1
-297,2,0
-300,15,0
25,1,1
-301,9,0
41,18,1
-300,1,0
28,2,1
47,19,1
24,11,1
-282,32,0
25,1,1
-298,5,0
-305,53,0
-300,1,0
31,3,1
36,12,1
50,28,1
25,1,1
-296,7,0
33,11,1
25,1,1
-282,11,0
-300,1,0
-296,23,0
-296,42,0
-297,2,0
39,14,1
-291,14,0
-293,11,0
-293,8,0
29,13,1
-299,30,0
-287,27,0
40,27,1
25,1,1
-289,34,0
-302,2,0
32,18,1
-300,1,0
-301,4,0
26,4,1
-305,7,0
-289,6,0
-302,34,0
-305,22,0
-294,16,0
-304,3,0
-304,4,0
25,1,1
-293,9,0
-290,24,0
25,1,1
-300,14,0
-292,11,0
28,8,1
33,16,1
-300,1,0
-304,7,0
36,20,1
47,27,1
27,3,1
-288,14,0
26,3,1
-300,1,0
40,27,1
35,14,1
25,1,1
-288,35,0
-287,23,0
44,27,1
-294,3,0
51,48,1
28,17,1
-293,36,0
27,3,1
23,2,1
37,21,1
-301,2,0
-283,24,0
-301,2,0
25,1,1
-302,5,0
-291,15,0
-292,23,0
-260,67,0
63,45,1
-292,17,0
-303,3,0
49,24,1
-303,3,0
-302,2,0
-282,85,0
-293,18,0
-285,43,0
24,11,1
-304,3,0
25,1,1
-295,9,0
-301,5,0
33,8,1
-293,6,0
-300,4,0
-263,41,0
53,44,1
34,10,1
26,3,1
25,1,1
-284,19,0
-297,6,0
-297,2,0
24,2,1
25,1,1
-273,42,0
28,2,1
31,9,1
42,68,1
25,1,1
45,70,1
38,20,1
-297,2,0
-293,8,0
-308,6,0
-295,20,0
-289,18,0
-294,7,0
25,1,1
-282,53,0
25,1,1
28,2,1
38,16,1
23,2,1
-289,16,0
-298,3,0
28,8,1
-300,4,0
31,10,1
-286,7,0
-300,1,0
41,12,1
32,5,1
27,36,1
30,4,1
29,5,1
-288,16,0
-290,7,0
-297,8,0
26,6,1
36,64,1
-296,4,0
24,2,1
52,27,1
36,17,1
28,2,1
31,3,1
-304,6,0
-289,19,0
-297,13,0
32,13,1
30,23,1
-296,7,0
-305,8,0
40,32,1
-304,4,0
31,12,1
35,7,1
25,1,1
31,3,1
34,7,1
47,23,1
-303,13,0
-301,2,0
34,10,1
-300,1,0
-289,32,0
30,7,1
23,2,1
41,49,1
-297,2,0
-305,56,0
-304,18,0
-278,65,0
-297,2,0
-294,15,0
-300,1,0
-300,16,0
25,1,1
25,1,1
-279,37,0
-292,20,0
44,28,1
25,1,1
28,5,1
-300,1,0
25,1,1
25,1,1
23,2,1
-297,15,0
-300,5,0
25,1,1
48,60,1
-289,24,0
35,6,1
-297,7,0
27,3,1
24,2,1
25,1,1
28,5,1
25,1,1
25,1,1
25,4,1
23,2,1
36,24,1
-295,15,0
27,16,1
25,1,1
-293,12,0
25,1,1
-298,20,0
38,20,1
31,6,1
-281,26,0
-306,4,0
25,1,1
31,3,1
-290,28,0
23,2,1
31,13,1
-314,10,0
-303,3,0
-298,3,0
25,1,1
31,3,1
27,16,1
-288,28,0
44,30,1
36,12,1
27,3,1
25,1,1
35,18,1
33,5,1
24,2,1
33,11,1
-286,19,0
29,4,1
-301,2,0
-303,9,0
21,4,1
-302,2,0
41,23,1
25,1,1
24,2,1
25,1,1
-285,20,0
24,2,1
-300,1,0
-291,29,0
30,7,1
23,2,1
43,27,1
47,44,1
33,5,1
-300,16,0
28,2,1
25,1,1
-297,2,0
25,1,1
-297,5,0
-298,12,0
25,1,1
-288,21,0
-299,11,0
43,11,1
53,55,1
-312,25,0
25,1,1
25,1,1
-305,9,0
26,3,1
26,3,1
-300,1,0
55,45,1
62,51,1
-291,4,0
-297,14,0
38,15,1
-301,4,0
24,2,1
-292,20,0
-305,8,0
25,1,1
-289,18,0
-300,6,0
25,1,1
34,17,1
-285,15,0
24,2,1
39,32,1
40,9,1
24,4,1
31,3,1
42,19,1
23,2,1
-296,21,0
27,3,1
-298,3,0
-302,2,0
35,10,1
-291,11,0
-300,1,0
25,1,1
27,3,1
28,2,1
-290,29,0
24,4,1
-234,146,0
-301,2,0
-275,46,0
-295,15,0
-301,2,0
30,12,1
-297,5,0
-286,36,0
39,27,1
-297,6,0
-301,2,0
-291,26,0
40,18,1
-286,13,0
28,5,1
-302,2,0
46,15,1
25,1,1
28,2,1
-305,20,0
49,32,1
-293,12,0
-289,39,0
31,3,1
25,1,1
-300,1,0
25,1,1
-300,13,0
27,3,1
-302,8,0
-305,21,0
29,5,1
25,1,1
-301,7,0
31,3,1
23,2,1
25,1,1
-300,1,0
26,3,1
23,2,1
-300,1,0
-283,22,0
-284,25,0
34,10,1
-301,2,0
43,56,1
35,17,1
-306,20,0
31,6,1
-300,1,0
-293,21,0
44,17,1
-284,14,0
-284,48,0
28,2,1
-296,14,0
-306,18,0
-303,3,0
29,4,1
24,2,1
25,1,1
41,23,1
-289,54,0
-289,26,0
29,13,1
-287,11,0
24,5,1
25,1,1
38,8,1
37,18,1
-303,3,0
57,97,1
-296,10,0
-284,31,0
-307,12,0
-301,15,0
-295,14,0
30,4,1
-304,17,0
-289,26,0
-257,68,0
-286,20,0
-309,15,0
-295,12,0
21,14,1
-300,1,0
28,2,1
-292,28,0
25,1,1
25,1,1
31,12,1
-282,11,0
25,1,1
25,1,1
30,7,1
-300,1,0
-299,4,0
34,16,1
31,19,1
24,2,1
-289,19,0
25,1,1
-301,4,0
27,6,1
-282,24,0
25,1,1
31,3,1
-294,15,0
25,1,1
-296,11,0
24,2,1
23,2,1
24,2,1
37,9,1
-294,17,0
-301,4,0
33,5,1
-299,3,0
-294,22,0
25,1,1
25,1,1
35,20,1
-296,8,0
-255,67,0
32,15,1
31,3,1
37,31,1
35,14,1
-298,6,0
-294,6,0
25,16,1
-293,31,0
-297,5,0
-268,55,0
-215,182,0
-299,6,0
-291,14,0
25,1,1
-284,21,0
-299,12,0
32,17,1
32,11,1
-287,11,0
-297,8,0
25,1,1
44,32,1
-300,1,0
23,2,1
28,2,1
-297,2,0
31,6,1
-295,4,0
-300,7,0
28,2,1
25,1,1
-290,42,0
25,1,1
25,8,1
-303,3,0
-300,20,0
-300,1,0
34,10,1
29,9,1
30,4,1
-302,5,0
-296,15,0
-301,8,0
-278,63,0
-287,17,0
31,3,1
-289,22,0
41,20,1
-292,8,0
-292,29,0
-299,4,0
33,7,1
-297,2,0
25,1,1
-296,7,0
-292,46,0
35,12,1
25,1,1
-300,1,0
-283,33,0
-303,12,0
-289,45,0
28,2,1
-269,48,0
-302,2,0
31,3,1
-292,44,0
32,22,1
39,26,1
-284,15,0
-295,24,0
-304,15,0
25,1,1
-300,1,0
38,8,1
41,21,1
-306,8,0
23,2,1
-297,2,0
25,1,1
-302,2,0
25,1,1
-309,20,0
25,1,1
-294,18,0
25,1,1
46,20,1
31,3,1
28,2,1
-305,7,0
33,5,1
23,2,1
-298,3,0
-294,3,0
35,20,1
-290,14,0
23,2,1
-300,19,0
-297,8,0
-300,1,0
-289,33,0
32,13,1
34,4,1
25,4,1
-297,19,0
-294,12,0
25,1,1
43,38,1
-294,11,0
35,44,1
-293,49,0
23,2,1
34,11,1
25,1,1
-288,39,0
40,9,1
26,4,1
-300,1,0
27,10,1
-308,10,0
-295,6,0
25,1,1
23,2,1
-288,10,0
25,1,1
25,1,1
28,2,1
34,41,1
-300,1,0
39,21,1
35,14,1
-273,49,0
36,6,1
-302,8,0
-291,7,0
28,5,1
-300,4,0
22,3,1
-292,11,0
38,13,1
28,2,1
25,1,1
-290,21,0
-296,8,0
41,16,1
-297,5,0
-300,1,0
38,43,1
25,1,1
22,3,1
35,20,1
37,14,1
35,7,1
-295,7,0
75,54,1
28,2,1
-275,72,0
37,25,1
-285,18,0
-291,10,0
-298,3,0
29,14,1
-287,16,0
38,12,1
-305,4,0
28,2,1
25,1,1
-304,14,0
23,2,1
25,1,1
-296,9,0
40,10,1
-302,2,0
44,14,1
23,2,1
31,10,1
-300,1,0
-305,10,0
-294,17,0
-285,25,0
-298,5,0
55,42,1
25,1,1
-296,4,0
39,17,1
25,1,1
30,38,1
30,10,1
-310,16,0
-305,4,0
39,13,1
25,8,1
25,1,1
-297,2,0
35,9,1
-303,3,0
43,16,1
31,6,1
28,2,1
-297,2,0
31,6,1
-282,33,0
25,1,1
-300,4,0
34,26,1
25,1,1
-303,36,0
43,7,1
-279,29,0
-295,13,0
-282,42,0
25,1,1
-304,15,0
-303,11,0
-286,23,0
-294,3,0
-297,2,0
-289,56,0
32,8,1
24,2,1
38,12,1
23,3,1
24,2,1
-302,5,0
28,2,1
24,2,1
-272,48,0
75,66,1
47,32,1
42,40,1
-291,4,0
47,27,1
-287,20,0
-295,10,0
-287,8,0
25,1,1
45,12,1
29,10,1
23,2,1
-289,52,0
-297,2,0
-304,22,0
-297,17,0
30,4,1
28,2,1
41,26,1
-295,4,0
47,35,1
28,2,1
-301,2,0
23,2,1
-291,8,0
57,53,1
-299,3,0
-305,4,0
35,9,1
33,10,1
-300,1,0
-300,1,0
40,9,1
-297,25,0
44,12,1
28,5,1
-280,18,0
-288,32,0
30,4,1
-295,16,0
-294,3,0
-294,19,0
31,8,1
-285,12,0
-294,6,0
-295,7,0
-297,10,0
-276,46,0
21,14,1
51,27,1
30,6,1
25,1,1
28,5,1
25,1,1
49,29,1
-302,6,0
-305,7,0
42,20,1
-267,74,0
28,2,1
25,1,1
-301,2,0
-285,25,0
-292,10,0
34,10,1
23,3,1
-297,2,0
-297,2,0
-298,11,0
-289,25,0
-299,7,0
25,1,1
-298,8,0
24,2,1
-275,49,0
-296,7,0
33,11,1
25,1,1
31,3,1
-286,22,0
25,1,1
32,5,1
42,25,1
71,54,1
-290,18,0
25,7,1
34,17,1
23,2,1
25,1,1
-297,10,0
25,1,1
-302,11,0
23,2,1
32,19,1
-298,5,0
-294,36,0
24,2,1
-287,8,0
25,1,1
-276,33,0
25,1,1
-288,15,0
25,1,1
-299,30,0
25,7,1
-302,14,0
28,5,1
41,12,1
26,4,1
34,17,1
25,1,1
35,11,1
-300,1,0
-302,12,0
40,21,1
-301,2,0
25,1,1
31,6,1
28,2,1
-300,1,0
23,2,1
-304,6,0
25,1,1
24,11,1
-294,3,0
-279,29,0
102,147,1
-300,6,0
-295,13,0
-291,4,0
41,12,1
-283,20,0
29,4,1
28,2,1
28,31,1
-304,10,0
-300,1,0
-300,1,0
47,16,1
44,34,1
-271,51,0
-276,30,0
-297,2,0
30,4,1
-301,11,0
-300,1,0
-291,10,0
-300,1,0
-293,16,0
25,1,1
-280,70,0
34,7,1
28,2,1
-289,33,0
25,1,1
47,24,1
31,9,1
46,24,1
25,1,1
36,29,1
43,31,1
24,2,1
-283,27,0
-297,2,0
-304,15,0
25,1,1
-298,15,0
42,23,1
-298,3,0
25,1,1
25,1,1
-297,2,0
-284,11,0
33,8,1
26,6,1
26,26,1
-300,1,0
-297,26,0
-308,20,0
48,29,1
-297,16,0
38,40,1
-290,6,0
25,1,1
25,1,1
26,3,1
-289,18,0
25,1,1
35,15,1
24,2,1
-291,18,0
25,1,1
35,26,1
30,4,1
-300,4,0
26,6,1
40,35,1
27,12,1
45,23,1
24,2,1
-304,3,0
-300,1,0
-300,1,0
38,8,1
32,15,1
45,22,1
51,31,1
-302,3,0
-294,23,0
-300,1,0
-306,41,0
28,2,1
25,1,1
-302,8,0
-297,7,0
-302,6,0
25,1,1
-306,10,0
-307,24,0
34,7,1
-298,5,0
27,10,1
-299,12,0
25,1,1
-302,2,0
31,3,1
-289,54,0
-294,6,0
-278,43,0
26,6,1
31,7,1
-280,44,0
26,6,1
25,1,1
33,15,1
-291,16,0
-291,10,0
-304,10,0
29,5,1
27,3,1
-296,10,0
-283,14,0
21,4,1
38,11,1
42,20,1
34,23,1
-304,4,0
30,4,1
56,42,1
36,13,1
-300,1,0
25,1,1
43,15,1
30,13,1
-301,2,0
-297,20,0
-296,4,0
-297,2,0
-294,26,0
29,5,1
42,47,1
25,1,1
-302,2,0
30,4,1
37,39,1
38,10,1
-311,20,0
30,6,1
30,4,1
25,1,1
59,46,1
-292,10,0
-300,1,0
-291,10,0
28,2,1
25,1,1
-300,1,0
-287,14,0
34,7,1
-295,4,0
-289,19,0
-301,2,0
25,1,1
29,4,1
-280,28,0
28,2,1
-295,4,0
-283,15,0
37,14,1
-306,8,0
59,52,1
-290,22,0
45,15,1
26,3,1
25,1,1
50,25,1
-297,20,0
25,1,1
27,3,1
-298,19,0
-297,7,0
31,3,1
47,15,1
-289,21,0
38,11,1
36,6,1
-298,15,0
-294,15,0
50,14,1
37,12,1
-285,12,0
-300,1,0
28,5,1
25,1,1
25,1,1
-308,16,0
25,1,1
-300,1,0
-302,3,0
31,3,1
47,21,1
-300,1,0
31,9,1
-297,5,0
30,11,1
25,1,1
35,13,1
31,3,1
-302,14,0
25,1,1
30,7,1
-299,7,0
32,8,1
-296,8,0
24,2,1
25,1,1
31,6,1
25,1,1
30,8,1
36,12,1
-294,27,0
28,2,1
28,2,1
-305,12,0
-302,7,0
-286,20,0
-300,1,0
25,1,1
21,13,1
27,3,1
-300,1,0
37,27,1
-301,30,0
28,5,1
24,2,1
25,1,1
22,22,1
39,14,1
32,11,1
24,2,1
26,3,1
26,3,1
-284,20,0
-284,61,0
-299,11,0
42,22,1
27,5,1
33,5,1
36,9,1
-300,1,0
-282,38,0
39,9,1
-299,4,0
33,9,1
-298,10,0
-295,18,0
-298,3,0
-307,17,0
25,1,1
-292,5,0
-298,9,0
24,2,1
-297,2,0
-294,3,0
45,25,1
25,1,1
32,13,1
-294,3,0
28,7,1
33,19,1
30,6,1
-299,3,0
-291,4,0
35,7,1
25,1,1
28,5,1
29,5,1
25,1,1
-293,18,0
-279,18,0
35,13,1
-296,13,0
-283,34,0
34,4,1
-293,6,0
27,5,1
24,2,1
20,15,1
42,17,1
-306,10,0
39,10,1
34,4,1
37,17,1
25,1,1
28,2,1
52,49,1
25,1,1
-302,23,0
-300,1,0
-300,1,0
46,15,1
-299,7,0
-280,40,0
31,6,1
-304,3,0
24,2,1
24,2,1
31,3,1
25,1,1
25,5,1
34,11,1
25,1,1
-285,6,0
37,5,1
-295,4,0
28,2,1
-303,15,0
24,2,1
31,7,1
-306,5,0
-294,3,0
29,4,1
43,17,1
23,2,1
39,16,1
50,42,1
45,21,1
-291,14,0
43,31,1
-297,2,0
25,1,1
25,1,1
-291,13,0
25,1,1
-303,3,0
-300,1,0
28,2,1
25,1,1
-297,13,0
-300,1,0
24,2,1
-296,15,0
23,8,1
-300,1,0
-294,16,0
-300,5,0
47,34,1
-296,8,0
-301,12,0
31,3,1
38,19,1
24,2,1
-290,6,0
22,3,1
-282,54,0
46,23,1
-287,17,0
-302,12,0
-295,24,0
32,8,1
53,62,1
28,32,1
37,8,1
39,14,1
-293,19,0
-288,9,0
53,43,1
-297,5,0
47,34,1
-292,5,0
23,2,1
25,1,1
25,1,1
29,19,1
25,7,1
33,5,1
30,4,1
-301,5,0
-298,26,0
-298,5,0
-298,5,0
-297,33,0
33,5,1
41,15,1
-276,30,0
-304,7,0
38,8,1
25,1,1
40,32,1
25,1,1
31,16,1
-292,25,0
30,4,1
-271,62,0
32,6,1
25,1,1
36,41,1
24,2,1
-297,2,0
-289,11,0
-298,22,0
25,1,1
-228,108,0
-300,1,0
24,8,1
53,41,1
-300,1,0
34,4,1
47,26,1
39,16,1
-294,6,0
32,5,1
34,4,1
-286,13,0
38,14,1
25,1,1
-298,3,0
-275,35,0
40,9,1
25,4,1
51,42,1
25,1,1
-301,2,0
-289,18,0
44,40,1
-300,1,0
-291,21,0
-300,1,0
-277,36,0
-300,1,0
32,10,1
23,2,1
-289,19,0
35,17,1
28,2,1
-277,27,0
43,15,1
25,1,1
-300,1,0
-270,52,0
-302,6,0
44,10,1
25,1,1
31,3,1
-290,40,0
-296,4,0
-295,20,0
-299,15,0
34,20,1
-284,24,0
40,21,1
22,14,1
-300,1,0
-303,16,0
33,8,1
-297,8,0
25,1,1
-299,3,0
39,7,1
50,25,1
25,1,1
-289,6,0
61,52,1
29,8,1
26,3,1
32,9,1
-300,46,0
26,3,1
-301,2,0
-273,40,0
29,5,1
34,10,1
-284,22,0
36,6,1
25,1,1
28,2,1
44,25,1
-288,5,0
-318,18,0
44,19,1
40,6,1
-293,6,0
-290,26,0
25,1,1
35,7,1
25,1,1
-282,42,0
-265,78,0
-300,4,0
32,6,1
56,46,1
-295,4,0
25,1,1
-300,1,0
-300,1,0
29,11,1
23,9,1
-305,14,0
25,1,1
60,45,1
-307,17,0
-292,5,0
23,2,1
-300,17,0
25,1,1
29,4,1
-302,2,0
-305,7,0
25,1,1
-302,2,0
-300,7,0
-289,13,0
-300,1,0
28,22,1
43,19,1
-290,6,0
28,2,1
31,8,1
40,25,1
25,1,1
31,3,1
30,13,1
34,22,1
-292,13,0
-295,18,0
-288,8,0
46,51,1
33,10,1
-283,23,0
25,1,1
26,3,1
23,2,1
-296,4,0
-301,2,0
-302,2,0
25,1,1
28,2,1
25,1,1
-300,7,0
41,24,1
37,20,1
25,1,1
25,1,1
-299,3,0
25,1,1
30,4,1
25,1,1
45,24,1
29,4,1
32,10,1
-300,1,0
-261,42,0
-291,13,0
52,23,1
-302,2,0
28,2,1
24,2,1
36,15,1
25,1,1
26,12,1
-296,7,0
-279,27,0
23,2,1
25,12,1
-283,12,0
31,6,1
26,3,1
-303,18,0
-297,5,0
37,9,1
25,1,1
30,4,1
25,1,1
-302,2,0
28,2,1
-294,7,0
-304,6,0
-300,1,0
-292,11,0
38,8,1
25,1,1
-296,4,0
25,1,1
-294,9,0
25,1,1
54,41,1
52,34,1
25,1,1
-288,9,0
-299,4,0
-298,9,0
33,5,1
-297,2,0
-300,1,0
-295,4,0
34,19,1
27,3,1
-298,9,0
49,30,1
-297,30,0
-300,1,0
-301,7,0
-294,3,0
37,29,1
39,15,1
24,5,1
-301,28,0
-302,5,0
-300,1,0
-297,5,0
-300,1,0
-282,16,0
43,18,1
40,14,1
43,20,1
30,4,1
31,8,1
30,8,1
29,5,1
38,10,1
-296,5,0
22,3,1
25,1,1
55,29,1
41,17,1
28,5,1
25,1,1
-286,44,0
44,16,1
25,1,1
-291,18,0
-300,4,0
-292,12,0
-296,7,0
25,1,1
-294,23,0
-301,10,0
-279,27,0
43,29,1
25,1,1
-295,16,0
-304,4,0
-302,2,0
34,9,1
25,1,1
32,8,1
-300,1,0
-297,7,0
32,9,1
28,2,1
-295,14,0
44,34,1
-294,13,0
25,1,1
25,1,1
-306,4,0
-304,19,0
45,50,1
25,1,1
-297,2,0
30,4,1
34,10,1
-294,11,0
-263,48,0
-293,29,0
28,2,1
32,10,1
30,4,1
25,1,1
38,20,1
-302,2,0
37,9,1
-277,32,0
22,3,1
-302,2,0
25,5,1
36,6,1
26,4,1
28,2,1
38,14,1
33,13,1
26,19,1
-293,28,0
32,12,1
37,8,1
-300,1,0
34,7,1
36,17,1
-297,6,0
-302,12,0
24,2,1
31,6,1
-293,13,0
-297,2,0
53,37,1
37,5,1
-294,15,0
25,1,1
22,3,1
25,1,1
25,1,1
-297,17,0
-302,2,0
23,2,1
-300,1,0
25,1,1
-291,8,0
25,1,1
23,5,1
-298,11,0
23,2,1
29,4,1
-298,3,0
25,1,1
-300,1,0
33,11,1
31,3,1
33,10,1
51,35,1
33,11,1
42,8,1
-296,4,0
-293,29,0
28,16,1
25,14,1
24,2,1
35,10,1
24,2,1
42,8,1
36,9,1
35,12,1
28,2,1
-290,21,0
25,1,1
23,2,1
23,2,1
-288,15,0
24,12,1
-275,52,0
22,22,1
-287,47,0
29,8,1
39,11,1
25,1,1
25,1,1
51,19,1
44,10,1
45,47,1
32,6,1
34,16,1
-300,4,0
-303,14,0
-291,10,0
-276,16,0
-296,7,0
45,25,1
-303,8,0
35,7,1
31,6,1
-300,1,0
36,11,1
-300,7,0
41,16,1
-297,8,0
28,2,1
-299,3,0
-297,2,0
26,3,1
-300,1,0
-300,1,0
48,31,1
23,2,1
20,5,1
-302,10,0
24,2,1
25,1,1
30,13,1
-294,16,0
25,1,1
25,1,1
-286,13,0
30,4,1
-294,16,0
29,4,1
38,13,1
32,11,1
-296,5,0
33,5,1
25,1,1
30,8,1
-296,4,0
25,1,1
33,5,1
38,20,1
-290,13,0
-291,15,0
-297,2,0
-300,1,0
-300,1,0
30,4,1
16,9,1
-302,2,0
-292,8,0
23,3,1
25,1,1
34,4,1
40,28,1
-291,12,0
35,6,1
43,36,1
50,15,1
-300,1,0
34,16,1
25,1,1
25,1,1
34,4,1
-291,4,0
28,2,1
-295,14,0
26,3,1
-298,6,0
25,1,1
30,4,1
-278,29,0
25,1,1
25,1,1
31,16,1
49,48,1
32,9,1
-299,7,0
25,1,1
-300,1,0
36,12,1
-300,1,0
-280,12,0
-302,2,0
25,1,1
29,4,1
-298,3,0
28,2,1
25,1,1
40,6,1
-304,6,0
25,1,1
31,7,1
31,3,1
-298,15,0
27,3,1
-291,13,0
-275,48,0
-296,5,0
28,2,1
25,1,1
31,3,1
-297,2,0
25,1,1
-299,13,0
25,1,1
-302,2,0
-291,10,0
-294,3,0
28,2,1
25,1,1
25,1,1
-304,3,0
32,8,1
-291,20,0
28,2,1
25,1,1
24,10,1
25,1,1
41,34,1
35,7,1
-300,1,0
29,4,1
32,5,1
-303,11,0
25,1,1
72,53,1
25,1,1
25,1,1
-292,8,0
46,18,1
-295,4,0
25,1,1
-288,23,0
24,23,1
28,2,1
-299,19,0
-304,23,0
-299,4,0
48,20,1
-299,3,0
30,10,1
28,2,1
32,5,1
24,2,1
27,6,1
-291,21,0
-298,3,0
58,28,1
27,6,1
-294,3,0
25,1,1
-303,3,0
34,4,1
43,27,1
54,23,1
30,6,1
-304,3,0
-301,20,0
48,27,1
-287,17,0
25,1,1
25,1,1
-300,4,0
35,31,1
33,23,1
42,11,1
-289,12,0
-289,24,0
-276,33,0
34,4,1
37,12,1
-292,9,0
-290,6,0
60,62,1
26,9,1
35,9,1
35,7,1
25,1,1
25,1,1
28,2,1
33,25,1
-300,1,0
36,19,1
-300,1,0
-300,1,0
-305,13,0
24,2,1
-298,22,0
25,1,1
28,2,1
25,1,1
-299,7,0
-300,4,0
25,1,1
33,15,1
49,20,1
-291,18,0
43,7,1
25,1,1
30,4,1
-295,4,0
-301,10,0
-300,1,0
25,1,1
28,2,1
-277,23,0
32,33,1
-279,18,0
63,42,1
31,3,1
-298,3,0
-298,3,0
49,17,1
-300,4,0
-297,11,0
-278,19,0
27,6,1
-302,2,0
43,11,1
41,15,1
-291,7,0
25,1,1
25,1,1
24,2,1
25,1,1
-278,38,0
-301,10,0
26,7,1
25,1,1
-288,5,0
-291,35,0
-293,14,0
35,13,1
-278,35,0
-286,17,0
37,17,1
28,2,1
36,6,1
25,1,1
35,7,1
-300,1,0
29,4,1
-297,2,0
25,4,1
-302,2,0
-300,17,0
25,1,1
27,3,1
-300,9,0
-279,22,0
26,6,1
-300,4,0
48,17,1
31,3,1
34,14,1
-300,1,0
23,2,1
34,4,1
-294,9,0
25,1,1
-296,15,0
26,3,1
27,3,1
25,1,1
24,2,1
39,13,1
-300,1,0
37,18,1
25,1,1
-300,1,0
38,7,1
25,1,1
36,28,1
33,5,1
28,2,1
28,2,1
25,1,1
-299,6,0
28,2,1
26,3,1
-300,1,0
-300,1,0
28,2,1
27,9,1
-291,7,0
-302,2,0
-300,1,0
42,16,1
-272,25,0
31,13,1
36,6,1
39,19,1
46,27,1
50,14,1
30,14,1
37,20,1
28,2,1
-295,7,0
28,2,1
-300,1,0
-289,13,0
-301,2,0
30,10,1
24,2,1
46,25,1
-282,42,0
26,3,1
23,2,1
27,12,1
28,7,1
35,9,1
36,19,1
-300,1,0
31,3,1
-300,1,0
27,5,1
34,4,1
-301,2,0
23,2,1
26,3,1
22,6,1
25,1,1
-295,4,0
25,1,1
33,5,1
25,1,1
-300,1,0
61,76,1
42,23,1
-280,13,0
37,19,1
25,1,1
53,39,1
26,4,1
48,16,1
23,2,1
-287,32,0
25,1,1
-298,17,0
33,5,1
25,1,1
27,9,1
25,1,1
30,14,1
35,7,1
28,2,1
36,25,1
-297,2,0
-297,8,0
25,1,1
-282,28,0
25,1,1
40,27,1
-290,13,0
49,21,1
24,4,1
-300,1,0
32,11,1
-290,10,0
-300,1,0
-300,1,0
39,7,1
-282,51,0
25,1,1
30,6,1
62,50,1
-302,2,0
49,29,1
-292,14,0
41,14,1
-302,2,0
23,2,1
-284,17,0
-287,21,0
37,8,1
31,10,1
42,16,1
45,36,1
-300,4,0
25,1,1
41,13,1
25,1,1
-303,6,0
-295,4,0
25,1,1
25,1,1
-289,25,0
25,1,1
40,25,1
25,1,1
35,10,1
45,44,1
36,28,1
33,13,1
38,15,1
33,11,1
-300,4,0
47,16,1
-291,8,0
-297,2,0
-295,13,0
27,8,1
-302,2,0
23,2,1
28,8,1
41,15,1
32,6,1
34,18,1
25,1,1
29,8,1
-300,1,0
44,19,1
-296,8,0
25,1,1
33,5,1
-301,8,0
25,1,1
42,14,1
25,1,1
-289,6,0
-297,2,0
38,25,1
-295,26,0
-283,11,0
34,14,1
24,2,1
-301,8,0
-288,48,0
24,2,1
34,4,1
41,20,1
28,2,1
-286,36,0
42,12,1
42,31,1
-293,18,0
47,19,1
-288,51,0
25,1,1
44,26,1
23,2,1
-307,5,0
25,1,1
-292,22,0
32,8,1
-285,16,0
33,9,1
-313,19,0
25,4,1
29,4,1
28,15,1
-310,7,0
43,14,1
-297,2,0
42,16,1
31,6,1
-300,1,0
32,8,1
34,4,1
26,3,1
26,3,1
29,10,1
37,12,1
34,9,1
33,7,1
28,2,1
-297,5,0
-294,9,0
40,12,1
-294,3,0
-300,1,0
-300,18,0
25,1,1
25,1,1
25,1,1
30,7,1
24,2,1
33,7,1
25,1,1
-295,10,0
-300,1,0
-290,6,0
41,23,1
25,1,1
-300,1,0
-300,1,0
31,6,1
38,33,1
37,8,1
25,1,1
25,1,1
48,16,1
-299,6,0
25,1,1
37,13,1
-304,7,0
46,18,1
-300,1,0
-307,8,0
-302,11,0
31,6,1
-290,66,0
-300,1,0
33,5,1
-274,60,0
-309,33,0
32,36,1
28,2,1
31,6,1
31,3,1
37,28,1
35,7,1
27,3,1
25,1,1
45,20,1
38,13,1
-304,3,0
28,2,1
28,2,1
-300,1,0
25,1,1
31,3,1
25,1,1
-299,21,0
35,7,1
32,5,1
-282,32,0
-286,27,0
24,2,1
39,22,1
-300,1,0
-302,3,0
47,31,1
37,21,1
25,1,1
25,1,1
26,10,1
33,16,1
30,13,1
-299,6,0
-281,16,0
39,10,1
-300,1,0
31,3,1
-300,1,0
52,21,1
25,1,1
28,5,1
28,14,1
-298,3,0
36,13,1
25,1,1
35,10,1
-304,3,0
37,5,1
-301,52,0
41,14,1
-293,9,0
47,17,1
26,7,1
-300,7,0
35,10,1
-295,27,0
40,11,1
40,43,1
31,3,1
33,5,1
31,10,1
-300,1,0
28,2,1
31,3,1
-300,1,0
26,6,1
-292,23,0
-291,4,0
-300,1,0
25,1,1
39,20,1
25,1,1
46,28,1
25,1,1
-294,3,0
-299,4,0
32,6,1
31,3,1
-292,15,0
-302,2,0
-301,7,0
31,6,1
39,10,1
25,1,1
27,3,1
31,3,1
-291,4,0
23,2,1
25,1,1
32,8,1
23,3,1
-291,18,0
25,1,1
24,7,1
50,29,1
25,1,1
-299,12,0
40,52,1
-296,5,0
25,1,1
34,4,1
26,3,1
41,9,1
24,5,1
36,15,1
36,22,1
-302,23,0
25,1,1
29,4,1
23,2,1
25,1,1
25,1,1
-300,4,0
28,2,1
25,1,1
25,1,1
23,2,1
25,1,1
-298,3,0
33,9,1
23,2,1
42,11,1
-297,24,0
-301,5,0
-275,42,0
-302,10,0
24,2,1
-301,5,0
41,37,1
37,33,1
30,7,1
37,5,1
25,1,1
25,1,1
38,13,1
26,9,1
48,20,1
28,8,1
47,15,1
34,4,1
31,3,1
25,1,1
25,1,1
25,1,1
28,2,1
25,1,1
26,6,1
39,7,1
23,3,1
25,1,1
34,13,1
25,1,1
33,8,1
-301,20,0
-298,3,0
25,1,1
28,2,1
37,13,1
25,1,1
-294,6,0
28,2,1
28,2,1
44,19,1
30,9,1
29,7,1
-302,2,0
39,43,1
22,3,1
23,2,1
-300,1,0
-292,8,0
34,4,1
-294,23,0
-304,10,0
33,5,1
54,62,1
-298,5,0
-291,13,0
32,6,1
24,2,1
34,4,1
-294,20,0
-298,3,0
-287,37,0
-293,9,0
23,2,1
24,2,1
25,1,1
-300,1,0
25,1,1
28,2,1
40,30,1
28,5,1
26,4,1
32,5,1
-298,3,0
33,5,1
36,8,1
-300,1,0
-295,19,0
25,1,1
25,1,1
25,1,1
48,10,1
25,1,1
41,11,1
31,6,1
25,1,1
33,7,1
25,1,1
28,2,1
-304,19,0
31,6,1
-302,2,0
-295,7,0
-295,22,0
25,1,1
26,4,1
-261,114,0
31,43,1
-296,5,0
24,2,1
37,5,1
26,6,1
28,2,1
34,4,1
25,1,1
25,1,1
39,16,1
31,3,1
25,1,1
28,2,1
26,3,1
27,6,1
-291,15,0
25,4,1
-295,10,0
25,1,1
29,5,1
34,4,1
25,1,1
25,1,1
26,3,1
-300,1,0
44,14,1
-302,2,0
35,9,1
28,2,1
25,1,1
28,2,1
-297,8,0
28,2,1
26,11,1
57,31,1
28,2,1
31,3,1
-288,17,0
37,12,1
-288,5,0
-300,9,0
-293,5,0
28,5,1
25,1,1
35,13,1
-291,4,0
31,3,1
32,9,1
-301,5,0
39,25,1
27,6,1
27,3,1
-288,9,0
25,1,1
25,1,1
-292,31,0
30,4,1
-285,19,0
36,9,1
-299,9,0
28,2,1
25,1,1
-292,35,0
25,4,1
24,5,1
24,2,1
25,1,1
25,1,1
49,16,1
25,1,1
53,26,1
45,34,1
35,33,1
24,2,1
-290,9,0
-300,1,0
-276,61,0
28,2,1
37,11,1
-295,10,0
28,5,1
25,1,1
-287,10,0
31,7,1
28,2,1
25,1,1
16,16,1
25,1,1
28,2,1
-295,7,0
25,1,1
49,28,1
-299,3,0
24,2,1
-298,9,0
-290,12,0
-297,8,0
-300,1,0
34,9,1
39,15,1
31,16,1
25,1,1
-294,19,0
23,2,1
42,19,1
52,33,1
25,1,1
-300,1,0
37,5,1
28,2,1
28,2,1
25,1,1
42,19,1
31,6,1
34,12,1
31,9,1
36,22,1
-295,6,0
-296,7,0
25,1,1
25,1,1
29,7,1
-295,17,0
-292,18,0
-299,22,0
36,9,1
35,6,1
-298,6,0
39,10,1
40,19,1
-278,47,0
29,4,1
-298,3,0
28,8,1
38,17,1
46,30,1
25,5,1
-285,33,0
31,3,1
25,1,1
38,10,1
25,1,1
32,8,1
-295,27,0
25,1,1
28,2,1
25,1,1
24,2,1
23,2,1
25,1,1
25,1,1
-300,1,0
28,2,1
25,1,1
26,4,1
28,2,1
-304,6,0
28,2,1
62,48,1
55,66,1
-290,12,0
41,13,1
50,20,1
37,9,1
-294,6,0
-304,10,0
26,4,1
-299,7,0
31,9,1
-300,1,0
42,32,1
36,10,1
28,14,1
24,2,1
-295,11,0
-297,2,0
48,16,1
-302,2,0
43,10,1
26,3,1
25,1,1
-302,2,0
37,12,1
25,4,1
-293,5,0
25,1,1
-279,54,0
-303,12,0
28,2,1
-308,18,0
-277,62,0
-300,1,0
38,14,1
-299,3,0
-292,54,0
-296,14,0
25,1,1
-301,7,0
37,8,1
29,4,1
28,2,1
25,1,1
-288,15,0
25,1,1
33,5,1
30,4,1
25,1,1
51,28,1
-300,1,0
29,4,1
37,8,1
23,2,1
25,1,1
33,27,1
25,1,1
-309,12,0
25,1,1
-278,36,0
-300,1,0
41,12,1
25,1,1
50,22,1
-299,6,0
31,3,1
25,1,1
-296,11,0
25,1,1
36,11,1
-300,1,0
29,4,1
40,18,1
27,5,1
24,2,1
46,19,1
28,2,1
42,30,1
33,5,1
28,5,1
31,11,1
-300,4,0
-300,1,0
-300,1,0
31,75,1
-301,2,0
-300,1,0
-298,5,0
39,11,1
46,24,1
26,3,1
43,11,1
25,1,1
34,8,1
25,1,1
30,4,1
-289,28,0
32,9,1
39,23,1
25,1,1
45,30,1
36,9,1
28,2,1
31,3,1
28,2,1
-310,6,0
-304,15,0
27,3,1
37,16,1
-294,3,0
25,1,1
-296,4,0
25,1,1
34,4,1
29,5,1
33,5,1
23,2,1
36,14,1
28,2,1
23,2,1
-295,7,0
35,6,1
31,3,1
35,7,1
39,9,1
25,1,1
40,9,1
24,2,1
-296,10,0
-297,2,0
25,1,1
-302,9,0
31,6,1
28,2,1
42,13,1
30,4,1
-295,9,0
-297,7,0
-281,19,0
24,6,1
25,1,1
31,6,1
-300,1,0
32,8,1
34,7,1
47,23,1
-293,17,0
-299,3,0
-300,1,0
30,34,1
-295,7,0
28,7,1
31,3,1
47,20,1
36,6,1
36,15,1
23,2,1
27,3,1
23,2,1
-295,4,0
41,19,1
33,10,1
28,2,1
28,2,1
-296,11,0
26,3,1
-302,2,0
28,5,1
-291,10,0
28,5,1
25,1,1
25,1,1
-287,14,0
37,10,1
34,7,1
23,5,1
-273,33,0
39,14,1
31,3,1
25,1,1
-302,2,0
35,10,1
-275,42,0
-256,37,0
36,6,1
28,2,1
35,7,1
32,6,1
39,7,1
28,2,1
25,1,1
34,11,1
25,1,1
-300,1,0
24,2,1
34,10,1
35,7,1
25,1,1
-294,3,0
38,7,1
-281,26,0
-294,3,0
-304,3,0
25,1,1
35,6,1
46,14,1
44,21,1
-301,16,0
25,1,1
38,17,1
33,5,1
48,23,1
25,1,1
28,2,1
34,4,1
37,12,1
25,1,1
34,4,1
59,24,1
27,10,1
25,1,1
-289,18,0
51,17,1
-307,5,0
31,6,1
33,5,1
29,8,1
27,3,1
37,8,1
26,3,1
25,1,1
28,2,1
28,2,1
-300,1,0
37,5,1
29,4,1
28,2,1
28,2,1
-294,3,0
42,11,1
38,16,1
30,45,1
34,7,1
36,8,1
-302,2,0
35,7,1
25,1,1
-305,7,0
25,1,1
44,22,1
35,10,1
24,2,1
36,6,1
-300,4,0
-287,32,0
-302,2,0
27,10,1
25,1,1
44,32,1
38,11,1
25,1,1
46,12,1
31,3,1
25,1,1
28,5,1
25,1,1
-301,2,0
25,1,1
-292,12,0
-292,7,0
23,2,1
36,6,1
31,6,1
38,13,1
-282,17,0
-288,15,0
40,16,1
25,1,1
40,10,1
25,1,1
25,1,1
25,1,1
25,7,1
25,1,1
30,4,1
-287,23,0
25,1,1
25,1,1
-294,13,0
45,28,1
25,1,1
34,8,1
25,7,1
41,17,1
-298,3,0
-289,13,0
39,7,1
42,12,1
41,12,1
-300,1,0
28,2,1
-284,8,0
38,18,1
31,3,1
37,11,1
28,2,1
25,1,1
-299,4,0
-291,44,0
-296,8,0
25,1,1
-300,1,0
-304,12,0
-300,1,0
-298,3,0
34,13,1
24,2,1
-297,2,0
25,1,1
-294,12,0
-289,19,0
46,12,1
25,1,1
25,1,1
34,4,1
25,1,1
49,15,1
48,43,1
-289,11,0
27,3,1
-309,12,0
42,18,1
23,2,1
-274,32,0
26,4,1
-301,2,0
29,11,1
24,2,1
25,1,1
30,9,1
-302,2,0
40,20,1
25,1,1
-300,1,0
-301,13,0
32,5,1
35,12,1
-297,2,0
25,1,1
25,1,1
-300,1,0
44,13,1
25,27,1
40,28,1
25,1,1
40,12,1
25,1,1
42,34,1
45,24,1
32,5,1
32,5,1
37,9,1
42,12,1
41,15,1
25,1,1
28,12,1
-295,4,0
-299,3,0
-295,14,0
28,2,1
-301,7,0
25,1,1
-287,18,0
25,1,1
34,14,1
39,7,1
33,5,1
25,1,1
29,7,1
25,1,1
-280,23,0
54,25,1
-301,10,0
-297,2,0
50,18,1
42,10,1
59,31,1
-297,2,0
25,1,1
36,6,1
28,20,1
38,14,1
-294,16,0
28,2,1
25,1,1
28,2,1
26,3,1
28,2,1
32,8,1
-295,9,0
60,41,1
40,12,1
59,63,1
25,1,1
-307,41,0
33,10,1
25,1,1
25,1,1
40,13,1
25,1,1
29,7,1
24,2,1
-291,7,0
-286,29,0
-290,12,0
-299,6,0
-300,1,0
23,2,1
24,2,1
-298,3,0
31,3,1
25,1,1
-298,14,0
28,2,1
48,25,1
38,15,1
28,2,1
-272,61,0
30,4,1
36,16,1
25,1,1
36,13,1
25,1,1
25,1,1
-300,1,0
35,12,1
33,33,1
-300,7,0
27,7,1
25,1,1
24,2,1
42,18,1
27,8,1
36,6,1
-294,3,0
-302,5,0
38,8,1
25,1,1
30,4,1
29,5,1
52,24,1
25,1,1
40,6,1
41,19,1
25,1,1
-297,5,0
-299,3,0
-297,2,0
27,3,1
27,11,1
-296,35,0
25,1,1
36,21,1
-294,7,0
34,4,1
30,4,1
25,1,1
25,1,1
-285,10,0
25,1,1
34,12,1
54,24,1
32,6,1
33,7,1
24,5,1
28,2,1
-300,1,0
24,2,1
25,1,1
-293,16,0
29,4,1
23,2,1
40,11,1
-299,6,0
38,7,1
-300,1,0
23,2,1
25,1,1
25,4,1
38,7,1
36,13,1
25,1,1
25,8,1
-300,1,0
43,7,1
-302,2,0
28,2,1
26,3,1
29,5,1
-298,3,0
-300,1,0
35,6,1
33,11,1
24,2,1
26,3,1
47,24,1
25,1,1
-300,1,0
25,1,1
25,11,1
39,10,1
57,53,1
27,3,1
34,13,1
25,1,1
21,6,1
28,5,1
-295,8,0
48,20,1
31,6,1
33,11,1
-300,1,0
-302,2,0
-295,13,0
46,18,1
34,9,1
35,20,1
25,1,1
-291,13,0
28,2,1
-297,7,0
-300,1,0
25,1,1
32,6,1
25,1,1
-299,6,0
25,1,1
25,1,1
28,7,1
-299,3,0
31,13,1
26,3,1
-295,9,0
28,2,1
-292,13,0
36,10,1
31,3,1
-296,7,0
32,11,1
32,5,1
36,13,1
28,2,1
28,2,1
25,1,1
34,17,1
36,12,1
-302,12,0
30,4,1
41,12,1
25,1,1
23,2,1
38,21,1
25,1,1
27,3,1
-287,32,0
31,3,1
28,2,1
28,2,1
37,52,1
-278,17,0
28,2,1
-303,3,0
47,50,1
-275,19,0
33,5,1
39,10,1
25,1,1
-297,2,0
44,26,1
-290,16,0
25,1,1
27,3,1
42,45,1
31,3,1
69,58,1
31,3,1
25,1,1
31,6,1
34,27,1
24,2,1
34,4,1
28,2,1
38,8,1
31,6,1
37,11,1
25,1,1
35,7,1
35,12,1
43,11,1
45,15,1
23,2,1
25,1,1
43,13,1
24,5,1
-301,7,0
35,10,1
42,21,1
25,1,1
-294,15,0
25,1,1
59,23,1
-300,1,0
31,3,1
31,3,1
31,6,1
28,2,1
25,1,1
38,17,1
26,16,1
46,17,1
31,9,1
35,13,1
30,20,1
27,6,1
31,3,1
-290,10,0
22,15,1
25,1,1
28,2,1
25,1,1
42,8,1
-291,11,0
33,11,1
28,2,1
25,1,1
25,1,1
-293,11,0
30,4,1
39,18,1
-300,1,0
41,15,1
31,3,1
41,18,1
-296,13,0
25,1,1
29,8,1
47,23,1
56,33,1
37,8,1
-301,2,0
35,6,1
25,1,1
-291,12,0
51,25,1
34,4,1
33,10,1
-286,10,0
37,17,1
32,10,1
-299,14,0
38,7,1
38,8,1
-295,6,0
-317,12,0
32,6,1
27,8,1
-293,6,0
37,19,1
24,2,1
29,10,1
-301,27,0
57,27,1
25,1,1
25,1,1
37,13,1
-291,4,0
-300,1,0
25,1,1
32,5,1
25,1,1
-292,5,0
25,1,1
-285,9,0
-290,16,0
49,16,1
-292,21,0
-300,1,0
-297,2,0
25,4,1
37,14,1
25,1,1
-288,13,0
39,7,1
27,9,1
25,1,1
-302,2,0
28,2,1
25,1,1
25,1,1
28,2,1
31,3,1
43,18,1
23,2,1
25,1,1
53,42,1
25,1,1
-300,4,0
48,20,1
-285,6,0
-300,1,0
-277,39,0
33,31,1
33,5,1
-300,1,0
26,3,1
27,10,1
-309,10,0
23,2,1
-302,2,0
-299,3,0
25,1,1
24,7,1
-295,4,0
23,2,1
35,10,1
25,1,1
24,2,1
25,1,1
25,1,1
25,1,1
32,6,1
28,2,1
38,11,1
-300,1,0
25,1,1
25,4,1
25,1,1
28,5,1
44,22,1
37,12,1
27,3,1
36,22,1
-301,2,0
28,2,1
25,1,1
38,11,1
25,1,1
-298,3,0
25,1,1
25,1,1
31,3,1
24,2,1
31,3,1
43,17,1
34,10,1
39,14,1
24,14,1
39,17,1
37,5,1
39,13,1
25,1,1
43,13,1
26,3,1
-299,10,0
-290,10,0
-281,21,0
30,4,1
28,2,1
24,2,1
23,3,1
-302,8,0
45,16,1
31,3,1
30,4,1
-297,9,0
34,7,1
25,1,1
41,36,1
25,1,1
-298,11,0
31,3,1
-300,1,0
48,19,1
27,3,1
-299,10,0
28,2,1
25,1,1
38,7,1
34,4,1
-305,5,0
-282,24,0
29,4,1
25,1,1
-303,3,0
23,2,1
25,1,1
-287,26,0
28,2,1
48,33,1
25,1,1
-295,14,0
24,7,1
33,9,1
-292,17,0
28,2,1
40,35,1
25,1,1
25,1,1
25,1,1
-280,15,0
38,11,1
26,3,1
42,22,1
-303,3,0
-292,22,0
49,19,1
33,5,1
25,1,1
-302,5,0
43,16,1
28,2,1
28,2,1
-295,4,0
32,8,1
30,4,1
25,1,1
-299,9,0
50,21,1
25,1,1
32,6,1
38,7,1
24,2,1
35,10,1
23,2,1
24,2,1
24,2,1
25,1,1
-299,7,0
27,3,1
24,5,1
-299,3,0
33,5,1
34,10,1
23,2,1
-280,19,0
31,3,1
29,19,1
28,2,1
25,1,1
25,1,1
-302,2,0
-297,2,0
36,6,1
28,2,1
43,13,1
31,6,1
-289,40,0
-300,10,0
42,16,1
34,4,1
-281,17,0
24,2,1
28,2,1
24,2,1
-273,35,0
31,6,1
31,3,1
29,5,1
26,3,1
31,3,1
37,11,1
32,5,1
-295,4,0
-286,7,0
25,1,1
-296,16,0
25,1,1
-297,2,0
23,2,1
-300,1,0
-299,10,0
24,27,1
25,1,1
28,2,1
31,3,1
34,13,1
-296,13,0
50,29,1
-297,2,0
40,22,1
27,3,1
39,19,1
25,1,1
25,1,1
25,1,1
31,15,1
43,16,1
25,1,1
29,5,1
25,1,1
28,2,1
26,6,1
62,40,1
42,14,1
38,11,1
28,2,1
43,19,1
-297,2,0
30,12,1
31,18,1
-282,22,0
25,1,1
-296,4,0
31,3,1
31,3,1
35,34,1
-300,6,0
-286,29,0
28,5,1
26,3,1
-304,6,0
-300,1,0
25,1,1
-304,9,0
51,23,1
34,4,1
26,6,1
-301,11,0
-301,2,0
32,12,1
33,5,1
-300,1,0
-292,10,0
24,4,1
30,4,1
35,6,1
39,11,1
30,4,1
-299,10,0
-302,2,0
44,19,1
48,16,1
25,1,1
47,28,1
24,4,1
24,2,1
45,22,1
43,10,1
25,1,1
38,7,1
28,2,1
53,25,1
26,3,1
25,1,1
-298,5,0
59,38,1
25,1,1
32,5,1
49,18,1
25,1,1
40,9,1
42,11,1
25,1,1
-297,2,0
25,1,1
25,1,1
-293,5,0
24,2,1
40,6,1
28,2,1
25,1,1
25,1,1
48,22,1
34,4,1
-302,2,0
36,13,1
-285,16,0
39,10,1
31,3,1
-300,1,0
25,1,1
25,1,1
25,1,1
25,1,1
30,7,1
25,1,1
43,23,1
29,4,1
29,13,1
35,10,1
38,39,1
30,4,1
-279,29,0
41,11,1
25,1,1
35,10,1
33,5,1
39,7,1
-292,18,0
41,12,1
37,5,1
28,2,1
39,10,1
-297,2,0
31,3,1
33,5,1
28,2,1
-288,30,0
33,7,1
27,3,1
25,1,1
28,2,1
44,21,1
25,1,1
-292,8,0
28,2,1
33,14,1
41,15,1
28,2,1
-302,21,0
25,1,1
34,14,1
34,4,1
24,2,1
31,3,1
30,4,1
33,8,1
-300,13,0
32,5,1
38,8,1
-296,4,0
27,3,1
28,2,1
42,12,1
-298,17,0
37,5,1
27,13,1
23,2,1
-303,3,0
38,12,1
25,1,1
40,16,1
24,2,1
31,3,1
-300,1,0
27,3,1
58,32,1
36,15,1
28,2,1
36,16,1
-299,7,0
38,7,1
32,8,1
31,9,1
28,2,1
31,3,1
24,2,1
32,5,1
-297,5,0
-300,1,0
29,4,1
37,5,1
24,2,1
28,2,1
38,23,1
-298,12,0
37,5,1
35,6,1
-299,3,0
34,7,1
38,11,1
39,43,1
39,14,1
36,12,1
43,15,1
48,10,1
29,4,1
34,10,1
25,8,1
25,1,1
-289,8,0
25,1,1
25,1,1
30,6,1
30,7,1
-307,18,0
38,7,1
31,3,1
32,5,1
42,8,1
25,1,1
36,6,1
35,7,1
35,15,1
29,7,1
38,15,1
29,4,1
24,2,1
-289,8,0
37,5,1
45,12,1
-297,5,0
38,14,1
-288,39,0
-300,1,0
-289,9,0
-310,13,0
36,9,1
25,1,1
25,1,1
28,2,1
-291,8,0
41,18,1
37,8,1
25,1,1
28,2,1
37,14,1
49,45,1
51,33,1
28,5,1
-294,13,0
37,14,1
29,17,1
35,6,1
25,1,1
-290,23,0
29,7,1
25,1,1
43,15,1
25,1,1
35,10,1
40,13,1
-300,1,0
34,4,1
25,1,1
34,11,1
28,2,1
31,3,1
25,1,1
43,29,1
25,1,1
25,1,1
30,6,1
31,3,1
28,2,1
-305,5,0
25,1,1
42,26,1
28,2,1
-302,14,0
25,1,1
-292,5,0
27,6,1
31,10,1
25,1,1
-294,3,0
-294,6,0
-297,7,0
37,8,1
-303,8,0
-300,1,0
-287,34,0
31,9,1
25,1,1
29,4,1
25,1,1
37,5,1
28,2,1
28,2,1
45,33,1
39,15,1
25,1,1
48,17,1
28,2,1
25,1,1
25,1,1
36,11,1
-281,33,0
29,4,1
25,1,1
33,5,1
25,1,1
30,4,1
28,2,1
-293,15,0
28,2,1
25,1,1
41,16,1
-302,2,0
25,1,1
28,2,1
43,14,1
43,16,1
42,16,1
39,10,1
55,45,1
28,2,1
38,17,1
25,1,1
-301,10,0
-292,13,0
35,7,1
28,9,1
31,3,1
25,1,1
25,4,1
25,1,1
26,3,1
36,15,1
28,2,1
25,1,1
25,6,1
-293,6,0
23,2,1
31,9,1
25,1,1
32,5,1
-295,4,0
40,9,1
-280,17,0
35,9,1
31,3,1
28,2,1
-299,12,0
32,6,1
25,1,1
34,7,1
35,7,1
30,4,1
44,10,1
31,3,1
37,12,1
28,2,1
-300,4,0
27,3,1
-299,3,0
39,12,1
29,7,1
-284,9,0
38,7,1
-303,12,0
43,27,1
36,6,1
61,38,1
50,18,1
27,5,1
-300,1,0
25,1,1
25,1,1
25,1,1
40,23,1
25,1,1
25,1,1
36,9,1
25,1,1
-300,1,0
37,27,1
25,1,1
42,20,1
45,16,1
25,1,1
31,3,1
44,17,1
29,8,1
49,17,1
25,1,1
-291,7,0
23,2,1
25,1,1
26,6,1
-285,9,0
35,7,1
33,9,1
25,1,1
24,2,1
44,40,1
-290,10,0
39,10,1
36,45,1
-300,1,0
35,7,1
31,3,1
-283,15,0
29,5,1
26,3,1
27,3,1
32,39,1
40,12,1
24,2,1
-292,10,0
37,29,1
25,1,1
25,1,1
47,19,1
-300,1,0
-302,2,0
49,19,1
-299,3,0
25,1,1
-297,5,0
38,8,1
-300,1,0
44,32,1
26,3,1
28,2,1
31,3,1
-300,7,0
-301,4,0
-289,33,0
31,3,1
26,4,1
31,3,1
31,12,1
-300,1,0
25,1,1
28,2,1
-304,4,0
33,5,1
25,1,1
24,2,1
-293,5,0
25,1,1
29,4,1
-303,5,0
25,1,1
24,2,1
-297,2,0
25,1,1
-297,2,0
-298,3,0
36,6,1
46,17,1
39,17,1
60,36,1
32,8,1
35,6,1
32,5,1
38,8,1
25,1,1
-297,2,0
43,17,1
34,7,1
25,1,1
27,6,1
39,14,1
39,11,1
40,6,1
25,1,1
30,4,1
-296,4,0
-303,5,0
32,5,1
30,6,1
25,1,1
-287,24,0
30,4,1
-289,9,0
28,2,1
40,6,1
31,3,1
25,1,1
23,2,1
27,3,1
-300,1,0
-298,3,0
31,3,1
25,1,1
23,2,1
25,1,1
-290,9,0
28,2,1
25,5,1
35,10,1
-279,24,0
31,3,1
-298,7,0
-272,25,0
28,5,1
-304,3,0
28,8,1
-301,4,0
34,7,1
-295,4,0
26,3,1
37,8,1
25,1,1
37,8,1
30,4,1
25,1,1
28,2,1
34,4,1
25,1,1
32,11,1
34,4,1
25,1,1
35,10,1
-298,6,0
24,2,1
25,1,1
35,10,1
44,20,1
31,6,1
36,12,1
25,1,1
31,6,1
-288,9,0
31,3,1
25,1,1
-304,11,0
25,1,1
24,7,1
25,1,1
26,3,1
38,13,1
-298,3,0
-297,10,0
34,31,1
43,20,1
-293,14,0
41,26,1
-267,62,0
28,2,1
-294,25,0
-304,9,0
-300,1,0
25,1,1
31,3,1
25,4,1
31,6,1
28,2,1
27,3,1
28,2,1
28,2,1
-301,6,0
-300,1,0
26,3,1
-296,11,0
25,1,1
27,3,1
32,15,1
25,1,1
44,16,1
25,1,1
32,8,1
25,1,1
25,1,1
37,8,1
-295,6,0
32,10,1
28,2,1
25,1,1
22,21,1
-295,4,0
23,2,1
28,2,1
25,1,1
33,5,1
-300,1,0
35,9,1
-295,4,0
-300,1,0
40,20,1
39,11,1
36,9,1
25,13,1
42,16,1
37,5,1
24,2,1
-295,10,0
42,14,1
25,1,1
28,2,1
29,4,1
28,2,1
45,26,1
25,1,1
29,4,1
23,2,1
25,1,1
43,14,1
25,1,1
36,6,1
25,1,1
25,1,1
25,1,1
25,1,1
25,4,1
31,3,1
25,1,1
37,12,1
25,1,1
28,2,1
30,4,1
41,8,1
28,9,1
34,4,1
-295,7,0
30,6,1
36,19,1
28,2,1
35,17,1
-297,5,0
25,1,1
-286,12,0
26,3,1
29,4,1
25,1,1
25,1,1
31,3,1
-291,8,0
-289,6,0
28,2,1
-298,3,0
-297,5,0
-300,1,0
25,1,1
-307,8,0
25,1,1
-294,6,0
38,24,1
29,8,1
24,2,1
30,4,1
-298,6,0
-278,22,0
37,17,1
46,18,1
25,1,1
-297,2,0
-284,29,0
24,2,1
45,11,1
-300,4,0
25,1,1
39,16,1
50,30,1
37,11,1
36,6,1
-300,1,0
25,1,1
24,2,1
28,2,1
25,1,1
-298,20,0
48,27,1
28,2,1
34,14,1
25,1,1
-266,52,0
39,14,1
-293,6,0
23,2,1
28,2,1
27,8,1
25,1,1
28,2,1
29,4,1
44,25,1
-296,4,0
43,22,1
36,6,1
31,3,1
39,13,1
-300,1,0
-306,8,0
31,3,1
41,9,1
37,11,1
41,9,1
27,3,1
24,10,1
25,1,1
34,7,1
25,1,1
28,2,1
23,2,1
28,2,1
25,1,1
-292,29,0
37,24,1
25,1,1
-298,21,0
30,4,1
-298,3,0
28,2,1
35,19,1
24,2,1
25,1,1
37,8,1
25,1,1
34,20,1
25,1,1
31,3,1
31,3,1
25,1,1
23,2,1
25,1,1
28,2,1
-293,14,0
28,2,1
36,9,1
43,26,1
36,24,1
25,1,1
45,26,1
25,7,1
25,1,1
23,2,1
37,11,1
25,1,1
25,9,1
25,1,1
36,6,1
25,1,1
25,1,1
41,9,1
-295,22,0
-303,3,0
38,20,1
36,6,1
31,3,1
-285,28,0
30,4,1
-306,4,0
24,2,1
28,2,1
-302,6,0
31,3,1
-288,11,0
30,4,1
25,1,1
41,9,1
25,1,1
25,1,1
25,1,1
34,4,1
31,3,1
25,1,1
-298,11,0
33,5,1
-286,13,0
31,3,1
23,2,1
25,1,1
40,10,1
-297,2,0
25,1,1
-292,5,0
25,1,1
48,24,1
25,1,1
25,1,1
41,9,1
-298,3,0
-303,4,0
42,16,1
32,6,1
34,7,1
-296,7,0
31,3,1
-297,18,0
26,4,1
34,4,1
36,6,1
43,20,1
42,11,1
44,16,1
25,1,1
-300,1,0
56,30,1
32,8,1
-303,6,0
31,3,1
37,5,1
25,1,1
35,7,1
30,4,1
36,6,1
28,2,1
31,6,1
28,2,1
28,2,1
-300,1,0
34,7,1
32,5,1
49,16,1
25,1,1
36,10,1
-285,6,0
39,7,1
-295,8,0
-301,2,0
36,9,1
-282,18,0
37,14,1
33,28,1
31,7,1
43,13,1
25,1,1
31,3,1
30,4,1
39,10,1
28,2,1
30,4,1
48,17,1
28,2,1
28,11,1
45,9,1
25,1,1
50,33,1
-293,15,0
25,1,1
29,4,1
-301,4,0
23,2,1
45,23,1
-300,1,0
35,6,1
28,2,1
24,2,1
34,7,1
-301,4,0
-300,1,0
25,1,1
36,8,1
25,1,1
-298,3,0
25,1,1
39,16,1
28,2,1
-294,8,0
-300,1,0
-286,37,0
33,7,1
-297,5,0
25,1,1
-299,10,0
28,2,1
-281,30,0
25,1,1
33,11,1
36,9,1
42,21,1
42,12,1
42,17,1
40,15,1
35,6,1
29,7,1
25,1,1
34,4,1
-298,3,0
-292,7,0
-299,6,0
28,2,1
24,4,1
27,3,1
41,23,1
40,10,1
25,1,1
25,1,1
-305,4,0
25,23,1
32,5,1
33,5,1
-295,8,0
28,2,1
41,12,1
28,2,1
33,5,1
25,1,1
25,1,1
30,4,1
29,4,1
34,4,1
37,12,1
27,5,1
-291,7,0
29,8,1
36,9,1
34,17,1
-282,30,0
42,8,1
34,7,1
34,7,1
37,13,1
-297,5,0
-295,6,0
-299,15,0
-308,5,0
-297,2,0
34,4,1
-300,1,0
25,1,1
33,11,1
39,24,1
-297,18,0
50,16,1
-301,8,0
37,11,1
25,1,1
43,13,1
-302,2,0
-291,7,0
-297,2,0
36,9,1
-300,1,0
25,1,1
32,8,1
25,1,1
31,6,1
29,4,1
24,2,1
25,1,1
25,1,1
31,17,1
25,1,1
-300,4,0
22,3,1
34,4,1
39,15,1
26,3,1
-291,7,0
49,32,1
25,1,1
25,1,1
37,16,1
34,4,1
-295,4,0
37,5,1
36,21,1
38,13,1
27,3,1
31,6,1
28,5,1
42,16,1
-294,3,0
32,8,1
40,28,1
34,8,1
31,3,1
35,6,1
28,2,1
-301,11,0
33,5,1
40,13,1
42,14,1
41,20,1
31,3,1
25,1,1
24,2,1
34,8,1
-298,5,0
-300,1,0
36,6,1
61,40,1
28,2,1
28,2,1
28,2,1
-300,11,0
-289,6,0
25,1,1
28,2,1
-301,8,0
60,37,1
28,2,1
25,4,1
25,1,1
26,3,1
28,2,1
28,5,1
51,15,1
-301,14,0
43,15,1
-289,19,0
-300,4,0
28,2,1
23,2,1
-300,1,0
31,3,1
44,10,1
35,7,1
28,2,1
25,1,1
24,2,1
31,6,1
33,18,1
35,9,1
-297,5,0
33,5,1
28,2,1
25,1,1
37,9,1
25,1,1
25,1,1
28,2,1
-300,1,0
-295,4,0
25,4,1
25,1,1
34,4,1
32,8,1
-299,3,0
-303,6,0
30,4,1
-300,1,0
55,47,1
-301,4,0
45,19,1
25,1,1
28,2,1
28,2,1
32,6,1
33,5,1
33,14,1
-304,9,0
33,5,1
-286,37,0
34,10,1
-300,1,0
29,4,1
25,1,1
25,1,1
36,6,1
41,11,1
43,19,1
38,10,1
-297,7,0
34,8,1
33,7,1
44,13,1
-307,9,0
34,4,1
40,6,1
39,12,1
37,11,1
-300,1,0
25,1,1
-286,11,0
-294,6,0
35,7,1
30,4,1
25,1,1
34,4,1
30,9,1
45,16,1
31,3,1
-300,1,0
48,19,1
25,1,1
-293,9,0
28,5,1
25,1,1
-300,1,0
25,1,1
45,19,1
25,1,1
30,4,1
28,8,1
36,6,1
-298,6,0
49,20,1
29,4,1
25,1,1
28,2,1
34,4,1
25,1,1
-300,1,0
25,1,1
-292,16,0
25,1,1
24,2,1
25,1,1
-297,19,0
31,8,1
25,1,1
-300,1,0
27,5,1
-280,48,0
25,1,1
35,6,1
45,31,1
25,1,1
25,1,1
30,4,1
39,13,1
36,13,1
27,3,1
-294,6,0
31,3,1
25,1,1
-300,1,0
25,1,1
31,3,1
29,4,1
33,5,1
-293,9,0
25,1,1
25,1,1
25,1,1
-289,18,0
25,1,1
26,7,1
44,24,1
35,9,1
41,16,1
25,1,1
25,1,1
25,1,1
25,1,1
25,1,1
-289,11,0
28,2,1
39,13,1
-301,8,0
23,2,1
28,2,1
25,1,1
33,5,1
31,3,1
31,3,1
32,6,1
39,7,1
23,5,1
30,4,1
30,6,1
50,15,1
34,4,1
33,5,1
25,1,1
25,1,1
-299,4,0
35,7,1
25,1,1
45,19,1
34,4,1
40,6,1
33,5,1
36,19,1
29,4,1
51,24,1
49,18,1
49,21,1
26,3,1
31,3,1
28,2,1
55,28,1
35,7,1
-300,1,0
25,1,1
25,1,1
34,7,1
38,42,1
29,4,1
-299,3,0
28,2,1
25,1,1
28,2,1
23,2,1
34,4,1
31,3,1
25,1,1
33,5,1
55,21,1
25,1,1
-300,1,0
35,6,1
32,12,1
-282,11,0
32,6,1
48,14,1
25,1,1
25,1,1
-300,1,0
32,5,1
31,6,1
31,3,1
-304,19,0
31,3,1
34,4,1
41,11,1
-296,7,0
40,10,1
39,11,1
39,15,1
25,1,1
28,2,1
25,1,1
-292,5,0
49,37,1
29,4,1
25,1,1
34,7,1
38,12,1
32,9,1
-297,5,0
25,1,1
49,36,1
28,2,1
-302,16,0
-296,5,0
31,8,1
-296,26,0
50,18,1
31,3,1
24,2,1
25,1,1
39,9,1
25,1,1
28,2,1
32,5,1
26,3,1
29,5,1
46,19,1
40,20,1
25,1,1
31,7,1
42,8,1
33,11,1
-300,1,0
-287,10,0
28,2,1
30,4,1
48,18,1
37,9,1
41,11,1
42,8,1
33,13,1
25,1,1
25,1,1
31,3,1
36,6,1
36,6,1
-295,4,0
28,2,1
35,6,1
-297,2,0
-300,1,0
28,11,1
25,1,1
28,2,1
25,1,1
25,1,1
33,7,1
28,2,1
-292,10,0
25,1,1
25,1,1
42,15,1
-294,18,0
37,11,1
-276,23,0
25,1,1
34,7,1
24,2,1
24,2,1
25,1,1
30,4,1
-306,4,0
29,7,1
17,22,1
30,4,1
50,23,1
50,12,1
39,7,1
44,13,1
31,3,1
30,4,1
34,7,1
25,1,1
-296,5,0
35,28,1
43,13,1
28,2,1
28,2,1
25,1,1
25,1,1
32,6,1
35,6,1
25,1,1
31,3,1
30,13,1
-302,3,0
-300,1,0
24,2,1
44,19,1
28,2,1
41,15,1
-296,13,0
36,13,1
42,11,1
33,5,1
23,2,1
40,35,1
32,6,1
42,11,1
36,9,1
32,5,1
27,3,1
31,3,1
37,5,1
33,8,1
35,10,1
-300,1,0
25,1,1
29,10,1
29,11,1
25,1,1
-302,2,0
44,16,1
27,3,1
30,9,1
45,38,1
27,3,1
25,1,1
37,5,1
31,6,1
34,4,1
25,1,1
37,8,1
31,3,1
36,9,1
38,15,1
-301,4,0
25,1,1
26,10,1
41,23,1
40,9,1
27,3,1
27,3,1
25,1,1
45,12,1
28,2,1
-302,3,0
32,8,1
23,11,1
36,12,1
25,1,1
33,5,1
40,21,1
29,4,1
38,15,1
-297,2,0
41,15,1
25,1,1
41,9,1
31,3,1
-302,25,0
28,2,1
24,2,1
28,2,1
28,2,1
40,38,1
25,1,1
23,18,1
31,6,1
28,2,1
-292,17,0
-302,2,0
25,1,1
25,1,1
39,7,1
31,10,1
37,25,1
31,3,1
25,1,1
25,1,1
30,4,1
36,6,1
-297,9,0
32,8,1
27,6,1
46,34,1
28,2,1
25,1,1
24,2,1
-300,1,0
32,9,1
28,2,1
25,1,1
36,12,1
46,20,1
38,14,1
24,2,1
-287,8,0
46,18,1
38,12,1
28,2,1
32,5,1
42,11,1
38,11,1
28,5,1
25,1,1
30,4,1
-299,6,0
32,24,1
49,27,1
31,6,1
28,2,1
31,3,1
34,4,1
37,12,1
41,12,1
33,5,1
23,2,1
37,14,1
35,7,1
42,11,1
28,2,1
25,1,1
-300,1,0
-292,9,0
25,1,1
25,1,1
25,1,1
-291,4,0
25,1,1
25,1,1
39,7,1
-302,2,0
32,12,1
-283,10,0
37,5,1
25,1,1
25,1,1
25,1,1
31,3,1
28,2,1
-300,1,0
-302,2,0
-300,1,0
31,6,1
33,8,1
-288,19,0
25,1,1
35,6,1
-300,1,0
31,3,1
28,2,1
24,4,1
25,1,1
-300,1,0
36,6,1
31,6,1
39,7,1
-300,1,0
-312,38,0
25,1,1
36,10,1
25,1,1
32,6,1
38,10,1
25,1,1
-297,2,0
28,2,1
28,2,1
28,2,1
45,20,1
33,5,1
56,32,1
26,3,1
-294,3,0
23,2,1
25,1,1
25,1,1
23,2,1
38,16,1
34,4,1
25,5,1
-297,5,0
25,1,1
-298,3,0
28,2,1
25,1,1
25,1,1
37,8,1
28,2,1
35,6,1
31,12,1
31,3,1
36,12,1
25,1,1
25,1,1
30,4,1
40,15,1
34,8,1
51,43,1
39,13,1
27,5,1
-297,2,0
36,6,1
37,12,1
33,8,1
40,6,1
42,8,1
28,5,1
-302,13,0
33,17,1
30,4,1
-297,5,0
25,1,1
24,2,1
30,4,1
34,4,1
25,1,1
25,1,1
-285,10,0
28,2,1
25,1,1
25,1,1
25,4,1
28,2,1
37,5,1
-301,2,0
-283,15,0
33,8,1
-304,4,0
-288,11,0
30,4,1
-285,9,0
25,1,1
34,11,1
33,10,1
-290,9,0
33,5,1
34,4,1
28,5,1
25,1,1
25,1,1
30,4,1
31,3,1
26,13,1
-300,1,0
25,10,1
28,2,1
-292,10,0
-297,2,0
24,2,1
31,11,1
-294,8,0
32,6,1
53,36,1
25,1,1
41,12,1
31,3,1
25,1,1
25,1,1
-294,3,0
37,9,1
25,1,1
36,9,1
25,4,1
28,2,1
-308,6,0
31,3,1
25,1,1
29,5,1
25,1,1
42,8,1
29,4,1
28,2,1
31,3,1
28,2,1
34,10,1
29,4,1
25,1,1
-301,2,0
25,1,1
28,2,1
25,1,1
24,2,1
25,1,1
31,3,1
-286,13,0
25,1,1
35,6,1
-302,2,0
-295,4,0
38,15,1
33,5,1
55,23,1
34,17,1
24,2,1
-289,6,0
25,1,1
37,5,1
28,2,1
26,3,1
-296,5,0
25,1,1
28,2,1
24,2,1
37,8,1
35,7,1
31,3,1
25,1,1
-289,19,0
31,3,1
25,1,1
33,7,1
-296,7,0
-297,8,0
28,2,1
-298,6,0
25,1,1
28,2,1
28,2,1
34,10,1
31,3,1
25,1,1
36,10,1
38,13,1
27,3,1
-293,12,0
33,11,1
37,5,1
38,8,1
24,2,1
31,3,1
37,15,1
27,3,1
38,10,1
26,3,1
-300,1,0
-295,4,0
34,4,1
42,12,1
31,3,1
-303,10,0
30,4,1
28,2,1
25,1,1
25,1,1
28,2,1
23,2,1
24,5,1
-298,15,0
28,2,1
28,2,1
-305,7,0
33,5,1
25,1,1
39,7,1
48,16,1
-293,10,0
29,5,1
25,1,1
-298,6,0
25,1,1
26,3,1
28,2,1
-295,4,0
25,1,1
31,3,1
45,18,1
34,4,1
28,5,1
37,5,1
25,1,1
25,1,1
29,18,1
31,3,1
-302,6,0
25,1,1
36,8,1
27,3,1
25,1,1
36,9,1
48,21,1
-296,10,0
41,17,1
-300,1,0
-300,4,0
-283,33,0
-300,4,0
31,3,1
40,15,1
-301,7,0
-291,9,0
24,2,1
39,17,1
40,6,1
35,6,1
29,4,1
44,18,1
-300,1,0
34,4,1
36,12,1
-300,1,0
25,1,1
42,11,1
25,1,1
28,2,1
44,33,1
37,18,1
60,31,1
29,4,1
34,7,1
30,4,1
-282,35,0
-297,5,0
36,9,1
27,3,1
-291,13,0
25,1,1
25,1,1
31,7,1
25,1,1
25,1,1
25,1,1
40,25,1
-303,3,0
28,2,1
28,2,1
30,4,1
25,1,1
30,6,1
34,4,1
39,9,1
35,10,1
28,2,1
31,3,1
21,7,1
-283,17,0
-291,8,0
38,10,1
25,1,1
51,43,1
31,3,1
40,6,1
34,33,1
48,23,1
25,1,1
41,18,1
31,3,1
39,23,1
25,1,1
52,18,1
49,25,1
39,20,1
39,7,1
45,9,1
25,1,1
34,14,1
25,1,1
47,11,1
-297,19,0
34,4,1
37,9,1
34,4,1
28,2,1
32,8,1
49,23,1
34,4,1
25,5,1
38,14,1
25,1,1
-293,6,0
25,1,1
-307,6,0
31,14,1
25,1,1
36,16,1
37,10,1
25,1,1
-293,13,0
36,9,1
-299,4,0
41,9,1
28,2,1
32,6,1
31,3,1
25,1,1
36,6,1
46,8,1
47,21,1
24,2,1
32,18,1
-299,3,0
48,41,1
34,4,1
39,13,1
34,7,1
34,10,1
-302,2,0
-280,33,0
25,1,1
25,1,1
25,1,1
-297,2,0
32,5,1
-298,6,0
-298,5,0
-300,1,0
23,3,1
53,32,1
34,7,1
31,3,1
-300,1,0
28,2,1
39,22,1
36,13,1
28,2,1
25,1,1
29,4,1
43,14,1
37,5,1
-300,1,0
-300,1,0
-300,1,0
25,1,1
33,5,1
47,24,1
25,1,1
-298,6,0
31,3,1
35,12,1
-300,1,0
28,2,1
33,5,1
29,4,1
36,9,1
28,2,1
30,7,1
28,2,1
25,10,1
30,4,1
29,7,1
25,1,1
25,1,1
36,8,1
35,9,1
34,4,1
25,1,1
28,2,1
34,4,1
25,1,1
25,1,1
48,42,1
24,2,1
-299,11,0
31,3,1
40,10,1
-296,5,0
29,19,1
25,1,1
28,2,1
37,5,1
36,9,1
35,14,1
35,6,1
31,3,1
-294,13,0
30,4,1
28,2,1
-303,3,0
32,5,1
25,1,1
33,5,1
31,3,1
28,2,1
31,7,1
25,1,1
25,1,1
31,9,1
41,13,1
38,10,1
28,2,1
-297,13,0
-307,13,0
46,15,1
-297,5,0
53,20,1
25,1,1
31,3,1
-288,13,0
25,1,1
28,2,1
37,9,1
-272,30,0
37,17,1
45,21,1
-300,1,0
56,24,1
25,1,1
27,11,1
30,4,1
36,6,1
28,2,1
-299,7,0
25,1,1
34,4,1
36,10,1
-296,19,0
35,6,1
47,15,1
28,2,1
28,2,1
-297,18,0
37,5,1
38,18,1
32,5,1
37,5,1
43,23,1
-303,5,0
39,12,1
-288,5,0
25,1,1
28,2,1
-299,3,0
37,14,1
27,22,1
23,2,1
32,5,1
31,6,1
40,13,1
25,1,1
29,4,1
25,1,1
28,2,1
27,3,1
24,2,1
-290,9,0
37,17,1
33,5,1
55,33,1
-300,4,0
28,2,1
44,15,1
-300,1,0
37,8,1
31,3,1
25,1,1
28,2,1
31,3,1
-297,2,0
29,8,1
42,12,1
34,4,1
37,5,1
60,22,1
-287,16,0
-294,6,0
40,6,1
39,13,1
29,5,1
35,13,1
-300,1,0
-291,9,0
45,24,1
23,2,1
36,6,1
32,6,1
33,10,1
32,5,1
25,1,1
40,6,1
28,2,1
25,1,1
30,4,1
31,3,1
39,7,1
28,2,1
28,2,1
45,12,1
31,6,1
25,1,1
25,1,1
28,2,1
25,1,1
-296,4,0
33,5,1
28,2,1
26,4,1
28,2,1
38,7,1
25,1,1
28,2,1
28,2,1
31,3,1
44,10,1
31,3,1
28,2,1
-296,4,0
34,11,1
-293,6,0
31,3,1
32,9,1
38,10,1
31,6,1
25,1,1
33,5,1
28,2,1
-300,1,0
25,1,1
-301,5,0
-300,1,0
41,9,1
25,1,1
28,8,1
28,2,1
25,1,1
34,4,1
25,1,1
-295,6,0
28,2,1
34,13,1
28,2,1
25,1,1
28,2,1
-304,16,0
25,1,1
37,8,1
33,7,1
26,3,1
28,2,1
-290,14,0
-299,6,0
-303,3,0
28,2,1
28,2,1
28,2,1
46,15,1
36,6,1
-300,1,0
-300,1,0
-296,11,0
37,8,1
31,3,1
25,1,1
38,8,1
40,15,1
31,3,1
34,4,1
43,28,1
34,7,1
28,2,1
25,1,1
-297,10,0
-296,4,0
25,1,1
25,1,1
-300,1,0
30,7,1
54,25,1
28,2,1
25,1,1
39,10,1
31,3,1
34,4,1
43,20,1
54,29,1
28,2,1
25,1,1
44,16,1
32,5,1
38,7,1
31,3,1
33,5,1
28,2,1
25,1,1
31,3,1
31,3,1
39,13,1
34,4,1
-299,3,0
29,4,1
25,1,1
36,12,1
28,2,1
33,5,1
24,2,1
-299,6,0
31,3,1
43,29,1
-302,9,0
27,8,1
25,5,1
-299,3,0
25,1,1
36,6,1
54,24,1
45,15,1
25,1,1
25,1,1
35,6,1
25,1,1
-299,7,0
37,23,1
32,5,1
45,24,1
23,2,1
30,4,1
39,14,1
35,13,1
-301,2,0
26,6,1
35,17,1
27,3,1
25,1,1
25,1,1
26,3,1
25,1,1
-299,14,0
-300,1,0
-300,1,0
33,8,1
33,7,1
-297,2,0
30,4,1
-302,2,0
31,3,1
-289,18,0
23,2,1
31,3,1
36,9,1
34,4,1
28,2,1
56,39,1
57,49,1
33,5,1
25,1,1
25,1,1
-299,3,0
53,20,1
20,21,1
34,4,1
31,9,1
44,20,1
-300,1,0
54,31,1
25,1,1
27,3,1
21,8,1
25,1,1
28,2,1
-302,5,0
41,15,1
-289,6,0
42,19,1
34,4,1
25,1,1
50,19,1
37,11,1
36,11,1
-302,2,0
25,1,1
58,29,1
31,6,1
24,2,1
-302,9,0
28,2,1
-299,6,0
28,2,1
25,1,1
-295,4,0
25,1,1
-299,3,0
27,3,1
28,2,1
38,7,1
24,2,1
27,5,1
25,1,1
38,8,1
-301,2,0
36,13,1
28,2,1
25,1,1
36,18,1
-298,3,0
27,9,1
25,1,1
44,9,1
24,2,1
48,15,1
50,24,1
28,2,1
33,39,1
36,9,1
25,1,1
28,2,1
29,7,1
25,1,1
34,4,1
-300,1,0
25,1,1
22,33,1
25,1,1
28,2,1
23,2,1
31,6,1
25,1,1
-300,1,0
-299,3,0
32,5,1
37,5,1
-300,1,0
24,2,1
39,10,1
25,1,1
28,2,1
29,4,1
25,1,1
33,5,1
-303,3,0
28,2,1
54,25,1
49,13,1
28,2,1
-308,8,0
28,2,1
-292,7,0
24,2,1
24,2,1
30,4,1
36,16,1
-288,8,0
31,3,1
-291,10,0
25,1,1
25,1,1
-285,13,0
-299,6,0
25,1,1
28,2,1
44,14,1
28,2,1
39,14,1
24,2,1
25,1,1
24,2,1
28,2,1
25,1,1
25,1,1
34,4,1
81,57,1
31,3,1
34,14,1
24,2,1
42,38,1
-297,8,0
33,5,1
25,1,1
40,11,1
25,1,1
33,5,1
31,9,1
45,21,1
25,1,1
31,3,1
26,3,1
-303,3,0
35,10,1
22,3,1
25,1,1
28,2,1
31,3,1
-297,2,0
43,15,1
27,6,1
44,10,1
29,4,1
34,13,1
30,4,1
27,3,1
25,1,1
43,15,1
27,3,1
25,1,1
42,21,1
45,15,1
-290,11,0
28,2,1
-300,1,0
48,18,1
25,1,1
38,10,1
-300,1,0
25,1,1
25,1,1
37,12,1
-301,4,0
47,25,1
28,2,1
42,11,1
-290,9,0
30,4,1
-302,2,0
25,1,1
33,5,1
-307,9,0
-303,3,0
45,9,1
43,14,1
40,14,1
25,1,1
28,2,1
30,4,1
-297,2,0
32,9,1
40,9,1
31,10,1
-303,14,0
58,36,1
26,3,1
28,2,1
35,7,1
32,15,1
49,17,1
36,14,1
-300,1,0
36,15,1
28,2,1
44,17,1
39,14,1
42,16,1
44,26,1
33,5,1
25,1,1
-294,10,0
41,15,1
72,65,1
42,11,1
38,11,1
45,27,1
28,2,1
53,21,1
50,20,1
37,8,1
42,17,1
46,15,1
25,1,1
27,3,1
-300,1,0
-300,1,0
-282,42,0
35,12,1
25,1,1
28,2,1
25,1,1
-300,1,0
-306,14,0
31,9,1
-296,10,0
-294,9,0
26,3,1
30,4,1
28,2,1
28,2,1
31,3,1
25,1,1
31,3,1
31,3,1
41,18,1
28,5,1
37,5,1
41,15,1
38,8,1
25,1,1
-308,9,0
32,6,1
25,1,1
41,12,1
38,8,1
32,8,1
32,6,1
-297,24,0
-300,1,0
37,15,1
-293,14,0
25,1,1
30,4,1
24,2,1
25,1,1
23,2,1
28,2,1
32,5,1
-300,1,0
28,2,1
35,7,1
-298,3,0
47,13,1
40,9,1
31,3,1
31,3,1
25,1,1
25,1,1
29,8,1
39,7,1
45,11,1
24,2,1
25,1,1
25,1,1
28,2,1
-293,13,0
25,1,1
34,8,1
41,9,1
46,16,1
28,2,1
25,1,1
46,35,1
44,16,1
30,4,1
-300,1,0
40,14,1
39,7,1
25,1,1
24,2,1
-300,1,0
25,1,1
47,18,1
25,1,1
-298,3,0
33,15,1
33,11,1
31,3,1
-308,14,0
-292,10,0
27,3,1
31,3,1
35,12,1
42,14,1
-293,9,0
-295,21,0
37,5,1
29,7,1
30,4,1
31,6,1
47,23,1
-300,1,0
25,1,1
29,9,1
25,1,1
25,1,1
29,4,1
25,4,1
25,1,1
24,2,1
24,2,1
-300,1,0
24,2,1
24,5,1
28,2,1
37,5,1
36,6,1
-300,14,0
-292,20,0
32,5,1
33,5,1
31,3,1
34,14,1
37,5,1
31,6,1
31,3,1
33,8,1
27,3,1
23,2,1
32,8,1
25,1,1
-300,1,0
-284,19,0
-291,15,0
40,11,1
37,9,1
-297,7,0
33,5,1
24,2,1
23,2,1
47,26,1
30,15,1
50,21,1
24,2,1
24,2,1
25,1,1
25,1,1
31,3,1
25,1,1
29,5,1
41,19,1
-284,14,0
32,5,1
34,8,1
28,2,1
-303,4,0
24,2,1
25,1,1
-292,26,0
31,3,1
49,13,1
39,10,1
-303,3,0
28,2,1
-296,4,0
25,1,1
28,2,1
43,13,1
44,10,1
25,1,1
-288,8,0
29,17,1
34,7,1
37,9,1
35,6,1
37,9,1
38,19,1
42,12,1
-292,7,0
29,5,1
-301,2,0
37,12,1
25,1,1
25,1,1
50,38,1
36,22,1
17,10,1
26,3,1
28,2,1
25,1,1
25,1,1
37,8,1
-298,14,0
-292,14,0
31,3,1
64,41,1
41,12,1
29,4,1
46,21,1
-298,28,0
62,32,1
28,5,1
31,3,1
38,7,1
31,3,1
36,6,1
-302,2,0
28,2,1
25,1,1
26,3,1
52,47,1
-295,8,0
37,8,1
39,14,1
41,15,1
-302,2,0
30,4,1
28,2,1
25,1,1
33,11,1
37,11,1
32,5,1
24,2,1
-301,2,0
25,1,1
41,8,1
33,11,1
-301,2,0
25,1,1
31,6,1
-299,3,0
-286,31,0
25,1,1
29,4,1
38,8,1
-297,2,0
25,1,1
31,3,1
39,7,1
25,1,1
25,4,1
31,3,1
31,9,1
31,6,1
-302,2,0
25,1,1
25,1,1
25,1,1
25,1,1
31,3,1
25,1,1
-300,4,0
37,12,1
25,1,1
25,1,1
25,1,1
35,6,1
-298,3,0
40,6,1
53,22,1
34,14,1
35,6,1
36,6,1
37,5,1
28,2,1
25,1,1
38,8,1
36,6,1
25,1,1
34,4,1
25,1,1
36,6,1
37,5,1
25,1,1
25,1,1
41,9,1
28,2,1
37,24,1
42,11,1
-288,14,0
25,1,1
35,7,1
26,4,1
26,3,1
23,2,1
40,20,1
25,1,1
-295,7,0
28,2,1
25,1,1
39,14,1
31,3,1
25,1,1
-282,31,0
31,3,1
25,4,1
35,7,1
25,1,1
30,7,1
25,1,1
28,2,1
35,9,1
25,4,1
-294,3,0
26,3,1
-297,2,0
25,1,1
-293,16,0
25,1,1
25,1,1
28,2,1
32,8,1
28,2,1
28,2,1
28,2,1
25,1,1
25,1,1
37,5,1
28,2,1
49,19,1
29,4,1
28,2,1
34,16,1
46,24,1
28,2,1
19,6,1
33,5,1
36,8,1
33,5,1
-297,2,0
-295,9,0
41,19,1
34,7,1
29,7,1
25,1,1
25,1,1
37,5,1
-297,8,0
41,11,1
31,15,1
45,15,1
-302,2,0
25,1,1
28,2,1
27,3,1
-299,3,0
-291,4,0
28,2,1
24,2,1
28,2,1
33,12,1
44,12,1
40,6,1
40,15,1
-297,2,0
25,1,1
26,3,1
25,1,1
47,21,1
44,16,1
35,11,1
-302,2,0
43,18,1
-300,1,0
44,13,1
42,14,1
45,22,1
34,9,1
-308,35,0
-297,2,0
25,1,1
25,1,1
36,8,1
31,3,1
37,9,1
38,11,1
36,22,1
25,1,1
25,1,1
42,18,1
29,4,1
31,3,1
-284,21,0
-296,11,0
38,16,1
49,16,1
36,6,1
38,24,1
-281,13,0
47,13,1
24,2,1
35,9,1
39,10,1
39,9,1
28,2,1
34,4,1
25,1,1
25,1,1
25,1,1
43,11,1
33,5,1
30,4,1
33,17,1
23,2,1
25,1,1
29,4,1
-281,25,0
-297,2,0
-300,1,0
34,4,1
27,3,1
28,2,1
36,9,1
-307,14,0
37,5,1
30,4,1
25,1,1
25,1,1
39,7,1
30,4,1
-291,9,0
31,3,1
-313,10,0
29,7,1
25,1,1
24,2,1
-303,3,0
38,8,1
34,4,1
36,6,1
38,8,1
37,8,1
25,1,1
31,3,1
32,12,1
37,5,1
25,1,1
-295,4,0
26,3,1
39,10,1
25,4,1
38,8,1
27,3,1
30,4,1
37,9,1
23,2,1
-302,2,0
25,1,1
24,2,1
28,2,1
28,2,1
29,5,1
-301,5,0
36,9,1
34,4,1
25,1,1
-301,4,0
28,2,1
24,2,1
25,1,1
42,12,1
50,24,1
33,5,1
25,1,1
81,62,1
39,15,1
34,4,1
37,8,1
-286,12,0
38,7,1
28,7,1
34,4,1
-303,11,0
-300,1,0
31,6,1
-289,10,0
24,2,1
25,1,1
25,1,1
25,1,1
28,2,1
34,15,1
52,20,1
39,10,1
25,1,1
-283,27,0
36,15,1
28,2,1
31,3,1
37,5,1
-300,1,0
42,20,1
25,1,1
28,2,1
25,1,1
25,1,1
37,5,1
31,3,1
35,10,1
25,1,1
25,1,1
30,4,1
23,6,1
25,1,1
25,1,1
29,4,1
34,16,1
36,6,1
30,4,1
33,5,1
27,3,1
38,8,1
31,3,1
35,7,1
-300,1,0
32,6,1
45,14,1
35,6,1
28,2,1
23,2,1
32,6,1
57,40,1
34,4,1
26,7,1
-298,9,0
25,1,1
33,5,1
34,4,1
32,5,1
25,1,1
39,10,1
-292,8,0
23,5,1
-297,2,0
25,1,1
-300,1,0
25,1,1
37,17,1
36,6,1
-297,2,0
34,11,1
25,1,1
30,10,1
26,7,1
-300,20,0
64,51,1
25,1,1
30,4,1
-296,8,0
59,25,1
25,1,1
43,10,1
44,12,1
28,2,1
34,4,1
32,6,1
28,2,1
29,4,1
30,7,1
45,9,1
25,1,1
25,1,1
53,35,1
25,1,1
-295,4,0
33,5,1
38,10,1
25,1,1
25,1,1
24,2,1
-293,5,0
34,4,1
49,17,1
38,8,1
25,1,1
40,10,1
-300,1,0
30,13,1
25,1,1
36,6,1
33,5,1
23,2,1
45,15,1
35,6,1
38,8,1
-291,7,0
-302,2,0
25,1,1
35,12,1
25,1,1
-300,1,0
37,8,1
38,10,1
-289,12,0
47,17,1
25,1,1
46,29,1
29,4,1
34,8,1
25,1,1
31,6,1
44,10,1
25,1,1
46,12,1
44,14,1
46,12,1
37,5,1
38,7,1
25,1,1
-289,10,0
-283,15,0
53,30,1
53,25,1
26,3,1
32,5,1
45,17,1
-290,6,0
24,4,1
46,12,1
30,20,1
29,7,1
45,12,1
28,2,1
31,3,1
29,4,1
25,1,1
25,1,1
28,2,1
35,10,1
41,11,1
25,1,1
36,9,1
25,1,1
33,8,1
30,6,1
23,5,1
27,3,1
34,4,1
38,12,1
-305,14,0
35,9,1
23,2,1
25,1,1
45,21,1
32,6,1
25,1,1
28,2,1
35,9,1
31,3,1
-302,17,0
25,1,1
38,8,1
-300,1,0
25,1,1
25,1,1
31,6,1
35,6,1
-295,15,0
25,1,1
45,22,1
25,1,1
29,4,1
25,1,1
27,3,1
25,1,1
24,2,1
37,9,1
37,5,1
-292,8,0
28,2,1
55,18,1
25,1,1
35,13,1
25,1,1
34,4,1
33,5,1
-300,1,0
42,8,1
34,27,1
34,4,1
33,5,1
28,2,1
46,32,1
41,9,1
28,2,1
25,1,1
35,6,1
28,2,1
25,1,1
33,8,1
28,2,1
25,1,1
25,1,1
31,3,1
33,7,1
-293,10,0
27,20,1
42,11,1
-299,3,0
25,1,1
-290,22,0
31,9,1
23,2,1
-300,4,0
37,5,1
-300,1,0
28,2,1
25,1,1
27,9,1
28,2,1
33,5,1
27,6,1
-297,2,0
-298,3,0
25,4,1
-306,8,0
-297,2,0
33,7,1
32,5,1
25,1,1
34,4,1
28,2,1
28,2,1
29,10,1
-304,14,0
31,3,1
-295,7,0
28,2,1
30,4,1
28,2,1
31,3,1
25,1,1
34,4,1
34,4,1
42,10,1
34,8,1
31,3,1
38,11,1
37,11,1
25,1,1
29,4,1
28,2,1
39,13,1
29,4,1
32,11,1
-301,5,0
35,15,1
26,7,1
39,38,1
26,3,1
34,9,1
39,7,1
30,4,1
25,1,1
34,8,1
-302,2,0
25,1,1
31,3,1
28,2,1
28,2,1
-297,2,0
25,1,1
42,18,1
28,2,1
31,3,1
42,11,1
25,1,1
-300,1,0
28,2,1
-300,1,0
-293,13,0
27,3,1
36,6,1
34,4,1
31,3,1
-300,1,0
39,7,1
45,22,1
28,2,1
-294,3,0
-280,21,0
24,2,1
-295,6,0
34,4,1
25,1,1
25,1,1
-301,5,0
57,24,1
39,7,1
34,4,1
24,2,1
54,35,1
25,1,1
25,1,1
34,4,1
53,18,1
26,3,1
25,1,1
37,5,1
34,4,1
28,2,1
37,9,1
49,29,1
29,5,1
-291,35,0
33,5,1
23,2,1
28,2,1
31,3,1
31,6,1
37,13,1
31,3,1
28,2,1
-299,3,0
25,1,1
37,11,1
48,28,1
25,1,1
38,7,1
30,4,1
36,6,1
39,18,1
33,5,1
43,16,1
25,1,1
28,2,1
31,6,1
31,3,1
29,4,1
25,1,1
23,2,1
31,3,1
28,2,1
42,17,1
31,3,1
34,11,1
36,21,1
-306,5,0
30,7,1
45,14,1
25,1,1
26,11,1
29,4,1
48,21,1
39,10,1
48,28,1
-302,3,0
-302,2,0
25,1,1
24,2,1
25,1,1
25,1,1
-296,7,0
31,3,1
36,21,1
39,16,1
28,2,1
28,2,1
28,2,1
27,3,1
24,2,1
-291,7,0
28,2,1
31,3,1
25,1,1
31,17,1
28,2,1
31,13,1
24,2,1
28,2,1
30,4,1
25,1,1
-301,8,0
38,11,1
25,1,1
31,6,1
-294,14,0
32,8,1
36,8,1
31,3,1
28,2,1
43,14,1
22,3,1
23,2,1
38,14,1
46,8,1
48,13,1
42,18,1
-296,45,0
34,4,1
63,35,1
34,11,1
45,18,1
25,1,1
-288,42,0
30,7,1
40,16,1
28,2,1
-299,4,0
25,1,1
30,4,1
29,7,1
37,5,1
31,3,1
31,6,1
31,6,1
25,1,1
35,7,1
39,10,1
34,4,1
25,1,1
36,9,1
24,2,1
25,1,1
31,3,1
37,12,1
25,1,1
28,5,1
-288,18,0
25,1,1
25,1,1
25,1,1
25,1,1
39,10,1
-300,1,0
25,1,1
34,7,1
-300,1,0
30,4,1
25,1,1
25,1,1
25,1,1
37,5,1
25,1,1
32,5,1
28,2,1
31,3,1
37,8,1
-298,15,0
60,36,1
25,1,1
29,7,1
31,3,1
25,1,1
25,1,1
34,4,1
28,2,1
34,4,1
25,1,1
38,13,1
-285,15,0
39,7,1
25,1,1
25,1,1
25,1,1
25,1,1
31,6,1
35,15,1
28,2,1
25,1,1
57,20,1
25,1,1
31,3,1
-297,8,0
34,7,1
-295,10,0
29,4,1
28,5,1
31,3,1
-298,9,0
34,4,1
31,6,1
34,9,1
25,1,1
34,10,1
34,4,1
35,9,1
42,11,1
29,4,1
25,1,1
25,1,1
-300,1,0
34,4,1
28,2,1
36,9,1
27,3,1
31,3,1
37,9,1
32,6,1
28,2,1
36,6,1
25,1,1
25,1,1
28,2,1
52,26,1
29,4,1
-298,5,0
25,1,1
31,3,1
28,2,1
25,1,1
30,4,1
23,2,1
28,2,1
25,1,1
41,11,1
36,12,1
30,4,1
26,3,1
41,21,1
34,4,1
25,1,1
28,2,1
37,11,1
23,2,1
25,1,1
36,11,1
-303,12,0
25,1,1
45,12,1
34,4,1
25,1,1
41,27,1
37,5,1
28,2,1
25,1,1
-300,1,0
28,2,1
46,8,1
37,8,1
45,12,1
24,19,1
28,2,1
25,1,1
31,3,1
40,10,1
36,6,1
35,7,1
28,2,1
25,1,1
41,21,1
39,9,1
34,4,1
25,1,1
31,3,1
-300,1,0
-290,15,0
31,3,1
41,11,1
25,1,1
25,1,1
28,2,1
31,3,1
24,2,1
-300,1,0
28,2,1
28,2,1
-299,3,0
32,8,1
28,2,1
36,6,1
41,21,1
-292,5,0
24,2,1
25,1,1
31,3,1
31,3,1
22,3,1
25,1,1
25,1,1
43,11,1
31,3,1
31,3,1
35,15,1
28,2,1
27,5,1
27,3,1
-300,1,0
25,1,1
36,9,1
36,6,1
25,1,1
31,3,1
46,15,1
26,3,1
25,1,1
25,1,1
28,2,1
42,17,1
34,4,1
39,7,1
47,10,1
32,8,1
25,7,1
23,2,1
25,1,1
45,12,1
28,2,1
42,11,1
-300,1,0
36,6,1
-297,10,0
25,1,1
21,3,1
27,5,1
60,36,1
47,33,1
28,2,1
37,9,1
37,21,1
31,3,1
-300,1,0
-280,9,0
25,1,1
41,15,1
25,1,1
27,3,1
28,2,1
29,4,1
25,1,1
-268,29,0
52,21,1
25,1,1
29,4,1
-286,7,0
32,6,1
24,2,1
28,2,1
-292,11,0
38,14,1
28,2,1
50,15,1
36,8,1
38,11,1
-292,5,0
25,1,1
-290,13,0
25,1,1
29,10,1
25,1,1
25,1,1
41,16,1
36,6,1
25,1,1
31,3,1
23,2,1
31,3,1
25,1,1
27,10,1
37,14,1
27,3,1
25,1,1
28,2,1
33,7,1
25,1,1
40,10,1
46,32,1
30,4,1
34,9,1
25,1,1
28,2,1
34,4,1
25,1,1
25,1,1
25,1,1
30,7,1
28,2,1
38,7,1
25,1,1
28,2,1
28,2,1
25,1,1
40,16,1
31,3,1
28,2,1
27,6,1
47,14,1
25,1,1
38,8,1
25,1,1
-294,15,0
24,2,1
33,9,1
39,18,1
34,4,1
28,2,1
39,19,1
30,4,1
28,2,1
33,11,1
25,1,1
25,1,1
31,3,1
25,1,1
25,1,1
27,3,1
28,2,1
38,13,1
30,4,1
-289,8,0
34,4,1
42,10,1
37,8,1
40,32,1
49,16,1
25,1,1
33,5,1
38,7,1
31,3,1
28,2,1
25,4,1
30,4,1
24,5,1
31,3,1
25,1,1
37,11,1
34,4,1
25,1,1
29,5,1
31,3,1
31,3,1
37,5,1
31,3,1
27,3,1
25,1,1
27,18,1
-300,4,0
-300,4,0
29,4,1
28,2,1
25,1,1
29,4,1
29,8,1
-300,14,0
28,2,1
25,1,1
24,2,1
23,2,1
37,16,1
36,6,1
-299,3,0
34,4,1
30,6,1
36,6,1
-300,1,0
-293,6,0
25,1,1
43,19,1
34,4,1
26,3,1
34,8,1
31,6,1
34,40,1
38,13,1
37,15,1
38,10,1
25,1,1
25,1,1
34,7,1
25,1,1
35,6,1
31,6,1
37,9,1
40,16,1
28,2,1
34,4,1
32,8,1
33,5,1
31,3,1
31,3,1
27,3,1
28,2,1
-300,1,0
25,1,1
23,2,1
25,1,1
25,1,1
34,4,1
31,17,1
27,3,1
-289,6,0
-290,7,0
25,1,1
43,35,1
37,5,1
34,4,1
28,2,1
35,7,1
28,2,1
31,14,1
33,5,1
37,5,1
34,7,1
45,25,1
24,2,1
40,9,1
33,5,1
25,7,1
-297,5,0
27,3,1
25,1,1
-297,8,0
45,24,1
44,14,1
24,2,1
26,3,1
25,1,1
25,1,1
25,1,1
25,1,1
38,7,1
-301,2,0
25,1,1
-300,1,0
-305,10,0
38,12,1
29,4,1
25,1,1
25,1,1
-294,3,0
25,1,1
26,4,1
25,1,1
25,1,1
24,2,1
-283,14,0
25,1,1
25,1,1
41,14,1
-286,13,0
39,13,1
25,1,1
39,7,1
25,1,1
25,1,1
33,7,1
-300,1,0
45,13,1
25,1,1
38,31,1
42,15,1
-291,15,0
33,5,1
38,16,1
31,3,1
34,7,1
28,2,1
40,6,1
-300,1,0
25,1,1
26,3,1
28,2,1
34,7,1
36,20,1
34,4,1
31,3,1
46,26,1
25,4,1
34,4,1
28,2,1
36,6,1
-303,3,0
25,1,1
25,1,1
38,7,1
25,1,1
39,7,1
34,7,1
30,4,1
-300,1,0
34,4,1
34,4,1
-294,3,0
35,6,1
25,1,1
32,6,1
41,9,1
-302,2,0
65,38,1
34,4,1
45,20,1
33,5,1
36,15,1
25,1,1
36,15,1
-300,1,0
34,4,1
28,2,1
49,15,1
-300,1,0
26,3,1
34,4,1
28,2,1
29,4,1
25,1,1
35,6,1
28,2,1
43,10,1
28,2,1
49,17,1
46,18,1
35,10,1
25,1,1
37,19,1
24,2,1
25,1,1
39,10,1
-295,7,0
25,1,1
34,4,1
23,2,1
28,2,1
46,16,1
29,4,1
34,7,1
31,3,1
25,1,1
31,6,1
25,1,1
32,14,1
25,1,1
28,2,1
25,1,1
31,3,1
25,1,1
-302,2,0
-304,3,0
25,1,1
28,2,1
36,6,1
43,11,1
24,2,1
28,2,1
35,7,1
25,1,1
25,1,1
50,19,1
25,4,1
25,1,1
28,2,1
38,10,1
25,1,1
29,4,1
42,24,1
38,10,1
25,1,1
-296,27,0
28,2,1
25,1,1
42,15,1
56,25,1
31,3,1
25,1,1
-299,9,0
31,3,1
34,7,1
33,5,1
45,29,1
27,3,1
36,6,1
29,8,1
27,3,1
34,4,1
47,19,1
31,6,1
29,4,1
31,3,1
28,2,1
33,5,1
28,2,1
-297,2,0
45,11,1
36,8,1
48,18,1
34,7,1
31,3,1
29,4,1
25,1,1
34,8,1
28,2,1
29,8,1
30,6,1
-294,3,0
-300,1,0
-293,5,0
25,1,1
28,2,1
36,6,1
25,1,1
38,8,1
37,5,1
27,6,1
31,3,1
29,4,1
26,7,1
31,3,1
40,13,1
40,6,1
25,1,1
34,7,1
26,6,1
28,2,1
28,2,1
29,4,1
34,4,1
28,2,1
27,5,1
34,4,1
28,7,1
29,4,1
23,2,1
24,2,1
32,6,1
35,7,1
24,4,1
35,7,1
31,3,1
28,2,1
38,10,1
25,1,1
44,16,1
28,2,1
34,4,1
37,5,1
28,2,1
43,13,1
40,9,1
25,13,1
25,1,1
30,4,1
25,1,1
28,2,1
28,2,1
-292,5,0
-300,12,0
25,1,1
33,5,1
25,4,1
28,2,1
-298,8,0
25,1,1
31,3,1
25,1,1
37,14,1
32,6,1
50,24,1
34,4,1
27,3,1
30,4,1
31,3,1
32,6,1
34,4,1
25,1,1
32,6,1
-302,14,0
28,2,1
31,3,1
25,1,1
43,14,1
25,8,1
25,1,1
30,4,1
26,18,1
23,2,1
25,1,1
36,6,1
28,2,1
31,3,1
30,4,1
31,3,1
-301,15,0
29,5,1
28,2,1
25,1,1
39,7,1
25,1,1
29,11,1
40,23,1
31,3,1
35,12,1
25,1,1
-289,6,0
39,14,1
-297,12,0
-300,1,0
25,1,1
25,1,1
38,8,1
34,4,1
31,3,1
21,4,1
23,2,1
28,2,1
-305,10,0
27,3,1
23,2,1
26,3,1
42,23,1
31,3,1
-302,11,0
23,2,1
-296,10,0
-304,7,0
40,6,1
34,4,1
33,5,1
22,3,1
34,14,1
25,1,1
25,1,1
31,7,1
29,4,1
34,4,1
48,20,1
25,1,1
31,3,1
-300,1,0
46,24,1
28,2,1
25,1,1
25,1,1
34,7,1
25,1,1
29,4,1
34,4,1
59,61,1
25,1,1
38,12,1
24,2,1
37,5,1
28,2,1
37,5,1
25,1,1
43,13,1
36,12,1
44,13,1
-300,1,0
24,2,1
25,1,1
39,7,1
30,4,1
31,3,1
34,7,1
-290,11,0
25,1,1
-283,21,0
39,7,1
34,7,1
25,1,1
25,1,1
23,2,1
43,24,1
28,2,1
28,2,1
45,15,1
24,2,1
31,3,1
25,1,1
25,1,1
24,2,1
35,10,1
25,1,1
27,6,1
-294,3,0
25,1,1
30,6,1
25,1,1
38,7,1
30,4,1
27,3,1
40,10,1
25,1,1
49,13,1
-300,1,0
25,1,1
31,3,1
41,8,1
25,1,1
40,10,1
25,9,1
45,16,1
39,14,1
28,2,1
34,11,1
25,1,1
28,2,1
42,20,1
32,6,1
28,2,1
31,3,1
39,7,1
25,1,1
-300,6,0
25,1,1
27,3,1
37,5,1
-301,2,0
25,1,1
29,5,1
25,1,1
35,10,1
33,7,1
34,8,1
36,9,1
25,1,1
25,1,1
28,2,1
28,2,1
33,5,1
39,18,1
25,1,1
24,2,1
35,10,1
31,6,1
-300,1,0
44,9,1
33,5,1
41,19,1
42,15,1
31,6,1
45,16,1
-298,3,0
37,5,1
28,2,1
24,4,1
40,10,1
25,1,1
33,5,1
36,12,1
-302,2,0
40,9,1
23,2,1
28,2,1
28,2,1
30,4,1
28,2,1
35,10,1
25,1,1
31,3,1
24,2,1
28,2,1
28,2,1
24,2,1
34,12,1
32,5,1
34,9,1
35,6,1
-293,5,0
-294,3,0
28,2,1
31,3,1
28,2,1
41,12,1
27,3,1
25,1,1
24,2,1
29,4,1
49,16,1
25,1,1
33,8,1
23,2,1
28,2,1
28,2,1
28,2,1
25,1,1
41,18,1
42,13,1
39,7,1
-289,24,0
33,5,1
34,4,1
28,2,1
25,1,1
34,4,1
32,6,1
31,10,1
31,3,1
26,4,1
43,10,1
45,16,1
28,2,1
36,6,1
37,22,1
25,1,1
-300,1,0
31,3,1
35,6,1
34,7,1
41,9,1
-303,3,0
-282,19,0
36,6,1
38,12,1
-296,5,0
24,2,1
25,1,1
25,1,1
31,3,1
23,2,1
37,5,1
46,24,1
40,6,1
31,3,1
32,14,1
43,14,1
-296,5,0
44,9,1
28,2,1
24,2,1
33,8,1
25,1,1
25,1,1
25,1,1
25,1,1
23,2,1
25,1,1
27,3,1
39,10,1
29,4,1
25,1,1
23,2,1
39,7,1
37,5,1
53,26,1
46,17,1
36,8,1
27,3,1
25,1,1
41,15,1
34,4,1
29,9,1
-292,9,0
23,2,1
25,1,1
40,17,1
36,12,1
28,2,1
41,9,1
31,3,1
-306,8,0
25,1,1
25,1,1
25,1,1
25,1,1
57,23,1
31,3,1
27,3,1
31,3,1
25,1,1
25,1,1
-304,8,0
32,5,1
27,12,1
30,4,1
29,4,1
24,2,1
24,4,1
25,1,1
28,2,1
51,28,1
31,3,1
30,4,1
25,1,1
25,1,1
25,1,1
41,23,1
25,1,1
41,18,1
24,2,1
31,3,1
31,3,1
-294,13,0
34,7,1
25,1,1
25,1,1
42,10,1
25,1,1
24,2,1
28,2,1
40,12,1
25,1,1
36,6,1
25,1,1
-274,30,0
25,1,1
-300,1,0
31,3,1
25,1,1
31,3,1
24,2,1
36,9,1
23,2,1
35,9,1
32,5,1
35,9,1
-296,5,0
37,8,1
-296,4,0
26,3,1
47,13,1
46,12,1
34,4,1
34,11,1
28,2,1
40,13,1
39,7,1
23,2,1
25,1,1
25,1,1
39,28,1
37,17,1
35,7,1
37,5,1
24,2,1
25,1,1
24,2,1
38,7,1
25,1,1
-291,11,0
28,2,1
40,9,1
-300,1,0
31,3,1
34,17,1
44,13,1
31,3,1
25,1,1
-300,1,0
31,3,1
37,5,1
31,3,1
25,1,1
33,5,1
43,11,1
28,2,1
31,3,1
37,8,1
31,3,1
25,1,1
25,1,1
44,32,1
-299,4,0
31,3,1
28,2,1
47,21,1
25,1,1
25,1,1
25,1,1
46,29,1
37,5,1
28,2,1
27,9,1
30,7,1
40,6,1
28,2,1
31,10,1
34,8,1
37,5,1
25,1,1
28,2,1
34,12,1
25,1,1
28,2,1
37,13,1
45,13,1
36,6,1
40,12,1
37,19,1
30,7,1
25,1,1
42,19,1
27,3,1
28,2,1
52,25,1
-299,3,0
45,16,1
-300,1,0
34,16,1
31,3,1
29,4,1
35,19,1
38,7,1
31,7,1
37,11,1
25,1,1
31,3,1
22,3,1
25,1,1
23,2,1
34,4,1
47,21,1
35,7,1
25,1,1
36,8,1
28,2,1
36,6,1
26,3,1
-290,10,0
31,3,1
37,8,1
32,6,1
28,2,1
31,3,1
-295,16,0
28,2,1
49,16,1
28,2,1
36,6,1
28,2,1
43,7,1
36,6,1
23,2,1
25,1,1
27,3,1
25,1,1
28,2,1
31,3,1
25,1,1
-300,1,0
43,20,1
35,6,1
32,5,1
34,7,1
30,4,1
36,19,1
41,12,1
25,1,1
40,6,1
-290,7,0
31,6,1
41,9,1
-292,5,0
25,1,1
52,33,1
28,2,1
40,21,1
30,14,1
31,3,1
28,2,1
25,1,1
34,4,1
32,5,1
36,6,1
-292,5,0
28,2,1
31,3,1
-300,1,0
34,4,1
25,1,1
25,1,1
31,3,1
31,3,1
38,14,1
-295,4,0
25,1,1
35,9,1
25,1,1
-287,20,0
25,1,1
25,1,1
26,9,1
42,12,1
25,1,1
40,12,1
25,1,1
25,1,1
28,2,1
-287,20,0
-299,4,0
30,4,1
44,9,1
55,28,1
42,12,1
27,5,1
25,1,1
31,3,1
25,1,1
25,1,1
32,5,1
38,7,1
31,3,1
-294,3,0
25,1,1
28,2,1
32,6,1
25,1,1
44,16,1
-302,5,0
32,6,1
38,8,1
28,2,1
31,3,1
25,1,1
30,6,1
25,1,1
31,3,1
40,6,1
37,13,1
25,1,1
28,2,1
39,7,1
26,3,1
30,4,1
25,1,1
23,2,1
39,12,1
40,10,1
37,8,1
31,3,1
30,7,1
34,4,1
-300,1,0
34,4,1
33,5,1
29,4,1
-306,5,0
41,8,1
28,2,1
34,4,1
28,2,1
24,2,1
-285,10,0
31,6,1
32,8,1
50,27,1
37,5,1
38,13,1
35,10,1
28,2,1
28,2,1
28,2,1
31,3,1
25,1,1
-302,2,0
32,12,1
38,7,1
23,2,1
40,14,1
25,1,1
-300,1,0
28,2,1
31,3,1
24,2,1
28,2,1
28,2,1
-296,4,0
25,4,1
25,1,1
31,3,1
25,1,1
23,2,1
37,8,1
31,26,1
28,2,1
25,1,1
29,5,1
37,8,1
40,9,1
36,12,1
35,16,1
47,24,1
31,7,1
32,6,1
-300,1,0
25,1,1
37,5,1
32,5,1
35,7,1
25,1,1
37,8,1
31,3,1
25,1,1
-300,1,0
28,2,1
25,1,1
44,13,1
25,1,1
48,22,1
-301,2,0
27,3,1
43,7,1
-296,4,0
28,2,1
29,5,1
33,5,1
31,3,1
29,4,1
34,4,1
15,16,1
37,11,1
29,4,1
44,12,1
29,8,1
50,21,1
31,3,1
28,2,1
-301,2,0
43,7,1
34,7,1
25,1,1
36,6,1
25,1,1
-300,1,0
28,2,1
28,2,1
-299,3,0
23,2,1
42,22,1
25,1,1
27,3,1
28,2,1
-299,3,0
37,9,1
25,1,1
37,11,1
25,1,1
-292,7,0
26,3,1
28,2,1
25,1,1
34,8,1
31,3,1
43,7,1
30,6,1
25,1,1
29,4,1
32,11,1
37,13,1
50,19,1
25,1,1
28,2,1
33,5,1
28,2,1
41,11,1
-300,1,0
36,9,1
43,14,1
40,9,1
-299,3,0
35,7,1
28,2,1
48,21,1
34,4,1
23,2,1
32,6,1
25,1,1
41,12,1
24,2,1
24,2,1
28,2,1
33,5,1
31,3,1
25,1,1
31,3,1
33,7,1
23,2,1
32,9,1
41,12,1
31,3,1
28,2,1
34,4,1
45,9,1
41,9,1
27,3,1
25,1,1
37,5,1
40,12,1
35,7,1
33,17,1
39,9,1
27,3,1
34,4,1
43,11,1
-297,2,0
28,2,1
53,17,1
25,1,1
25,1,1
31,3,1
36,9,1
25,1,1
25,1,1
28,2,1
26,6,1
32,5,1
24,2,1
33,5,1
31,19,1
28,2,1
25,1,1
25,1,1
25,1,1
-300,10,0
28,2,1
37,10,1
40,9,1
39,7,1
38,11,1
-298,6,0
25,1,1
52,23,1
28,2,1
-300,1,0
25,1,1
25,1,1
-287,11,0
25,1,1
25,1,1
47,33,1
31,3,1
38,8,1
25,1,1
25,1,1
25,1,1
25,1,1
25,1,1
25,1,1
37,15,1
25,1,1
28,2,1
31,3,1
46,17,1
40,12,1
38,7,1
32,5,1
43,19,1
-297,2,0
-300,4,0
28,2,1
39,10,1
46,8,1
38,7,1
37,5,1
30,4,1
25,1,1
25,1,1
25,1,1
39,7,1
26,3,1
34,4,1
39,16,1
31,3,1
24,2,1
25,1,1
39,7,1
25,1,1
31,3,1
34,4,1
25,1,1
-299,3,0
37,5,1
42,16,1
-300,1,0
38,14,1
25,1,1
34,8,1
25,1,1
34,7,1
32,8,1
25,1,1
31,3,1
36,6,1
25,1,1
25,1,1
25,1,1
32,6,1
25,1,1
28,2,1
28,2,1
30,4,1
33,8,1
25,1,1
40,17,1
-296,28,0
25,1,1
25,1,1
36,6,1
39,13,1
31,3,1
25,1,1
36,12,1
-299,3,0
-280,37,0
34,4,1
35,7,1
25,1,1
41,13,1
25,1,1
27,5,1
28,2,1
30,4,1
28,2,1
35,10,1
48,17,1
41,8,1
25,1,1
45,23,1
-304,6,0
25,1,1
27,7,1
35,7,1
23,2,1
30,4,1
36,6,1
32,9,1
25,1,1
31,3,1
40,13,1
28,5,1
23,2,1
36,15,1
28,2,1
31,3,1
-299,4,0
23,2,1
34,7,1
33,5,1
25,1,1
25,1,1
28,2,1
25,1,1
-300,1,0
30,4,1
24,2,1
25,1,1
-300,1,0
25,1,1
40,13,1
27,6,1
23,2,1
30,4,1
25,1,1
39,16,1
25,1,1
33,5,1
36,8,1
25,1,1
28,2,1
48,24,1
23,2,1
38,11,1
34,4,1
43,7,1
31,3,1
35,19,1
34,4,1
-293,5,0
28,5,1
30,4,1
37,8,1
42,18,1
28,2,1
54,24,1
46,14,1
-297,2,0
36,6,1
30,4,1
25,1,1
33,13,1
35,7,1
31,3,1
38,7,1
23,2,1
25,1,1
33,7,1
29,4,1
35,6,1
-302,2,0
28,2,1
34,4,1
49,22,1
-304,7,0
28,2,1
40,6,1
27,3,1
25,1,1
24,2,1
28,2,1
-302,9,0
25,1,1
31,3,1
37,5,1
28,2,1
24,2,1
50,21,1
25,1,1
56,41,1
25,1,1
28,2,1
26,3,1
29,5,1
32,6,1
28,2,1
23,2,1
28,2,1
45,19,1
-299,9,0
32,5,1
30,4,1
39,14,1
25,1,1
29,4,1
28,2,1
-297,2,0
29,4,1
30,4,1
35,13,1
24,2,1
28,2,1
43,10,1
31,3,1
25,1,1
34,4,1
43,12,1
24,6,1
26,3,1
31,3,1
-283,27,0
-297,2,0
25,1,1
29,15,1
34,4,1
28,2,1
29,8,1
31,3,1
25,9,1
25,1,1
31,3,1
-300,1,0
24,4,1
45,12,1
-300,1,0
-298,6,0
38,11,1
38,7,1
24,2,1
25,1,1
32,6,1
35,6,1
47,17,1
42,11,1
-294,9,0
25,1,1
37,9,1
27,8,1
28,2,1
41,11,1
23,2,1
31,3,1
31,3,1
28,2,1
32,5,1
25,1,1
45,15,1
-292,8,0
26,3,1
25,1,1
37,5,1
32,5,1
60,35,1
25,1,1
25,1,1
51,21,1
25,1,1
30,4,1
25,1,1
34,4,1
28,8,1
24,2,1
25,1,1
32,6,1
26,3,1
34,4,1
44,13,1
25,1,1
28,2,1
28,2,1
25,1,1
25,1,1
31,3,1
25,1,1
25,1,1
23,2,1
25,1,1
39,11,1
45,15,1
28,2,1
26,3,1
37,5,1
36,6,1
34,4,1
42,15,1
25,1,1
34,4,1
25,1,1
38,15,1
41,15,1
46,15,1
34,8,1
39,7,1
46,19,1
25,1,1
37,5,1
28,2,1
37,8,1
28,2,1
23,2,1
33,5,1
31,3,1
25,1,1
28,2,1
23,2,1
-284,19,0
24,2,1
54,20,1
25,1,1
25,1,1
-302,2,0
28,2,1
40,6,1
31,3,1
25,1,1
41,15,1
36,24,1
23,2,1
30,4,1
33,5,1
39,12,1
40,9,1
26,3,1
37,16,1
-300,1,0
33,5,1
-302,2,0
30,4,1
29,5,1
24,2,1
31,3,1
25,1,1
25,1,1
46,14,1
25,1,1
25,1,1
-297,8,0
28,2,1
25,1,1
31,3,1
25,1,1
44,16,1
30,4,1
47,21,1
24,2,1
25,1,1
24,2,1
28,2,1
34,4,1
30,4,1
25,1,1
35,6,1
31,3,1
34,8,1
40,14,1
33,5,1
-305,4,0
-298,6,0
-300,1,0
25,1,1
25,1,1
43,10,1
38,16,1
-295,8,0
23,2,1
30,4,1
58,27,1
36,6,1
25,1,1
42,12,1
28,2,1
-300,1,0
29,4,1
28,2,1
32,8,1
47,20,1
41,15,1
43,16,1
30,9,1
40,16,1
31,3,1
54,52,1
31,3,1
25,1,1
40,24,1
34,7,1
34,4,1
-305,4,0
25,1,1
25,1,1
-294,3,0
28,2,1
33,5,1
30,8,1
32,5,1
50,21,1
29,4,1
-293,8,0
25,1,1
25,1,1
34,4,1
25,1,1
31,3,1
42,8,1
52,27,1
31,3,1
31,3,1
32,5,1
49,19,1
39,9,1
35,6,1
25,1,1
36,8,1
25,1,1
28,2,1
46,24,1
37,15,1
28,2,1
24,4,1
25,1,1
30,4,1
25,1,1
28,2,1
28,2,1
49,12,1
31,3,1
28,2,1
25,1,1
28,8,1
-297,5,0
-299,4,0
28,2,1
25,1,1
25,1,1
37,5,1
31,3,1
28,2,1
-296,11,0
46,25,1
-291,4,0
31,9,1
34,4,1
33,5,1
33,5,1
38,7,1
31,3,1
44,14,1
29,4,1
25,1,1
40,6,1
37,8,1
35,6,1
35,7,1
-291,7,0
28,2,1
26,4,1
36,6,1
25,1,1
23,2,1
37,11,1
50,16,1
-294,7,0
47,11,1
-297,5,0
31,3,1
25,1,1
-296,4,0
28,2,1
28,5,1
-294,14,0
25,1,1
32,6,1
35,15,1
34,20,1
39,7,1
28,2,1
38,8,1
43,20,1
34,7,1
39,17,1
31,3,1
-300,1,0
34,4,1
41,8,1
42,11,1
25,1,1
35,6,1
28,2,1
43,11,1
25,1,1
28,2,1
56,33,1
25,1,1
47,29,1
36,6,1
30,4,1
28,2,1
-302,2,0
29,12,1
26,18,1
25,1,1
38,8,1
25,1,1
33,5,1
36,6,1
39,13,1
28,2,1
28,2,1
-295,4,0
37,10,1
25,1,1
34,7,1
25,1,1
25,1,1
25,1,1
-290,10,0
25,1,1
39,10,1
28,2,1
23,2,1
25,7,1
31,3,1
33,7,1
25,1,1
25,1,1
23,2,1
36,6,1
27,8,1
25,1,1
34,7,1
25,1,1
28,2,1
31,3,1
29,4,1
35,16,1
44,13,1
-298,6,0
39,7,1
-301,2,0
25,1,1
33,7,1
27,3,1
25,1,1
22,3,1
25,1,1
-300,1,0
25,1,1
38,11,1
31,6,1
28,2,1
25,1,1
25,1,1
31,6,1
28,2,1
32,5,1
25,1,1
31,3,1
-297,2,0
36,6,1
25,1,1
30,4,1
-299,3,0
25,1,1
39,11,1
31,3,1
25,1,1
40,24,1
31,3,1
25,1,1
25,1,1
52,22,1
32,12,1
25,1,1
32,5,1
25,1,1
25,1,1
25,4,1
-294,3,0
25,1,1
29,4,1
-293,5,0
25,1,1
35,9,1
43,16,1
28,2,1
-293,10,0
28,2,1
31,3,1
41,12,1
25,1,1
42,17,1
46,19,1
34,4,1
-292,5,0
57,44,1
40,9,1
36,11,1
-302,2,0
32,6,1
36,9,1
32,10,1
28,2,1
30,4,1
25,1,1
39,10,1
25,1,1
35,6,1
-291,8,0
41,9,1
26,18,1
46,28,1
55,48,1
37,9,1
25,1,1
-297,2,0
33,5,1
31,3,1
34,10,1
28,2,1
25,1,1
36,9,1
24,2,1
23,2,1
25,1,1
33,9,1
40,9,1
-292,11,0
24,5,1
25,1,1
35,6,1
39,17,1
25,1,1
25,1,1
30,6,1
31,3,1
25,1,1
34,4,1
35,7,1
36,8,1
32,5,1
25,1,1
30,4,1
23,3,1
31,3,1
25,1,1
24,2,1
39,7,1
29,4,1
41,15,1
25,14,1
34,4,1
25,1,1
31,9,1
25,1,1
28,2,1
25,1,1
23,2,1
32,5,1
25,1,1
51,11,1
25,1,1
-302,2,0
28,16,1
25,1,1
28,5,1
30,4,1
25,1,1
25,1,1
25,1,1
25,1,1
25,1,1
34,4,1
25,1,1
-297,18,0
38,14,1
24,2,1
29,4,1
25,1,1
24,2,1
31,3,1
25,1,1
29,8,1
-299,16,0
36,9,1
25,1,1
37,8,1
31,3,1
36,6,1
28,2,1
31,3,1
27,3,1
38,7,1
-296,25,0
27,9,1
32,5,1
25,1,1
-293,14,0
23,2,1
31,3,1
25,1,1
38,8,1
30,4,1
29,4,1
30,4,1
25,1,1
-292,16,0
27,3,1
34,4,1
24,2,1
31,3,1
39,7,1
34,4,1
49,17,1
24,2,1
28,2,1
25,1,1
-299,9,0
25,1,1
28,2,1
28,2,1
44,16,1
31,3,1
26,3,1
31,3,1
25,1,1
29,4,1
33,5,1
36,10,1
25,1,1
35,10,1
24,2,1
28,2,1
28,2,1
-288,15,0
36,9,1
45,9,1
23,17,1
25,1,1
28,2,1
33,5,1
-297,2,0
38,8,1
37,5,1
28,2,1
25,1,1
25,1,1
25,1,1
25,1,1
23,2,1
25,1,1
34,10,1
40,9,1
25,1,1
25,1,1
25,1,1
-302,2,0
23,2,1
28,2,1
-302,2,0
31,3,1
25,1,1
25,1,1
33,5,1
25,1,1
33,5,1
-299,3,0
-302,2,0
29,5,1
33,5,1
28,2,1
28,5,1
28,2,1
25,1,1
23,2,1
25,1,1
45,21,1
-289,12,0
-302,2,0
28,2,1
-301,2,0
48,19,1
30,4,1
45,15,1
25,1,1
37,5,1
43,11,1
37,12,1
25,1,1
49,21,1
25,1,1
-300,1,0
28,2,1
42,11,1
25,17,1
29,4,1
49,12,1
25,1,1
35,14,1
31,6,1
28,2,1
24,2,1
40,9,1
37,5,1
25,1,1
42,11,1
28,2,1
48,26,1
36,6,1
-287,17,0
35,7,1
28,2,1
28,2,1
25,1,1
31,3,1
34,7,1
25,1,1
34,4,1
47,10,1
30,4,1
31,3,1
34,4,1
37,5,1
25,1,1
-300,1,0
-289,8,0
32,5,1
25,1,1
33,5,1
25,1,1
38,15,1
28,5,1
37,5,1
37,18,1
42,11,1
25,1,1
40,9,1
25,1,1
32,5,1
32,8,1
35,7,1
-301,2,0
25,1,1
31,3,1
29,5,1
37,5,1
37,5,1
25,1,1
-305,4,0
27,5,1
30,4,1
44,18,1
31,3,1
37,13,1
25,1,1
43,14,1
23,2,1
35,18,1
49,15,1
29,4,1
28,2,1
50,19,1
28,2,1
28,2,1
25,1,1
32,6,1
-288,5,0
31,3,1
36,12,1
-298,5,0
37,11,1
38,8,1
43,17,1
23,2,1
35,6,1
31,3,1
37,9,1
37,8,1
31,7,1
25,1,1
45,9,1
25,1,1
25,1,1
25,1,1
25,1,1
46,18,1
51,29,1
34,4,1
26,6,1
-299,3,0
-297,5,0
28,2,1
31,3,1
48,25,1
23,2,1
25,1,1
31,3,1
37,5,1
25,1,1
40,9,1
-296,4,0
43,10,1
32,8,1
25,1,1
37,5,1
25,1,1
31,3,1
-300,1,0
28,2,1
25,1,1
25,4,1
31,3,1
26,4,1
30,4,1
-291,7,0
25,1,1
25,1,1
47,18,1
32,6,1
31,3,1
31,37,1
31,6,1
34,4,1
31,3,1
32,5,1
35,7,1
28,2,1
25,1,1
36,6,1
25,1,1
-302,2,0
-301,2,0
32,6,1
25,1,1
28,2,1
-300,4,0
28,2,1
-300,1,0
34,4,1
34,4,1
48,17,1
24,2,1
31,6,1
42,10,1
25,1,1
37,5,1
30,7,1
28,2,1
37,11,1
28,2,1
25,1,1
-321,28,0
28,2,1
40,9,1
-300,1,0
28,2,1
34,4,1
35,6,1
-285,12,0
31,3,1
25,1,1
25,1,1
29,4,1
25,1,1
26,3,1
31,3,1
25,1,1
-297,2,0
31,3,1
36,9,1
31,3,1
24,7,1
25,1,1
28,2,1
25,1,1
37,5,1
34,4,1
25,1,1
35,6,1
25,1,1
-299,3,0
28,2,1
31,3,1
25,1,1
-288,5,0
25,1,1
32,5,1
25,1,1
37,8,1
23,2,1
46,22,1
32,5,1
41,8,1
34,4,1
25,1,1
25,1,1
25,1,1
-302,2,0
25,1,1
34,10,1
29,4,1
25,1,1
25,1,1
-298,3,0
25,1,1
46,15,1
25,1,1
-286,14,0
47,14,1
25,1,1
33,5,1
34,4,1
28,2,1
28,2,1
25,1,1
28,2,1
33,19,1
38,8,1
31,3,1
28,2,1
31,12,1
28,2,1
31,3,1
32,12,1
31,3,1
42,13,1
26,3,1
38,8,1
28,2,1
37,30,1
36,8,1
42,8,1
25,1,1
44,10,1
25,1,1
25,1,1
32,5,1
24,2,1
28,2,1
38,8,1
39,7,1
31,3,1
-309,10,0
23,2,1
25,1,1
31,3,1
45,26,1
40,6,1
-297,2,0
31,3,1
25,11,1
38,11,1
31,3,1
34,4,1
24,2,1
31,3,1
37,5,1
46,24,1
43,28,1
25,1,1
25,1,1
40,20,1
-294,3,0
26,3,1
26,4,1
34,4,1
33,5,1
24,8,1
36,13,1
50,22,1
32,12,1
41,9,1
25,1,1
25,1,1
48,13,1
25,1,1
31,3,1
29,4,1
24,6,1
33,5,1
31,3,1
34,4,1
31,3,1
47,15,1
28,2,1
30,6,1
34,13,1
27,3,1
31,3,1
34,7,1
28,2,1
28,2,1
33,5,1
24,2,1
38,7,1
68,61,1
25,1,1
44,10,1
31,3,1
31,3,1
25,1,1
30,9,1
25,1,1
28,2,1
37,14,1
25,1,1
25,1,1
28,2,1
31,3,1
41,14,1
27,5,1
34,4,1
29,4,1
28,2,1
30,4,1
31,3,1
31,3,1
49,29,1
31,3,1
28,2,1
28,2,1
25,1,1
28,2,1
25,1,1
31,3,1
29,4,1
38,8,1
25,1,1
41,11,1
28,2,1
31,3,1
31,3,1
38,16,1
29,4,1
28,2,1
25,1,1
-284,15,0
41,9,1
32,5,1
23,2,1
32,5,1
25,1,1
28,2,1
25,1,1
28,2,1
44,19,1
34,4,1
31,3,1
43,7,1
35,7,1
34,4,1
33,8,1
28,2,1
36,6,1
35,10,1
-297,2,0
25,1,1
28,2,1
26,3,1
-300,1,0
25,1,1
34,4,1
28,2,1
-294,6,0
38,7,1
28,2,1
48,16,1
27,3,1
35,9,1
43,7,1
28,15,1
31,7,1
28,2,1
30,4,1
28,2,1
31,3,1
25,1,1
30,4,1
32,5,1
34,4,1
25,1,1
25,1,1
28,2,1
26,4,1
-292,5,0
39,13,1
25,1,1
25,1,1
38,14,1
29,4,1
-294,13,0
34,21,1
34,7,1
42,24,1
31,3,1
27,3,1
33,5,1
23,2,1
25,1,1
-297,2,0
50,15,1
28,2,1
31,3,1
25,1,1
32,5,1
28,2,1
34,4,1
31,3,1
26,3,1
34,4,1
36,12,1
31,8,1
31,3,1
25,1,1
25,1,1
34,4,1
31,3,1
28,2,1
-300,1,0
25,1,1
31,3,1
30,6,1
-293,11,0
34,17,1
42,8,1
31,3,1
34,4,1
38,8,1
23,2,1
25,1,1
34,17,1
25,7,1
25,1,1
43,10,1
27,5,1
28,2,1
31,3,1
29,4,1
36,6,1
33,5,1
36,9,1
-300,1,0
41,11,1
28,2,1
28,2,1
46,19,1
31,3,1
31,6,1
25,1,1
25,1,1
36,8,1
28,2,1
-286,15,0
42,17,1
34,4,1
31,3,1
55,34,1
19,11,1
25,1,1
47,23,1
-303,3,0
31,3,1
28,2,1
35,6,1
31,3,1
25,1,1
29,4,1
28,2,1
31,3,1
30,4,1
31,3,1
48,10,1
45,12,1
28,2,1
46,25,1
34,4,1
26,3,1
27,6,1
25,1,1
30,7,1
28,2,1
36,6,1
25,1,1
25,1,1
31,3,1
28,2,1
35,7,1
35,6,1
34,4,1
31,3,1
45,12,1
34,4,1
-297,2,0
28,2,1
49,25,1
31,12,1
23,2,1
39,22,1
37,5,1
39,9,1
42,8,1
29,5,1
25,1,1
25,1,1
25,1,1
36,8,1
23,2,1
25,1,1
28,2,1
25,1,1
29,7,1
35,7,1
25,1,1
44,14,1
32,6,1
36,6,1
31,3,1
31,3,1
25,1,1
43,10,1
23,2,1
32,5,1
25,1,1
36,8,1
-301,6,0
35,9,1
37,5,1
41,24,1
30,4,1
33,7,1
33,8,1
37,11,1
-288,5,0
31,3,1
28,2,1
31,3,1
28,2,1
16,7,1
24,2,1
25,1,1
30,6,1
-300,1,0
45,16,1
29,4,1
25,1,1
41,14,1
31,6,1
25,1,1
31,3,1
36,6,1
25,1,1
-293,5,0
25,1,1
55,24,1
30,4,1
34,4,1
48,22,1
40,6,1
27,3,1
44,15,1
35,6,1
34,4,1
-300,1,0
25,1,1
31,3,1
31,3,1
34,4,1
37,5,1
25,1,1
30,11,1
31,3,1
-302,2,0
24,16,1
36,6,1
31,3,1
32,6,1
25,1,1
31,3,1
28,5,1
37,8,1
42,17,1
33,8,1
25,1,1
60,45,1
38,8,1
25,1,1
28,2,1
28,2,1
50,27,1
25,1,1
-302,2,0
-295,4,0
38,7,1
28,2,1
48,14,1
-299,9,0
25,1,1
28,2,1
30,6,1
35,6,1
35,7,1
34,4,1
-283,14,0
31,6,1
31,3,1
32,6,1
25,1,1
25,1,1
31,3,1
31,3,1
25,1,1
24,2,1
28,2,1
25,1,1
37,5,1
25,1,1
-299,13,0
35,7,1
27,6,1
34,4,1
25,1,1
40,6,1
25,1,1
28,17,1
42,15,1
-300,1,0
39,7,1
28,2,1
32,5,1
25,1,1
28,7,1
39,9,1
31,3,1
42,8,1
28,2,1
28,2,1
25,1,1
33,5,1
25,1,1
25,1,1
35,16,1
23,2,1
25,1,1
25,1,1
25,1,1
-297,2,0
35,11,1
39,9,1
42,18,1
31,3,1
-293,5,0
53,27,1
52,18,1
34,4,1
28,2,1
25,1,1
28,2,1
31,3,1
25,1,1
31,3,1
25,1,1
39,7,1
25,1,1
25,1,1
44,10,1
28,2,1
29,4,1
25,1,1
35,13,1
31,3,1
25,1,1
35,9,1
25,1,1
40,12,1
42,11,1
28,2,1
25,1,1
28,2,1
34,4,1
34,4,1
-290,15,0
33,5,1
-301,7,0
24,2,1
25,1,1
25,1,1
30,4,1
25,1,1
32,5,1
-295,10,0
35,17,1
31,6,1
25,1,1
25,1,1
-300,1,0
31,9,1
34,4,1
25,1,1
25,1,1
31,3,1
25,1,1
31,3,1
24,2,1
-297,8,0
28,5,1
28,2,1
38,8,1
37,5,1
-300,1,0
25,1,1
28,2,1
28,2,1
40,12,1
52,34,1
42,11,1
36,6,1
25,1,1
25,1,1
25,1,1
29,4,1
28,5,1
56,45,1
43,14,1
49,16,1
-295,12,0
25,1,1
30,4,1
33,5,1
41,11,1
25,1,1
31,3,1
28,2,1
31,3,1
28,2,1
25,1,1
25,1,1
31,3,1
31,3,1
-294,6,0
25,1,1
-292,16,0
42,13,1
31,3,1
29,4,1
34,4,1
-291,8,0
47,13,1
25,1,1
31,6,1
25,1,1
23,2,1
29,4,1
29,4,1
33,10,1
40,9,1
23,3,1
25,1,1
30,4,1
31,3,1
25,1,1
28,2,1
37,5,1
42,32,1
-301,2,0
29,4,1
25,1,1
31,3,1
25,1,1
44,13,1
44,10,1
25,1,1
25,1,1
24,2,1
32,9,1
23,2,1
30,4,1
31,3,1
-292,5,0
33,5,1
34,4,1
37,5,1
25,1,1
25,1,1
31,3,1
-280,13,0
31,3,1
28,2,1
-302,14,0
38,13,1
45,12,1
34,4,1
28,2,1
-300,1,0
31,3,1
-298,6,0
25,1,1
25,1,1
35,7,1
25,1,1
32,6,1
41,12,1
25,1,1
25,1,1
28,2,1
25,1,1
25,1,1
43,11,1
25,1,1
41,12,1
-293,11,0
35,6,1
25,1,1
25,1,1
37,10,1
49,21,1
38,8,1
28,5,1
31,20,1
25,1,1
24,2,1
33,5,1
25,1,1
34,13,1
28,2,1
42,12,1
25,1,1
34,4,1
29,4,1
37,5,1
32,8,1
34,4,1
36,6,1
38,7,1
25,1,1
37,5,1
40,10,1
46,8,1
31,3,1
17,6,1
39,7,1
25,1,1
31,3,1
28,2,1
28,2,1
43,13,1
32,5,1
38,7,1
36,6,1
43,11,1
24,2,1
25,1,1
31,3,1
25,1,1
29,4,1
34,4,1
31,3,1
55,34,1
28,2,1
30,4,1
-301,2,0
28,2,1
42,12,1
41,8,1
-292,24,0
29,7,1
49,13,1
45,13,1
46,18,1
37,5,1
31,3,1
31,3,1
31,3,1
27,3,1
34,4,1
-300,1,0
-299,7,0
34,4,1
31,3,1
-299,18,0
44,9,1
37,5,1
33,5,1
34,4,1
-298,12,0
40,15,1
40,6,1
29,4,1
26,3,1
33,5,1
37,5,1
29,7,1
35,12,1
25,1,1
25,1,1
31,3,1
25,1,1
24,2,1
28,2,1
28,2,1
31,3,1
31,3,1
28,2,1
39,7,1
30,4,1
25,1,1
25,1,1
25,1,1
30,4,1
-299,4,0
25,1,1
25,1,1
39,9,1
25,1,1
25,1,1
25,1,1
26,6,1
37,11,1
28,2,1
42,11,1
24,2,1
-298,5,0
32,5,1
31,3,1
28,2,1
45,11,1
25,1,1
41,8,1
25,1,1
37,10,1
29,7,1
25,1,1
-302,2,0
43,7,1
31,3,1
23,2,1
34,7,1
-302,2,0
-294,11,0
32,5,1
29,4,1
38,8,1
25,1,1
-296,5,0
42,8,1
-296,7,0
31,6,1
28,5,1
-298,6,0
25,1,1
33,7,1
41,8,1
29,4,1
-295,8,0
-293,5,0
