60,48,1
-280,44,0
60,39,1
25,1,1
-247,91,0
-290,13,0
-298,8,0
55,33,1
-300,4,0
-274,45,0
-297,5,0
25,1,1
-290,9,0
-279,15,0
-300,1,0
-200,198,0
25,1,1
-288,14,0
32,17,1
-277,45,0
-264,66,0
-192,187,0
-231,107,0
-294,3,0
25,1,1
36,9,1
103,111,1
-290,25,0
-215,125,0
-256,48,0
-296,37,0
-291,7,0
31,9,1
-263,71,0
25,1,1
25,1,1
-254,115,0
-293,15,0
25,1,1
32,12,1
-281,29,0
-300,1,0
-301,2,0
36,9,1
-288,8,0
25,1,1
25,1,1
44,9,1
-293,18,0
-270,77,0
-302,2,0
-301,2,0
-253,74,0
-274,38,0
-248,85,0
25,1,1
-292,7,0
28,2,1
-248,68,0
82,93,1
-293,8,0
-204,145,0
-308,21,0
-305,7,0
35,15,1
25,1,1
-300,1,0
-269,103,0
-285,20,0
-240,65,0
28,8,1
-298,8,0
-279,30,0
-288,16,0
42,44,1
55,61,1
-296,16,0
97,86,1
28,2,1
25,1,1
30,12,1
-246,107,0
153,165,1
-302,9,0
43,35,1
25,1,1
25,1,1
79,68,1
-289,23,0
24,2,1
-246,99,0
30,4,1
55,31,1
-268,64,0
47,26,1
-302,8,0
-275,51,0
25,10,1
34,4,1
28,8,1
-300,4,0
-298,3,0
-274,27,0
35,16,1
53,48,1
-295,4,0
39,20,1
-212,141,0
34,7,1
70,60,1
95,114,1
24,2,1
-261,55,0
-191,158,0
-301,16,0
-301,39,0
-303,3,0
36,9,1
-295,4,0
24,2,1
-278,39,0
-253,60,0
-278,59,0
30,4,1
48,71,1
38,13,1
28,2,1
15,10,1
-298,29,0
-288,5,0
110,117,1
77,94,1
72,94,1
-176,201,0
-275,107,0
28,5,1
24,2,1
92,107,1
30,4,1
-292,23,0
-304,9,0
-300,4,0
-290,12,0
109,117,1
50,15,1
112,83,1
96,92,1
-298,8,0
90,70,1
34,4,1
-278,46,0
-293,5,0
57,47,1
-281,24,0
49,32,1
-283,43,0
-287,45,0
-267,62,0
45,27,1
85,67,1
-300,1,0
62,39,1
39,10,1
-213,159,0
40,11,1
25,1,1
51,11,1
-255,84,0
-223,127,0
44,31,1
50,33,1
28,2,1
28,2,1
51,37,1
29,5,1
-299,3,0
-258,65,0
-294,3,0
-292,5,0
34,4,1
-282,36,0
51,24,1
90,99,1
51,29,1
-286,20,0
65,37,1
-272,33,0
-293,8,0
-297,33,0
-300,4,0
23,2,1
-244,94,0
-296,7,0
-229,123,0
113,169,1
25,1,1
27,5,1
-273,41,0
-297,2,0
-299,15,0
-306,5,0
-285,15,0
-279,36,0
25,1,1
25,1,1
39,11,1
-297,16,0
-281,20,0
25,1,1
-283,28,0
-287,18,0
-267,77,0
35,14,1
57,35,1
-234,105,0
24,2,1
74,44,1
39,7,1
-284,51,0
29,15,1
-248,59,0
-289,6,0
31,3,1
-287,24,0
-302,8,0
-222,142,0
25,1,1
-291,11,0
-295,4,0
-296,59,0
-260,36,0
-278,54,0
-293,6,0
80,68,1
51,18,1
132,264,1
-302,17,0
-293,51,0
39,10,1
25,1,1
43,11,1
-301,2,0
71,86,1
-301,10,0
97,109,1
64,65,1
107,138,1
52,21,1
-290,19,0
-286,23,0
45,19,1
126,169,1
-228,163,0
-269,52,0
31,10,1
41,11,1
-300,4,0
-300,1,0
54,71,1
-303,28,0
25,1,1
38,16,1
27,3,1
-180,235,0
-231,128,0
66,52,1
-286,22,0
43,7,1
119,169,1
-300,1,0
-289,14,0
-264,53,0
-227,125,0
-300,1,0
-263,81,0
25,1,1
45,11,1
84,60,1
-279,14,0
80,123,1
54,21,1
28,8,1
-190,161,0
-295,4,0
25,1,1
183,293,1
56,17,1
25,1,1
-254,75,0
25,1,1
32,15,1
-300,4,0
-295,4,0
25,1,1
-296,4,0
105,176,1
-300,1,0
41,17,1
58,59,1
-300,1,0
28,2,1
202,281,1
36,9,1
34,7,1
33,11,1
46,24,1
25,1,1
-302,2,0
-290,11,0
25,1,1
-294,20,0
39,19,1
46,51,1
-279,14,0
45,21,1
-285,32,0
-281,49,0
-294,3,0
25,1,1
-302,2,0
-295,12,0
-287,45,0
36,18,1
61,29,1
38,15,1
-267,40,0
-300,4,0
-298,15,0
-300,1,0
-285,54,0
78,86,1
36,6,1
-261,98,0
62,49,1
34,16,1
-298,7,0
-279,35,0
71,107,1
-300,25,0
-297,9,0
-267,105,0
-300,11,0
-269,55,0
71,61,1
28,2,1
-252,99,0
-288,23,0
-269,85,0
31,6,1
-300,1,0
-255,115,0
30,31,1
73,73,1
38,8,1
-282,59,0
-292,5,0
-277,18,0
-300,1,0
24,2,1
44,35,1
-299,18,0
51,31,1
-277,42,0
-293,5,0
45,17,1
-295,7,0
-245,118,0
-300,1,0
53,40,1
-304,3,0
105,112,1
59,46,1
63,70,1
26,6,1
-282,23,0
-289,49,0
-283,78,0
30,4,1
70,42,1
59,21,1
65,39,1
47,77,1
-262,55,0
52,24,1
49,40,1
53,29,1
28,2,1
-285,22,0
-300,1,0
-285,43,0
37,17,1
-289,19,0
50,46,1
80,62,1
-256,75,0
-294,25,0
-291,21,0
-278,78,0
41,17,1
78,87,1
41,13,1
-300,1,0
-299,18,0
-279,26,0
-282,33,0
36,14,1
27,9,1
49,21,1
73,46,1
-300,1,0
-149,190,0
-322,29,0
-300,9,0
-292,21,0
31,3,1
-282,10,0
-266,53,0
-289,9,0
40,18,1
48,40,1
-300,4,0
57,56,1
28,2,1
-300,1,0
34,8,1
-261,43,0
96,100,1
-297,15,0
25,11,1
84,100,1
-258,57,0
-288,25,0
-301,2,0
40,10,1
54,22,1
28,5,1
-284,74,0
-256,136,0
-302,2,0
-308,6,0
-259,73,0
-297,6,0
-277,23,0
-217,112,0
-282,10,0
28,2,1
25,1,1
49,65,1
-303,3,0
25,1,1
34,4,1
25,1,1
109,118,1
28,2,1
-305,14,0
-295,14,0
-291,27,0
41,14,1
-282,31,0
-294,3,0
-300,1,0
-297,2,0
28,8,1
58,35,1
32,6,1
-290,6,0
-272,58,0
-306,29,0
35,10,1
25,1,1
-249,49,0
25,1,1
72,60,1
88,105,1
-263,90,0
40,16,1
64,44,1
-191,160,0
-240,65,0
80,100,1
-294,109,0
-229,93,0
30,25,1
77,45,1
30,7,1
-293,40,0
-294,17,0
25,1,1
-305,6,0
25,1,1
55,41,1
-210,146,0
-305,7,0
-284,17,0
64,48,1
43,17,1
-302,5,0
-284,25,0
-273,49,0
-296,14,0
26,3,1
44,21,1
45,21,1
-285,15,0
-289,41,0
-277,61,0
50,61,1
-300,1,0
-271,34,0
-289,15,0
37,5,1
-291,38,0
-289,51,0
43,22,1
122,133,1
25,1,1
42,93,1
97,99,1
-303,18,0
39,20,1
36,9,1
25,1,1
70,100,1
-300,1,0
-246,75,0
-290,13,0
-238,73,0
-294,18,0
-260,54,0
-290,23,0
-300,1,0
-297,11,0
80,87,1
85,61,1
-256,45,0
-261,61,0
50,35,1
51,26,1
-272,38,0
45,17,1
50,73,1
-150,283,0
74,61,1
-260,69,0
-300,1,0
-102,307,0
-294,3,0
41,17,1
24,2,1
-250,127,0
-279,45,0
35,10,1
38,24,1
107,115,1
-301,7,0
-255,69,0
-228,122,0
-291,10,0
-277,52,0
94,96,1
53,31,1
53,32,1
43,19,1
39,7,1
-293,11,0
-297,5,0
-217,142,0
25,1,1
-301,26,0
-300,4,0
52,16,1
-256,94,0
-286,62,0
22,3,1
-258,101,0
-292,46,0
-273,26,0
-297,48,0
-280,71,0
-294,6,0
89,69,1
-272,42,0
-291,14,0
25,1,1
-275,30,0
42,26,1
-247,102,0
-249,101,0
48,26,1
-302,3,0
-291,4,0
27,3,1
-201,180,0
62,33,1
44,26,1
36,6,1
-276,45,0
-299,6,0
-300,1,0
38,25,1
45,43,1
46,27,1
-269,52,0
-261,65,0
45,29,1
33,5,1
45,21,1
25,1,1
-296,25,0
-297,33,0
31,27,1
25,1,1
25,4,1
26,7,1
-289,10,0
-289,9,0
31,15,1
-291,33,0
-282,25,0
38,34,1
-280,52,0
-293,5,0
-293,24,0
-280,44,0
59,37,1
-295,59,0
-282,57,0
-305,4,0
-314,17,0
-287,14,0
73,80,1
40,17,1
-304,6,0
-289,13,0
-301,4,0
45,13,1
-297,7,0
71,45,1
91,98,1
-285,23,0
-297,11,0
31,3,1
-295,18,0
-294,3,0
90,80,1
67,74,1
-257,89,0
71,54,1
-290,16,0
-203,127,0
24,5,1
-300,4,0
30,4,1
-298,12,0
39,7,1
-273,17,0
-303,44,0
-295,7,0
-284,15,0
99,103,1
-300,31,0
-299,6,0
-298,12,0
84,106,1
25,1,1
42,15,1
-282,48,0
-279,23,0
29,5,1
33,8,1
-269,46,0
-300,1,0
-237,91,0
-304,23,0
75,71,1
-291,44,0
-290,10,0
94,122,1
-267,82,0
-283,23,0
25,1,1
-255,116,0
-294,3,0
-282,20,0
24,2,1
-205,136,0
-284,78,0
62,30,1
34,25,1
-296,8,0
-289,40,0
49,37,1
62,57,1
-277,13,0
-256,132,0
-267,56,0
-279,26,0
-300,6,0
-292,20,0
59,67,1
35,10,1
26,4,1
-244,76,0
-242,70,0
79,104,1
-295,12,0
-283,27,0
-287,35,0
-293,5,0
49,38,1
-266,45,0
-298,14,0
-262,59,0
-288,19,0
91,87,1
-275,27,0
-297,8,0
45,29,1
45,21,1
31,3,1
40,10,1
-294,3,0
-281,39,0
-261,36,0
-246,72,0
-305,4,0
-300,1,0
-287,11,0
52,16,1
-297,11,0
-289,23,0
-267,41,0
-273,89,0
-291,22,0
-283,32,0
-286,7,0
65,53,1
-267,58,0
-300,1,0
46,14,1
-271,56,0
-297,11,0
-300,1,0
-246,65,0
75,47,1
-297,19,0
-288,13,0
35,19,1
-281,56,0
-297,2,0
-301,2,0
25,1,1
-289,15,0
90,65,1
69,81,1
-239,74,0
-296,14,0
42,12,1
-267,26,0
28,2,1
-285,37,0
30,9,1
-296,8,0
-257,37,0
-289,47,0
46,11,1
-279,99,0
44,15,1
-306,8,0
-300,13,0
-240,87,0
33,5,1
-284,44,0
27,3,1
-241,85,0
-148,288,0
24,4,1
-269,45,0
25,1,1
46,49,1
-285,56,0
-299,6,0
-242,86,0
-296,5,0
-298,3,0
-286,26,0
-291,4,0
31,3,1
40,27,1
26,3,1
43,33,1
-297,11,0
35,6,1
-262,47,0
-280,18,0
25,1,1
-263,82,0
25,1,1
55,17,1
-301,4,0
67,55,1
-255,94,0
34,7,1
-297,2,0
28,5,1
-238,121,0
-294,12,0
80,63,1
59,25,1
-273,45,0
-292,15,0
24,8,1
-250,70,0
-297,5,0
67,51,1
60,45,1
-285,50,0
-287,13,0
-279,63,0
34,8,1
-293,21,0
25,1,1
25,1,1
-295,6,0
49,27,1
-282,30,0
32,6,1
62,47,1
98,92,1
-265,67,0
84,60,1
-276,57,0
-300,1,0
-263,63,0
-283,46,0
42,21,1
25,1,1
21,9,1
-265,31,0
-292,19,0
-278,33,0
-300,33,0
-286,71,0
-248,47,0
25,1,1
49,44,1
103,92,1
-304,3,0
43,14,1
46,59,1
-292,5,0
41,38,1
-280,20,0
25,1,1
-265,54,0
113,122,1
-264,46,0
72,75,1
34,8,1
-294,3,0
-293,6,0
-289,70,0
-238,114,0
30,4,1
82,81,1
188,242,1
-252,48,0
-302,9,0
42,46,1
86,70,1
-304,17,0
41,32,1
41,12,1
-235,153,0
-281,17,0
-297,21,0
48,17,1
-294,6,0
66,45,1
44,23,1
39,13,1
35,16,1
31,3,1
49,37,1
-303,3,0
69,65,1
67,84,1
-283,21,0
28,2,1
-267,62,0
54,30,1
66,47,1
79,98,1
61,31,1
25,1,1
46,16,1
-282,10,0
95,98,1
37,5,1
-299,3,0
-288,11,0
-290,13,0
-294,11,0
63,22,1
-260,59,0
-266,193,0
-298,6,0
55,26,1
25,1,1
25,1,1
31,6,1
-291,14,0
31,3,1
37,20,1
-289,26,0
-221,113,0
-287,53,0
76,50,1
45,32,1
25,1,1
22,6,1
-256,129,0
-302,18,0
-222,87,0
32,9,1
42,28,1
-245,85,0
-265,47,0
28,2,1
52,31,1
29,14,1
24,7,1
-272,38,0
-252,82,0
43,41,1
43,24,1
25,1,1
26,13,1
-300,1,0
-260,53,0
31,6,1
-280,38,0
-286,7,0
-281,21,0
-303,6,0
27,6,1
-272,71,0
47,18,1
105,114,1
31,10,1
-295,22,0
-287,11,0
-289,38,0
-300,1,0
-250,81,0
39,11,1
28,2,1
76,61,1
-284,100,0
61,30,1
40,35,1
24,2,1
72,39,1
54,22,1
-291,4,0
73,34,1
66,51,1
28,2,1
-299,3,0
25,1,1
-279,45,0
-300,9,0
-289,14,0
-293,25,0
-300,1,0
-286,18,0
36,12,1
50,31,1
-274,41,0
57,23,1
24,5,1
-302,10,0
-260,42,0
25,1,1
-300,1,0
-279,45,0
-295,10,0
-300,4,0
-261,85,0
-263,67,0
-285,45,0
-294,18,0
52,30,1
59,46,1
-217,112,0
-289,24,0
-296,5,0
39,10,1
-286,17,0
28,2,1
-288,14,0
28,2,1
-273,46,0
-292,8,0
88,45,1
-303,10,0
-249,89,0
-265,60,0
-288,10,0
47,30,1
-198,154,0
-300,1,0
-302,12,0
28,2,1
46,28,1
31,3,1
25,1,1
-270,61,0
42,28,1
-277,13,0
50,23,1
59,34,1
57,56,1
-297,13,0
-292,5,0
-285,38,0
49,15,1
-299,9,0
42,21,1
-294,3,0
-260,51,0
32,22,1
-296,5,0
25,1,1
59,49,1
-279,30,0
-283,49,0
32,5,1
107,110,1
62,30,1
-218,136,0
29,4,1
25,1,1
-288,21,0
49,38,1
-249,93,0
115,134,1
-283,24,0
-295,4,0
28,2,1
47,22,1
25,1,1
-297,5,0
-261,60,0
-198,137,0
90,103,1
-288,13,0
34,4,1
101,110,1
27,3,1
25,1,1
-261,66,0
-300,1,0
25,1,1
-288,18,0
27,8,1
-298,26,0
25,1,1
27,3,1
-278,35,0
-305,10,0
-138,323,0
103,126,1
-296,4,0
24,2,1
42,19,1
29,16,1
-281,24,0
-204,158,0
29,4,1
-283,47,0
43,41,1
-274,37,0
-291,11,0
31,3,1
-278,43,0
-291,10,0
77,62,1
28,2,1
-258,100,0
-248,71,0
-276,64,0
-283,38,0
110,93,1
-295,4,0
57,54,1
41,41,1
49,22,1
59,45,1
87,80,1
86,67,1
-286,12,0
-286,13,0
-303,3,0
31,3,1
-301,4,0
-286,24,0
53,67,1
36,8,1
-285,67,0
157,196,1
48,29,1
-254,57,0
90,63,1
-265,70,0
39,13,1
-241,101,0
-226,109,0
38,8,1
-302,2,0
94,96,1
-281,48,0
32,8,1
40,20,1
-285,9,0
-275,15,0
49,26,1
-294,3,0
30,4,1
-302,2,0
50,43,1
42,13,1
53,45,1
-279,44,0
-262,45,0
25,1,1
-295,19,0
38,7,1
-294,9,0
64,39,1
48,56,1
53,41,1
-303,3,0
-284,8,0
-274,47,0
89,74,1
40,44,1
25,1,1
68,32,1
40,12,1
65,56,1
31,28,1
-261,73,0
44,42,1
-272,28,0
68,52,1
79,93,1
-302,2,0
-284,27,0
-249,116,0
-297,19,0
37,19,1
-280,20,0
-286,18,0
-270,31,0
-186,204,0
113,126,1
94,84,1
-265,21,0
-297,11,0
-266,62,0
-214,154,0
26,10,1
30,4,1
-285,23,0
-262,46,0
-290,21,0
-283,38,0
-295,4,0
-300,1,0
-263,49,0
-287,13,0
73,45,1
-282,31,0
33,17,1
-303,11,0
-307,13,0
68,59,1
-281,39,0
69,50,1
-277,34,0
-276,69,0
-246,138,0
-301,2,0
-269,48,0
25,1,1
49,32,1
31,16,1
28,2,1
50,16,1
-291,19,0
41,31,1
22,3,1
24,2,1
94,131,1
31,3,1
25,1,1
34,13,1
-282,34,0
27,3,1
25,4,1
-283,48,0
-259,83,0
-307,5,0
34,4,1
-238,118,0
-274,35,0
41,12,1
-294,18,0
-264,104,0
119,121,1
-281,43,0
67,48,1
31,3,1
51,23,1
-256,97,0
71,54,1
25,1,1
-234,94,0
-304,14,0
-297,28,0
-233,181,0
30,4,1
65,32,1
65,31,1
-304,3,0
-271,40,0
34,4,1
24,2,1
-284,9,0
-296,15,0
31,3,1
99,153,1
-288,20,0
-304,4,0
-301,4,0
69,30,1
-293,17,0
-297,5,0
31,6,1
30,6,1
-263,58,0
82,108,1
40,6,1
-296,11,0
37,11,1
132,205,1
-270,26,0
-276,15,0
-293,42,0
-289,43,0
-300,1,0
44,13,1
-293,15,0
47,10,1
147,164,1
38,19,1
-273,52,0
-207,138,0
-299,26,0
53,24,1
-291,10,0
40,12,1
-300,1,0
24,11,1
-297,2,0
28,2,1
-299,20,0
-293,9,0
32,8,1
-284,18,0
-300,1,0
32,5,1
-271,28,0
-267,61,0
56,42,1
73,72,1
-204,128,0
42,27,1
68,45,1
-292,8,0
-221,126,0
75,56,1
-296,4,0
-196,177,0
-291,21,0
-254,77,0
72,74,1
67,48,1
-289,10,0
-271,68,0
-295,9,0
37,17,1
-301,24,0
36,10,1
-269,46,0
-282,44,0
-293,32,0
-139,304,0
-252,51,0
54,27,1
34,13,1
-299,4,0
59,29,1
40,14,1
25,1,1
-229,109,0
-287,11,0
-290,60,0
-228,97,0
-289,6,0
-294,29,0
-287,21,0
-303,10,0
33,14,1
28,2,1
-273,90,0
-286,18,0
-291,4,0
-312,12,0
-295,7,0
-295,12,0
30,6,1
32,5,1
25,1,1
147,203,1
76,87,1
-302,6,0
-295,7,0
29,14,1
-292,21,0
25,1,1
59,70,1
-277,43,0
-235,112,0
-292,16,0
25,1,1
25,1,1
41,22,1
38,11,1
28,2,1
-158,235,0
-258,47,0
31,6,1
-297,2,0
-270,41,0
70,54,1
-286,26,0
29,4,1
25,1,1
24,2,1
41,13,1
-292,22,0
-275,32,0
40,16,1
-289,9,0
42,11,1
-294,6,0
66,54,1
25,1,1
62,69,1
85,60,1
-309,9,0
-252,93,0
32,5,1
39,10,1
-244,77,0
-281,20,0
-255,30,0
25,1,1
-297,2,0
38,8,1
-249,91,0
-289,26,0
-302,15,0
-300,1,0
57,21,1
48,15,1
38,8,1
54,28,1
-298,12,0
47,16,1
29,4,1
-297,5,0
27,3,1
43,20,1
-293,12,0
-305,7,0
-297,26,0
-282,36,0
-275,25,0
-298,12,0
29,5,1
91,69,1
-299,9,0
-217,95,0
-287,15,0
24,2,1
54,21,1
-293,9,0
29,10,1
25,1,1
22,3,1
-248,138,0
-280,19,0
-300,4,0
25,1,1
34,4,1
-280,28,0
-283,28,0
55,55,1
-249,91,0
-243,98,0
-288,5,0
83,92,1
64,47,1
21,11,1
-305,17,0
42,10,1
-287,84,0
-288,36,0
64,70,1
-272,25,0
26,3,1
25,1,1
-280,13,0
-296,16,0
65,72,1
-270,43,0
71,63,1
68,66,1
-284,18,0
34,10,1
48,31,1
-268,59,0
-271,60,0
113,100,1
-277,54,0
-299,15,0
-270,32,0
74,70,1
25,1,1
-232,102,0
59,35,1
88,107,1
35,6,1
46,22,1
55,33,1
-295,4,0
24,4,1
35,6,1
-268,32,0
-304,12,0
69,33,1
-288,9,0
-300,13,0
-302,2,0
-285,12,0
-251,127,0
-272,68,0
-299,10,0
29,4,1
28,10,1
-298,7,0
-176,195,0
-288,36,0
45,13,1
92,84,1
-273,36,0
-248,102,0
25,1,1
28,2,1
-287,64,0
28,2,1
-284,24,0
28,2,1
-292,14,0
31,3,1
-269,39,0
-296,24,0
-285,16,0
-272,58,0
54,76,1
-259,74,0
-300,1,0
-270,53,0
46,29,1
123,144,1
-296,4,0
65,56,1
-231,152,0
39,10,1
-291,18,0
25,4,1
28,5,1
62,66,1
24,2,1
25,1,1
28,2,1
56,69,1
33,11,1
-269,64,0
-279,25,0
-295,13,0
-275,32,0
47,36,1
57,32,1
34,12,1
-297,9,0
-297,2,0
-289,12,0
44,31,1
31,3,1
-290,9,0
142,153,1
54,23,1
-282,44,0
42,13,1
-282,15,0
47,14,1
23,2,1
24,2,1
52,32,1
37,18,1
78,107,1
-298,5,0
77,61,1
-188,173,0
25,1,1
-260,74,0
71,54,1
24,2,1
-287,11,0
-234,119,0
25,1,1
-303,3,0
136,137,1
-300,1,0
48,13,1
-250,39,0
-291,7,0
43,13,1
-293,20,0
58,41,1
25,1,1
-284,71,0
-282,13,0
-234,124,0
-237,96,0
43,22,1
25,1,1
-188,259,0
-255,65,0
-202,169,0
38,18,1
35,14,1
-282,48,0
-285,23,0
56,32,1
-269,99,0
-264,33,0
64,72,1
28,34,1
-300,1,0
-280,34,0
-289,15,0
45,16,1
-228,118,0
71,41,1
51,35,1
-297,2,0
80,88,1
-253,74,0
24,2,1
-300,4,0
30,4,1
-293,5,0
-224,173,0
-158,272,0
31,3,1
35,18,1
53,48,1
107,105,1
56,30,1
-244,81,0
44,12,1
-278,19,0
25,1,1
48,16,1
58,25,1
50,36,1
-253,78,0
-278,44,0
66,23,1
86,111,1
-250,78,0
46,17,1
-300,1,0
26,3,1
-285,12,0
28,2,1
36,6,1
-275,28,0
-274,51,0
-279,40,0
24,2,1
-293,18,0
-304,6,0
97,121,1
73,47,1
55,37,1
-292,26,0
34,10,1
-278,19,0
28,2,1
39,39,1
-300,1,0
42,12,1
-297,2,0
29,4,1
-279,30,0
25,4,1
-219,127,0
39,7,1
25,1,1
-284,12,0
67,32,1
-300,7,0
66,98,1
63,33,1
48,19,1
-303,5,0
28,2,1
-259,54,0
-297,2,0
35,6,1
-275,52,0
71,41,1
24,2,1
-265,59,0
35,12,1
55,27,1
-300,4,0
-300,1,0
28,2,1
24,5,1
83,58,1
45,64,1
25,1,1
23,2,1
68,35,1
25,1,1
40,16,1
-275,42,0
-297,15,0
-272,38,0
-283,14,0
-302,11,0
40,33,1
-255,93,0
-295,4,0
158,203,1
48,10,1
24,7,1
25,11,1
44,12,1
43,14,1
-267,38,0
-304,9,0
66,47,1
81,63,1
-268,72,0
151,265,1
76,48,1
25,1,1
-281,24,0
-214,122,0
67,88,1
-300,1,0
-272,48,0
35,6,1
73,35,1
122,149,1
51,22,1
-236,93,0
-307,10,0
-288,12,0
78,55,1
23,2,1
52,25,1
-278,18,0
50,30,1
-275,30,0
46,11,1
-300,7,0
53,33,1
-300,1,0
31,3,1
25,1,1
-274,40,0
-255,76,0
40,12,1
-291,28,0
67,42,1
-291,10,0
-263,45,0
12,21,1
34,9,1
146,156,1
53,30,1
-270,61,0
-236,102,0
38,15,1
-298,3,0
-300,1,0
28,2,1
28,2,1
-303,3,0
-299,12,0
52,29,1
-274,44,0
-293,76,0
59,44,1
34,4,1
30,10,1
-245,97,0
-250,80,0
-280,29,0
-289,14,0
-285,63,0
27,6,1
56,23,1
25,1,1
-305,4,0
-291,60,0
-300,1,0
-264,42,0
51,27,1
-279,32,0
38,29,1
69,57,1
-280,15,0
27,9,1
23,2,1
51,38,1
55,31,1
-276,82,0
76,48,1
-267,46,0
-280,59,0
-307,8,0
-274,34,0
-281,32,0
-306,13,0
28,2,1
-285,20,0
-284,38,0
-297,2,0
41,19,1
50,18,1
28,2,1
46,11,1
59,67,1
44,24,1
117,175,1
134,167,1
-308,13,0
-297,2,0
25,1,1
-242,97,0
-255,76,0
-292,14,0
-296,4,0
-294,9,0
-311,8,0
-293,8,0
-273,48,0
-293,13,0
-271,30,0
-277,26,0
-299,9,0
23,2,1
-253,42,0
-301,2,0
66,57,1
-274,60,0
-240,96,0
-301,5,0
-251,70,0
25,1,1
44,25,1
-284,29,0
-277,30,0
-281,21,0
-300,1,0
64,31,1
-295,33,0
25,1,1
36,10,1
-298,33,0
-303,9,0
-288,8,0
25,1,1
-285,55,0
86,80,1
51,25,1
24,2,1
-249,43,0
33,5,1
-299,6,0
-292,41,0
-290,15,0
-284,27,0
-299,3,0
-264,46,0
32,6,1
32,11,1
51,28,1
-293,10,0
-296,4,0
41,37,1
54,24,1
-300,1,0
30,6,1
-298,6,0
-278,30,0
30,6,1
-300,10,0
93,90,1
57,22,1
-261,60,0
-221,129,0
-302,15,0
-285,17,0
47,36,1
-163,183,0
71,58,1
-297,2,0
32,8,1
-292,17,0
-296,10,0
59,56,1
-300,1,0
30,12,1
37,8,1
-267,54,0
34,10,1
-252,51,0
44,19,1
28,2,1
57,34,1
50,48,1
-264,36,0
-290,7,0
-296,8,0
-251,58,0
-283,36,0
-302,2,0
72,49,1
-277,25,0
-242,117,0
-288,12,0
22,3,1
35,12,1
-237,114,0
33,7,1
26,6,1
29,35,1
32,13,1
-284,9,0
47,14,1
25,1,1
55,39,1
25,1,1
-297,17,0
72,42,1
48,13,1
-296,5,0
74,40,1
49,28,1
34,10,1
64,48,1
74,80,1
74,75,1
37,5,1
25,1,1
-285,15,0
41,15,1
-268,42,0
58,36,1
25,1,1
-273,33,0
64,38,1
26,9,1
68,39,1
111,189,1
-293,16,0
76,44,1
-297,6,0
36,10,1
-294,19,0
-248,95,0
27,19,1
-241,82,0
40,22,1
-258,57,0
-255,63,0
44,17,1
51,15,1
-275,25,0
50,26,1
-297,5,0
160,207,1
77,52,1
-299,9,0
60,45,1
-253,74,0
55,31,1
-295,4,0
-298,9,0
-283,66,0
-300,1,0
54,20,1
-281,111,0
-288,37,0
31,10,1
44,39,1
-282,26,0
49,45,1
27,3,1
68,45,1
50,20,1
-294,25,0
-304,14,0
-239,96,0
31,20,1
-295,16,0
47,32,1
25,1,1
56,31,1
-296,5,0
-296,5,0
56,26,1
-291,14,0
-281,61,0
39,10,1
-300,1,0
25,1,1
31,3,1
28,8,1
-255,65,0
-290,34,0
-304,3,0
25,1,1
26,4,1
71,70,1
34,4,1
25,1,1
-265,66,0
-288,14,0
42,16,1
88,84,1
41,19,1
41,16,1
59,45,1
-283,41,0
30,4,1
33,8,1
-267,72,0
88,103,1
33,23,1
47,37,1
42,15,1
64,53,1
-298,8,0
61,41,1
-247,72,0
79,49,1
28,2,1
-269,35,0
-211,150,0
60,32,1
-183,161,0
26,3,1
52,34,1
42,11,1
89,67,1
-292,7,0
87,54,1
24,5,1
27,11,1
-302,2,0
35,12,1
-300,4,0
-270,37,0
-280,33,0
82,100,1
63,49,1
-306,5,0
25,1,1
-261,62,0
47,14,1
32,11,1
31,16,1
39,12,1
-302,2,0
87,106,1
40,9,1
49,28,1
-283,42,0
-286,64,0
31,3,1
-294,14,0
-276,25,0
-286,20,0
60,38,1
-291,15,0
25,1,1
-301,4,0
-291,26,0
25,1,1
-238,108,0
-290,16,0
30,35,1
32,5,1
45,28,1
-293,22,0
-300,1,0
69,37,1
-263,60,0
60,56,1
-280,19,0
46,14,1
30,4,1
51,28,1
-298,10,0
-275,15,0
24,2,1
-238,77,0
-295,9,0
30,6,1
-273,39,0
-289,12,0
-296,7,0
31,3,1
-296,5,0
-260,65,0
-288,12,0
27,3,1
-300,1,0
-273,38,0
40,6,1
41,14,1
-293,20,0
55,46,1
-279,21,0
25,1,1
-283,22,0
31,3,1
63,39,1
45,18,1
122,137,1
62,69,1
32,8,1
-299,3,0
33,7,1
-300,1,0
-298,42,0
45,25,1
-299,3,0
89,123,1
-291,10,0
-287,26,0
46,15,1
-298,5,0
-266,23,0
175,218,1
25,1,1
-267,26,0
53,39,1
-300,17,0
-284,21,0
-287,39,0
50,25,1
25,1,1
25,1,1
-295,6,0
28,2,1
-298,3,0
31,19,1
54,52,1
-302,3,0
-288,40,0
80,62,1
66,41,1
-280,26,0
90,91,1
37,18,1
31,3,1
-292,12,0
-265,42,0
25,1,1
-297,8,0
28,2,1
36,6,1
31,10,1
37,9,1
34,4,1
40,6,1
-293,24,0
-297,2,0
-301,4,0
-227,134,0
-286,25,0
44,10,1
27,3,1
25,9,1
-289,18,0
-296,8,0
102,111,1
50,20,1
-268,35,0
88,89,1
-300,1,0
44,25,1
43,13,1
28,2,1
-298,5,0
25,1,1
39,7,1
29,4,1
52,80,1
-269,47,0
41,11,1
49,29,1
-285,16,0
40,16,1
32,8,1
-293,11,0
-269,74,0
25,1,1
25,1,1
-292,5,0
-274,49,0
34,4,1
28,2,1
-271,80,0
74,66,1
40,6,1
38,16,1
-162,291,0
-304,3,0
-272,47,0
25,1,1
25,1,1
-294,21,0
33,9,1
-284,26,0
45,18,1
-300,40,0
25,1,1
-285,14,0
-294,6,0
-294,6,0
-292,18,0
-297,2,0
-285,21,0
-279,40,0
48,27,1
89,69,1
-302,5,0
29,9,1
56,36,1
-301,12,0
-289,45,0
36,17,1
71,54,1
31,3,1
68,52,1
-295,9,0
99,78,1
28,2,1
-287,22,0
32,8,1
-300,7,0
131,151,1
33,10,1
35,25,1
-275,36,0
-291,45,0
-300,1,0
-263,61,0
-294,43,0
43,14,1
43,22,1
-219,138,0
-256,68,0
-282,13,0
39,32,1
-243,85,0
-295,11,0
-288,12,0
-237,104,0
-255,57,0
-300,4,0
27,3,1
44,25,1
47,20,1
34,4,1
-286,18,0
-244,77,0
48,69,1
35,7,1
-300,4,0
-264,34,0
24,2,1
70,58,1
-294,3,0
25,1,1
57,22,1
48,17,1
28,2,1
23,2,1
44,18,1
36,13,1
42,8,1
44,19,1
-298,3,0
25,1,1
-299,3,0
39,17,1
31,3,1
-290,13,0
-310,13,0
25,1,1
-288,16,0
-294,3,0
88,89,1
76,50,1
-300,1,0
-287,24,0
82,70,1
70,91,1
-304,3,0
54,45,1
25,1,1
33,13,1
46,30,1
42,27,1
-286,20,0
81,72,1
-297,2,0
65,63,1
-280,38,0
-297,22,0
59,29,1
63,81,1
29,4,1
39,24,1
28,2,1
-281,16,0
28,11,1
-301,14,0
35,10,1
41,18,1
79,116,1
-276,42,0
31,6,1
47,22,1
79,73,1
-298,3,0
28,2,1
104,87,1
31,3,1
-303,5,0
23,2,1
57,29,1
-301,10,0
41,15,1
31,3,1
98,77,1
-281,21,0
-301,4,0
28,2,1
35,13,1
60,35,1
56,39,1
67,40,1
46,19,1
-274,42,0
64,17,1
25,1,1
-249,98,0
25,1,1
77,77,1
57,27,1
104,100,1
25,1,1
41,26,1
61,34,1
-248,63,0
28,2,1
44,20,1
25,1,1
64,59,1
32,11,1
-295,6,0
-300,6,0
37,13,1
-297,50,0
44,19,1
89,85,1
30,6,1
-263,62,0
31,3,1
25,1,1
-261,49,0
-295,11,0
-296,19,0
-236,65,0
-284,31,0
-243,102,0
39,10,1
-286,10,0
64,51,1
25,4,1
-286,21,0
79,77,1
34,7,1
28,2,1
-296,18,0
30,10,1
44,16,1
34,20,1
28,2,1
-293,8,0
-240,80,0
-294,10,0
-270,34,0
84,63,1
35,13,1
62,47,1
75,49,1
25,1,1
-292,10,0
53,17,1
-278,11,0
-284,32,0
38,15,1
-292,5,0
141,136,1
86,80,1
67,32,1
-266,46,0
29,4,1
78,81,1
53,32,1
82,71,1
-247,85,0
-295,50,0
28,7,1
-287,15,0
-295,14,0
-279,35,0
-300,1,0
48,31,1
78,49,1
70,54,1
-272,38,0
70,61,1
-291,19,0
-210,142,0
73,64,1
61,79,1
66,41,1
64,48,1
32,5,1
-269,95,0
-285,19,0
31,24,1
29,13,1
23,2,1
55,50,1
-255,64,0
-300,1,0
134,146,1
25,1,1
29,9,1
30,4,1
-293,8,0
77,71,1
28,2,1
-303,5,0
39,14,1
37,19,1
97,108,1
25,1,1
25,1,1
-294,12,0
-270,26,0
84,74,1
-222,122,0
49,45,1
66,46,1
-285,43,0
-283,34,0
74,69,1
-302,8,0
88,67,1
-301,2,0
63,42,1
-293,18,0
24,10,1
44,13,1
-277,41,0
46,15,1
41,12,1
36,8,1
-228,87,0
44,25,1
-270,55,0
-236,59,0
120,150,1
63,43,1
-282,36,0
32,11,1
59,27,1
41,22,1
-291,20,0
-220,129,0
-301,5,0
22,3,1
25,1,1
58,29,1
-297,2,0
31,3,1
-297,8,0
33,5,1
103,157,1
-270,62,0
-260,52,0
41,9,1
46,15,1
-287,16,0
-300,1,0
42,57,1
-294,6,0
-251,95,0
27,11,1
23,2,1
40,15,1
53,36,1
46,11,1
58,66,1
-281,21,0
34,4,1
-168,246,0
45,40,1
-286,32,0
-267,43,0
48,33,1
24,2,1
40,18,1
25,1,1
49,22,1
41,16,1
42,26,1
46,25,1
25,1,1
22,4,1
39,7,1
-300,4,0
64,33,1
41,19,1
-264,35,0
59,62,1
25,1,1
33,5,1
-294,12,0
27,21,1
31,14,1
-298,3,0
43,13,1
-262,27,0
-268,93,0
56,79,1
-293,20,0
-277,49,0
-296,9,0
28,2,1
92,87,1
38,14,1
55,55,1
48,20,1
35,6,1
28,2,1
62,39,1
48,14,1
-258,39,0
32,5,1
-300,7,0
-301,4,0
-299,23,0
53,30,1
-300,1,0
-266,38,0
40,13,1
51,26,1
-297,2,0
-304,3,0
-295,16,0
-297,2,0
-254,62,0
-241,81,0
-278,42,0
-275,60,0
-300,1,0
46,37,1
-287,33,0
75,77,1
57,32,1
58,35,1
37,5,1
49,42,1
70,42,1
63,51,1
-231,105,0
-297,2,0
24,14,1
-303,6,0
-265,35,0
54,20,1
-287,10,0
39,16,1
33,9,1
-264,62,0
-272,47,0
34,7,1
-300,1,0
64,40,1
52,16,1
27,8,1
-300,1,0
-299,14,0
48,25,1
39,13,1
97,84,1
41,12,1
51,20,1
-275,34,0
53,22,1
25,1,1
-250,66,0
-250,76,0
25,1,1
75,66,1
-290,21,0
66,40,1
47,25,1
-252,56,0
54,16,1
-298,9,0
-300,13,0
25,1,1
52,41,1
39,13,1
62,38,1
-294,9,0
-255,48,0
36,6,1
-295,9,0
-282,23,0
28,2,1
133,179,1
-287,8,0
25,1,1
-292,5,0
33,5,1
-298,3,0
35,6,1
90,101,1
25,1,1
33,7,1
-263,35,0
-289,12,0
59,31,1
35,20,1
25,1,1
-238,66,0
25,1,1
28,2,1
-295,11,0
44,18,1
62,51,1
50,22,1
35,6,1
34,4,1
-280,29,0
-292,13,0
-290,16,0
25,1,1
-294,56,0
-268,43,0
27,3,1
-289,43,0
-299,7,0
-298,30,0
81,69,1
55,46,1
37,44,1
-265,59,0
-274,26,0
50,60,1
25,1,1
-274,33,0
32,5,1
-287,11,0
34,4,1
-298,36,0
-288,16,0
23,2,1
102,159,1
-300,1,0
126,133,1
40,15,1
31,6,1
25,1,1
46,22,1
25,1,1
-230,82,0
28,2,1
46,22,1
43,12,1
87,67,1
-282,37,0
71,56,1
55,34,1
-300,1,0
-303,25,0
-268,42,0
25,13,1
72,44,1
65,63,1
55,18,1
33,5,1
-275,32,0
51,28,1
110,104,1
25,4,1
-300,1,0
49,37,1
43,27,1
31,6,1
128,124,1
-299,4,0
25,1,1
39,10,1
-269,67,0
28,2,1
25,1,1
42,33,1
-304,3,0
-269,98,0
40,9,1
53,31,1
34,8,1
-300,1,0
-245,53,0
33,5,1
-305,5,0
-287,14,0
-308,8,0
-291,20,0
39,9,1
26,3,1
49,24,1
-290,20,0
36,8,1
43,15,1
-281,55,0
103,108,1
-293,13,0
33,5,1
-299,32,0
-283,43,0
30,6,1
-292,5,0
-279,34,0
-302,2,0
28,2,1
34,8,1
-277,41,0
-251,71,0
69,36,1
44,31,1
145,205,1
-297,16,0
-284,16,0
-253,70,0
29,4,1
71,57,1
43,16,1
-291,7,0
-285,45,0
24,2,1
-296,7,0
31,3,1
-303,20,0
39,12,1
-306,13,0
-295,7,0
38,8,1
27,12,1
67,48,1
-284,93,0
-254,61,0
25,1,1
70,74,1
-229,133,0
28,2,1
-292,5,0
68,46,1
39,11,1
27,9,1
-289,9,0
40,23,1
36,9,1
66,74,1
25,14,1
71,38,1
-288,31,0
-287,26,0
-233,130,0
-300,15,0
65,32,1
69,54,1
-297,2,0
38,7,1
-257,25,0
47,28,1
33,5,1
59,34,1
-295,4,0
-297,5,0
-276,52,0
42,20,1
33,8,1
-293,34,0
43,24,1
36,6,1
62,32,1
-300,1,0
-295,7,0
29,4,1
60,32,1
28,2,1
38,11,1
57,25,1
-280,17,0
-292,12,0
58,34,1
58,40,1
-295,7,0
57,44,1
25,1,1
-246,70,0
71,55,1
35,6,1
37,12,1
40,10,1
60,34,1
37,5,1
-281,34,0
42,13,1
34,8,1
56,57,1
-280,14,0
-265,48,0
29,5,1
-294,6,0
-295,9,0
37,9,1
33,5,1
-292,16,0
48,59,1
100,83,1
-289,9,0
-298,6,0
-268,53,0
81,92,1
94,107,1
-278,26,0
29,7,1
-281,28,0
56,39,1
-293,15,0
27,17,1
-260,36,0
72,76,1
38,8,1
41,8,1
83,91,1
-256,67,0
-285,32,0
56,43,1
30,6,1
-265,21,0
-284,37,0
70,95,1
84,73,1
25,1,1
188,280,1
25,1,1
24,2,1
25,1,1
46,46,1
104,94,1
-271,49,0
45,12,1
-269,74,0
66,69,1
54,56,1
-301,2,0
-292,9,0
25,1,1
39,7,1
46,33,1
83,92,1
-300,6,0
46,25,1
24,2,1
-258,53,0
-293,5,0
-255,65,0
-271,48,0
54,39,1
65,45,1
36,6,1
-248,119,0
36,34,1
78,57,1
34,13,1
90,70,1
-289,9,0
68,95,1
46,37,1
27,3,1
68,94,1
-289,37,0
25,1,1
-297,2,0
-292,8,0
38,8,1
52,33,1
25,1,1
-237,87,0
-280,41,0
28,2,1
-302,17,0
41,29,1
78,39,1
-300,4,0
83,71,1
-258,53,0
-308,11,0
30,4,1
28,8,1
56,18,1
61,38,1
31,3,1
49,39,1
-293,8,0
79,69,1
30,4,1
30,4,1
25,1,1
25,1,1
48,23,1
34,4,1
-290,16,0
-302,8,0
-285,15,0
33,5,1
-304,51,0
32,11,1
31,12,1
25,1,1
-297,14,0
39,22,1
54,17,1
32,12,1
-296,13,0
-277,53,0
-294,3,0
31,15,1
101,90,1
45,22,1
40,10,1
32,16,1
67,58,1
-280,19,0
34,13,1
-259,81,0
42,30,1
-291,7,0
60,49,1
68,55,1
83,109,1
44,9,1
25,1,1
-300,1,0
33,11,1
28,2,1
28,2,1
-297,8,0
25,1,1
40,18,1
32,5,1
25,1,1
49,28,1
58,29,1
-229,174,0
-298,14,0
40,12,1
-300,4,0
33,12,1
39,9,1
-281,25,0
-302,2,0
-237,114,0
35,17,1
37,9,1
-267,62,0
56,45,1
-303,8,0
28,8,1
28,2,1
-302,8,0
25,1,1
-271,26,0
57,56,1
-280,21,0
-283,25,0
-296,5,0
52,32,1
-241,110,0
-309,20,0
25,1,1
30,12,1
24,24,1
74,48,1
-270,47,0
28,2,1
75,73,1
-301,8,0
56,37,1
34,16,1
42,11,1
-270,38,0
46,31,1
-301,2,0
33,8,1
56,72,1
41,14,1
61,40,1
34,4,1
36,6,1
101,101,1
-291,16,0
-274,20,0
25,1,1
25,1,1
-290,10,0
39,23,1
33,13,1
-296,4,0
64,35,1
57,19,1
24,2,1
34,7,1
49,26,1
-291,16,0
27,5,1
51,27,1
-300,22,0
-273,33,0
-300,7,0
-290,7,0
44,17,1
46,8,1
-292,7,0
61,21,1
32,5,1
-284,21,0
40,13,1
-255,60,0
58,30,1
40,12,1
26,3,1
35,9,1
71,42,1
109,97,1
-269,36,0
-300,4,0
-308,7,0
-217,115,0
-287,35,0
-288,44,0
25,1,1
109,128,1
-307,6,0
28,2,1
-266,47,0
61,22,1
-210,141,0
50,23,1
-248,80,0
-239,125,0
-255,90,0
25,1,1
36,11,1
26,15,1
31,3,1
43,18,1
53,28,1
33,5,1
74,37,1
-300,7,0
-272,31,0
40,9,1
25,1,1
70,33,1
52,21,1
32,15,1
-302,2,0
85,72,1
-295,10,0
-303,3,0
-268,52,0
38,20,1
31,14,1
-257,57,0
-293,8,0
28,2,1
-308,35,0
69,41,1
-307,20,0
-300,4,0
60,35,1
47,18,1
25,1,1
-300,7,0
-287,17,0
33,5,1
60,33,1
48,10,1
-302,2,0
-257,37,0
46,18,1
25,1,1
61,49,1
-288,46,0
36,17,1
25,1,1
24,2,1
73,57,1
38,11,1
71,97,1
35,6,1
25,1,1
-299,3,0
28,2,1
52,21,1
69,38,1
-289,6,0
27,3,1
37,5,1
103,88,1
38,8,1
34,10,1
-272,46,0
36,6,1
39,78,1
63,46,1
25,1,1
-290,12,0
41,16,1
25,1,1
-276,30,0
36,10,1
64,29,1
-230,99,0
25,4,1
-265,42,0
25,1,1
65,43,1
32,5,1
45,15,1
-293,11,0
-265,31,0
31,3,1
55,42,1
36,8,1
-264,42,0
-302,2,0
74,46,1
47,11,1
28,2,1
22,3,1
46,22,1
28,2,1
25,1,1
-282,26,0
-300,1,0
24,2,1
-298,14,0
38,8,1
-292,8,0
-168,203,0
-267,30,0
-256,43,0
46,11,1
32,6,1
71,40,1
-297,6,0
31,6,1
-291,24,0
-283,18,0
37,8,1
66,40,1
35,9,1
42,17,1
25,1,1
-240,88,0
-281,21,0
42,11,1
50,16,1
-306,26,0
-294,15,0
48,26,1
-301,5,0
50,19,1
34,7,1
-273,29,0
-287,14,0
-298,5,0
36,12,1
48,21,1
-300,1,0
43,31,1
39,10,1
25,1,1
89,55,1
47,55,1
49,47,1
52,13,1
-293,8,0
53,23,1
34,11,1
49,27,1
56,35,1
-293,8,0
73,51,1
-286,18,0
31,3,1
31,6,1
87,86,1
-302,2,0
75,89,1
47,18,1
-201,153,0
-281,23,0
36,8,1
27,3,1
45,19,1
-266,55,0
-301,7,0
43,17,1
-299,6,0
-278,24,0
25,5,1
59,36,1
25,1,1
73,41,1
57,30,1
84,83,1
31,3,1
-302,2,0
33,5,1
32,11,1
-291,16,0
31,3,1
-296,14,0
91,77,1
67,56,1
60,76,1
25,1,1
25,1,1
-285,12,0
45,9,1
27,3,1
23,2,1
38,8,1
43,20,1
-287,29,0
-298,3,0
-255,58,0
-282,22,0
53,24,1
40,12,1
25,1,1
-300,1,0
-266,36,0
25,1,1
32,5,1
28,14,1
25,6,1
49,19,1
28,7,1
54,31,1
83,86,1
-262,55,0
96,102,1
25,4,1
96,77,1
-263,44,0
-288,32,0
-280,23,0
28,2,1
25,1,1
47,18,1
88,82,1
39,12,1
32,21,1
74,75,1
59,29,1
-289,6,0
-253,104,0
-226,113,0
80,75,1
84,92,1
-297,2,0
92,94,1
33,11,1
31,3,1
-254,74,0
31,3,1
-286,10,0
-302,2,0
100,86,1
28,11,1
25,1,1
34,4,1
27,8,1
-281,21,0
53,48,1
23,2,1
-235,75,0
39,7,1
40,6,1
25,1,1
-300,9,0
32,36,1
31,3,1
-290,29,0
31,3,1
38,17,1
-286,18,0
-298,6,0
-229,78,0
25,1,1
32,8,1
-296,19,0
-244,50,0
31,3,1
-293,6,0
44,15,1
77,73,1
25,1,1
97,96,1
86,93,1
36,18,1
31,62,1
-279,15,0
-231,96,0
62,55,1
25,1,1
58,26,1
-281,56,0
-294,8,0
-291,13,0
23,2,1
-214,123,0
24,5,1
57,22,1
25,1,1
90,85,1
31,3,1
-246,70,0
52,27,1
58,39,1
70,52,1
-299,17,0
-293,13,0
31,7,1
49,26,1
41,19,1
46,17,1
-291,7,0
55,38,1
49,23,1
-301,2,0
32,6,1
30,9,1
86,102,1
-280,21,0
25,1,1
41,18,1
-295,7,0
-287,21,0
25,1,1
43,35,1
39,14,1
42,19,1
62,32,1
-284,23,0
-287,25,0
-296,4,0
25,1,1
40,18,1
57,24,1
-301,2,0
29,4,1
56,29,1
42,10,1
45,16,1
-278,21,0
45,18,1
25,1,1
34,9,1
35,9,1
50,27,1
126,129,1
-242,107,0
-295,4,0
37,13,1
74,39,1
78,63,1
46,18,1
43,12,1
38,13,1
54,26,1
33,5,1
36,11,1
28,2,1
-302,2,0
-272,26,0
27,21,1
-268,56,0
80,58,1
76,68,1
25,1,1
-279,43,0
-298,9,0
60,22,1
-300,1,0
25,1,1
44,14,1
-289,6,0
55,40,1
-278,15,0
-290,29,0
-293,21,0
-290,23,0
54,39,1
-276,38,0
56,39,1
-297,14,0
-287,19,0
-263,48,0
25,1,1
25,1,1
-286,27,0
25,1,1
28,2,1
132,133,1
-264,43,0
49,15,1
25,4,1
-271,16,0
-243,97,0
31,3,1
55,37,1
31,3,1
48,27,1
25,1,1
88,101,1
30,6,1
25,1,1
-293,20,0
-265,39,0
49,24,1
25,1,1
42,22,1
-288,17,0
28,2,1
45,16,1
-277,102,0
25,1,1
26,8,1
45,48,1
-295,13,0
40,10,1
52,26,1
50,33,1
57,29,1
44,10,1
31,6,1
29,4,1
88,58,1
-301,17,0
63,61,1
-258,36,0
34,15,1
-291,7,0
-277,19,0
61,34,1
38,8,1
25,1,1
-293,5,0
30,12,1
30,9,1
29,7,1
51,39,1
66,58,1
63,28,1
25,1,1
-299,3,0
-303,3,0
24,4,1
-270,25,0
25,1,1
58,47,1
-297,8,0
-306,11,0
31,7,1
-262,46,0
-294,25,0
43,23,1
-285,24,0
-283,25,0
-284,84,0
-270,28,0
49,17,1
-295,4,0
45,29,1
-271,55,0
47,51,1
29,4,1
46,19,1
30,4,1
34,7,1
-274,23,0
25,1,1
-300,1,0
60,44,1
41,12,1
85,84,1
40,19,1
78,54,1
65,62,1
25,1,1
69,60,1
25,11,1
53,29,1
25,1,1
51,39,1
67,44,1
34,4,1
-287,11,0
-304,3,0
-271,27,0
25,1,1
41,16,1
29,9,1
62,45,1
75,46,1
-286,23,0
27,5,1
-292,5,0
41,8,1
-271,28,0
24,2,1
-290,10,0
-298,7,0
49,20,1
101,103,1
61,30,1
-271,47,0
62,34,1
65,41,1
23,2,1
25,1,1
35,6,1
-291,4,0
-243,69,0
31,3,1
45,16,1
-279,24,0
35,6,1
39,16,1
32,41,1
-216,119,0
25,1,1
25,1,1
68,63,1
28,2,1
28,2,1
31,6,1
60,49,1
24,2,1
25,1,1
47,33,1
-244,90,0
-298,5,0
91,79,1
-289,16,0
37,5,1
37,14,1
64,57,1
51,14,1
-300,1,0
33,8,1
53,19,1
31,3,1
-268,55,0
-264,37,0
34,12,1
25,1,1
42,44,1
-295,14,0
55,24,1
-268,48,0
33,5,1
25,1,1
26,3,1
-300,4,0
-222,86,0
49,15,1
50,35,1
-300,1,0
25,1,1
23,2,1
38,8,1
25,1,1
-275,63,0
74,46,1
-294,26,0
27,6,1
43,11,1
-292,8,0
-304,6,0
-275,27,0
30,4,1
69,72,1
-282,17,0
51,40,1
26,18,1
42,33,1
25,1,1
38,7,1
44,13,1
37,5,1
103,86,1
49,27,1
43,14,1
31,6,1
-275,19,0
62,76,1
36,12,1
24,15,1
-303,5,0
-271,92,0
-288,27,0
-244,68,0
-288,5,0
-270,44,0
64,34,1
60,48,1
38,11,1
51,17,1
-297,14,0
-243,101,0
-273,24,0
34,4,1
34,26,1
61,44,1
-284,15,0
24,2,1
-292,17,0
-260,49,0
98,147,1
-295,16,0
100,108,1
28,2,1
25,1,1
38,7,1
35,7,1
-286,7,0
55,30,1
26,4,1
93,79,1
-285,11,0
-304,13,0
-273,35,0
-273,104,0
39,10,1
-279,32,0
-289,6,0
49,37,1
71,55,1
-287,32,0
113,131,1
66,34,1
36,6,1
-288,48,0
40,9,1
-288,12,0
-293,9,0
-292,8,0
25,1,1
31,6,1
34,17,1
25,1,1
-285,12,0
41,18,1
70,34,1
26,3,1
25,1,1
27,8,1
36,6,1
52,31,1
72,47,1
-298,6,0
57,34,1
-299,32,0
68,36,1
63,50,1
-301,2,0
26,3,1
38,23,1
-299,3,0
-301,2,0
-297,5,0
47,10,1
38,13,1
-293,5,0
-268,80,0
-304,6,0
28,2,1
25,1,1
27,5,1
58,40,1
45,28,1
43,28,1
96,86,1
41,11,1
135,162,1
-302,2,0
-268,47,0
43,19,1
-287,14,0
28,8,1
37,13,1
56,39,1
78,62,1
-271,53,0
-291,27,0
25,1,1
25,1,1
24,2,1
41,16,1
56,32,1
73,64,1
53,29,1
-268,40,0
34,7,1
-261,43,0
25,1,1
64,83,1
74,50,1
41,8,1
61,22,1
73,58,1
-298,3,0
27,3,1
50,37,1
25,1,1
32,5,1
28,5,1
-287,21,0
-298,3,0
95,84,1
-275,37,0
-286,13,0
56,34,1
55,45,1
-288,13,0
56,61,1
34,4,1
28,2,1
23,2,1
25,1,1
-286,19,0
53,30,1
55,30,1
52,27,1
36,6,1
61,62,1
-275,51,0
-307,8,0
25,1,1
67,114,1
36,13,1
-270,66,0
62,32,1
28,2,1
-300,1,0
40,15,1
42,11,1
-255,49,0
-297,2,0
-293,12,0
56,38,1
42,12,1
-270,20,0
27,3,1
52,25,1
-300,1,0
32,5,1
37,5,1
33,8,1
-260,50,0
-294,10,0
-288,13,0
28,2,1
30,4,1
-294,3,0
78,81,1
81,74,1
38,11,1
40,20,1
31,6,1
25,1,1
32,5,1
75,61,1
33,18,1
-294,6,0
-237,75,0
37,15,1
41,15,1
31,15,1
100,89,1
-254,54,0
-294,9,0
48,27,1
45,21,1
54,39,1
59,30,1
25,1,1
71,56,1
40,28,1
43,15,1
-278,10,0
-238,88,0
-299,3,0
23,2,1
66,23,1
67,47,1
-293,12,0
25,1,1
25,1,1
-274,11,0
30,10,1
34,12,1
58,27,1
28,2,1
31,3,1
-272,24,0
43,10,1
42,10,1
34,7,1
25,1,1
41,16,1
32,20,1
26,7,1
-297,5,0
35,6,1
30,4,1
-281,18,0
28,2,1
35,6,1
-299,11,0
-259,48,0
92,73,1
25,10,1
38,16,1
48,17,1
78,44,1
24,2,1
-282,41,0
57,40,1
25,1,1
-263,37,0
89,93,1
37,9,1
46,24,1
40,9,1
24,2,1
-275,29,0
91,74,1
44,28,1
66,37,1
55,25,1
42,11,1
39,15,1
63,49,1
46,19,1
50,16,1
106,106,1
41,12,1
51,33,1
35,6,1
-275,19,0
72,28,1
-273,30,0
44,22,1
-294,3,0
57,39,1
25,1,1
44,18,1
45,21,1
28,2,1
35,6,1
25,1,1
71,68,1
28,2,1
-254,85,0
41,9,1
24,2,1
27,19,1
31,3,1
52,16,1
64,35,1
-301,5,0
-286,36,0
-267,83,0
77,61,1
-281,24,0
24,2,1
42,25,1
-254,50,0
38,18,1
47,28,1
-268,63,0
-285,16,0
46,21,1
-277,18,0
23,2,1
37,11,1
56,28,1
32,6,1
-266,41,0
32,18,1
-280,29,0
-302,6,0
-298,6,0
32,11,1
126,159,1
58,40,1
41,17,1
41,11,1
49,9,1
25,1,1
59,43,1
-298,18,0
35,7,1
-301,2,0
-290,6,0
-298,8,0
39,17,1
-251,49,0
23,2,1
-279,20,0
35,9,1
-259,41,0
-279,31,0
77,92,1
-300,1,0
37,14,1
25,1,1
28,2,1
49,22,1
40,10,1
41,31,1
-204,166,0
28,2,1
-282,26,0
62,26,1
-290,28,0
52,23,1
47,11,1
121,159,1
-293,11,0
-262,47,0
35,7,1
35,6,1
37,10,1
45,18,1
44,21,1
-232,89,0
28,2,1
46,19,1
28,8,1
37,15,1
53,28,1
-300,1,0
35,21,1
33,8,1
-298,18,0
44,20,1
-269,20,0
42,12,1
28,2,1
37,8,1
-295,4,0
-270,56,0
33,5,1
32,5,1
38,8,1
-298,3,0
-300,1,0
31,10,1
62,53,1
24,4,1
-286,24,0
35,7,1
28,2,1
29,4,1
-228,89,0
40,17,1
57,30,1
64,38,1
40,12,1
43,15,1
25,1,1
34,4,1
44,12,1
28,2,1
-300,8,0
34,7,1
28,2,1
58,24,1
35,15,1
25,1,1
28,5,1
54,19,1
28,2,1
44,12,1
31,3,1
34,4,1
42,26,1
-294,3,0
34,8,1
28,8,1
25,1,1
45,22,1
-270,25,0
-300,1,0
50,20,1
131,160,1
24,2,1
67,42,1
118,107,1
-287,11,0
26,6,1
-290,20,0
-298,8,0
38,21,1
31,3,1
-300,1,0
88,64,1
-303,3,0
55,50,1
63,26,1
-296,19,0
44,10,1
-269,32,0
101,83,1
25,1,1
54,18,1
98,99,1
-266,45,0
28,2,1
41,8,1
-272,36,0
32,6,1
25,1,1
58,23,1
-298,5,0
52,46,1
53,27,1
58,44,1
-277,26,0
-285,13,0
40,13,1
38,30,1
53,35,1
29,4,1
-272,50,0
-244,81,0
32,6,1
-280,26,0
28,2,1
25,1,1
44,28,1
62,33,1
39,15,1
-295,9,0
-293,10,0
27,3,1
-294,19,0
63,34,1
-280,15,0
-300,1,0
36,6,1
31,3,1
67,52,1
23,2,1
-290,6,0
97,101,1
73,58,1
37,11,1
25,1,1
79,54,1
34,10,1
64,81,1
-275,28,0
30,19,1
44,19,1
-301,2,0
95,82,1
-300,1,0
-272,30,0
62,22,1
50,26,1
53,19,1
45,12,1
52,27,1
25,1,1
40,26,1
92,60,1
45,13,1
49,13,1
33,5,1
-303,3,0
-277,39,0
-283,15,0
40,13,1
-282,25,0
61,31,1
69,49,1
-276,83,0
43,30,1
47,18,1
23,5,1
49,18,1
-288,27,0
28,2,1
85,70,1
39,9,1
47,10,1
28,2,1
31,3,1
35,10,1
53,17,1
-298,13,0
-293,9,0
50,31,1
45,14,1
-274,39,0
61,44,1
31,3,1
33,5,1
-296,4,0
42,14,1
46,15,1
24,2,1
46,12,1
-293,5,0
25,1,1
-289,10,0
-285,12,0
-289,9,0
-289,38,0
-249,73,0
47,17,1
37,8,1
62,32,1
59,25,1
94,64,1
-264,37,0
28,2,1
24,2,1
87,82,1
52,27,1
24,10,1
70,49,1
55,25,1
55,15,1
-285,15,0
83,60,1
25,1,1
36,8,1
25,1,1
50,21,1
47,25,1
78,60,1
30,6,1
32,5,1
25,1,1
33,10,1
25,1,1
29,4,1
44,10,1
55,39,1
39,10,1
27,3,1
32,6,1
-300,4,0
28,2,1
54,22,1
73,56,1
-294,3,0
28,2,1
36,6,1
77,61,1
-280,22,0
69,52,1
-275,14,0
-299,3,0
69,46,1
24,2,1
-288,24,0
31,3,1
61,34,1
46,17,1
28,5,1
25,1,1
35,13,1
-298,26,0
96,73,1
34,7,1
41,11,1
91,68,1
84,49,1
64,39,1
41,8,1
-272,40,0
-290,7,0
-293,5,0
45,54,1
47,14,1
49,33,1
60,39,1
-292,16,0
30,4,1
34,7,1
-300,1,0
-278,43,0
43,13,1
-291,24,0
-250,37,0
28,8,1
57,16,1
25,1,1
25,31,1
-275,46,0
-263,78,0
27,26,1
25,1,1
25,1,1
25,1,1
34,7,1
25,14,1
38,13,1
35,9,1
78,73,1
68,38,1
55,18,1
23,9,1
25,1,1
70,45,1
27,3,1
58,39,1
-300,1,0
-292,8,0
25,1,1
73,55,1
31,3,1
-311,7,0
41,21,1
51,11,1
46,21,1
33,10,1
49,17,1
55,30,1
33,5,1
50,45,1
38,20,1
-284,18,0
27,5,1
25,1,1
-298,13,0
67,53,1
53,39,1
28,2,1
-275,46,0
56,24,1
-292,13,0
-282,21,0
28,2,1
25,1,1
47,31,1
-302,2,0
31,3,1
41,13,1
-290,29,0
27,3,1
-268,64,0
-299,3,0
28,17,1
-272,28,0
42,20,1
25,1,1
25,1,1
-284,20,0
-300,1,0
-289,8,0
-279,15,0
27,6,1
22,3,1
30,4,1
50,18,1
46,40,1
-292,8,0
65,41,1
114,122,1
52,27,1
36,6,1
-302,3,0
-257,39,0
25,1,1
34,14,1
44,9,1
-288,10,0
33,7,1
33,7,1
64,41,1
60,47,1
25,4,1
32,8,1
46,14,1
-297,2,0
-226,71,0
37,5,1
74,45,1
32,5,1
31,8,1
54,40,1
36,17,1
71,55,1
-292,13,0
26,13,1
38,10,1
36,36,1
28,5,1
53,62,1
25,1,1
24,2,1
-300,1,0
-269,49,0
61,39,1
-261,30,0
44,13,1
61,22,1
57,35,1
-271,35,0
-299,24,0
25,1,1
25,1,1
48,13,1
55,28,1
68,46,1
25,1,1
31,3,1
-280,26,0
-283,14,0
-273,55,0
33,10,1
-289,29,0
82,70,1
68,69,1
-285,9,0
37,5,1
31,6,1
25,1,1
-300,19,0
58,43,1
46,12,1
77,57,1
-302,10,0
67,43,1
25,1,1
65,68,1
31,9,1
49,15,1
36,6,1
53,26,1
29,4,1
63,49,1
40,9,1
-290,10,0
89,108,1
57,33,1
25,1,1
-238,116,0
59,28,1
36,8,1
54,16,1
44,19,1
32,8,1
50,29,1
-285,19,0
-304,9,0
28,2,1
47,17,1
-290,9,0
-300,1,0
25,1,1
49,57,1
-298,21,0
75,43,1
-289,12,0
40,6,1
-285,28,0
-286,40,0
61,45,1
25,1,1
25,1,1
-280,29,0
66,42,1
64,74,1
28,2,1
30,7,1
39,11,1
-297,2,0
-289,14,0
63,29,1
-266,31,0
57,49,1
43,15,1
-300,1,0
-292,13,0
-310,35,0
38,14,1
25,1,1
-270,31,0
111,110,1
46,24,1
28,7,1
38,33,1
46,15,1
28,6,1
45,18,1
-294,3,0
35,7,1
-256,97,0
36,6,1
56,32,1
-289,9,0
62,51,1
54,60,1
-290,16,0
52,16,1
39,13,1
42,13,1
25,1,1
-303,11,0
32,6,1
57,31,1
-296,19,0
31,31,1
-283,21,0
58,35,1
-277,20,0
-300,1,0
60,31,1
27,5,1
-299,9,0
25,1,1
46,16,1
35,29,1
24,2,1
44,19,1
25,1,1
29,12,1
25,1,1
73,67,1
25,1,1
47,51,1
55,17,1
29,4,1
27,18,1
-291,13,0
25,1,1
89,84,1
-258,104,0
-288,15,0
40,9,1
46,26,1
31,6,1
51,26,1
-297,2,0
63,26,1
58,33,1
-269,56,0
28,2,1
35,6,1
78,71,1
87,91,1
26,6,1
-259,54,0
-290,39,0
-272,23,0
31,3,1
-217,181,0
67,23,1
64,41,1
54,23,1
63,28,1
66,31,1
66,57,1
30,6,1
68,52,1
-255,93,0
62,26,1
55,54,1
29,12,1
58,45,1
43,7,1
-298,5,0
66,45,1
84,54,1
74,92,1
-269,36,0
61,26,1
48,38,1
40,19,1
23,2,1
50,36,1
-301,2,0
-272,30,0
67,33,1
25,1,1
39,10,1
40,9,1
33,10,1
54,44,1
-284,22,0
56,30,1
30,4,1
59,41,1
-301,10,0
-292,11,0
28,2,1
36,9,1
49,30,1
45,30,1
25,1,1
27,3,1
37,5,1
34,10,1
56,42,1
68,42,1
39,7,1
28,2,1
41,12,1
58,46,1
-287,20,0
28,2,1
54,25,1
-300,1,0
39,13,1
62,49,1
66,32,1
41,12,1
43,11,1
45,11,1
32,14,1
91,90,1
54,33,1
38,7,1
39,16,1
25,1,1
40,9,1
27,3,1
-298,29,0
52,23,1
28,2,1
-297,2,0
87,94,1
30,4,1
40,10,1
29,4,1
51,17,1
54,20,1
49,16,1
50,30,1
25,1,1
23,2,1
-287,7,0
98,86,1
39,10,1
25,1,1
57,51,1
-304,3,0
46,16,1
25,1,1
-262,49,0
41,37,1
-259,42,0
-272,47,0
39,11,1
-284,9,0
66,58,1
-288,13,0
-292,5,0
25,1,1
-289,11,0
42,12,1
34,4,1
25,1,1
42,14,1
84,71,1
-296,8,0
25,8,1
53,17,1
-297,8,0
41,12,1
25,1,1
37,5,1
-301,5,0
-294,3,0
63,42,1
37,8,1
-302,6,0
29,4,1
24,2,1
-245,80,0
33,5,1
28,7,1
28,29,1
31,3,1
64,33,1
51,15,1
-291,26,0
68,36,1
69,41,1
38,13,1
25,1,1
38,7,1
-279,18,0
56,24,1
41,8,1
102,82,1
57,55,1
61,29,1
86,76,1
40,9,1
23,2,1
-295,29,0
51,53,1
39,13,1
-300,1,0
48,31,1
28,2,1
53,19,1
40,15,1
66,56,1
-300,1,0
-292,11,0
-241,80,0
29,4,1
28,2,1
-273,22,0
44,30,1
26,3,1
67,46,1
-299,3,0
54,25,1
-278,44,0
54,23,1
-288,23,0
-294,12,0
23,2,1
46,24,1
-293,8,0
-265,37,0
28,2,1
-289,6,0
50,20,1
34,4,1
42,12,1
46,8,1
58,22,1
18,12,1
-287,30,0
-300,38,0
40,11,1
34,10,1
-303,29,0
47,25,1
23,2,1
80,53,1
25,1,1
67,45,1
25,1,1
38,8,1
42,16,1
25,1,1
-297,2,0
33,8,1
58,40,1
43,31,1
58,47,1
25,1,1
43,10,1
78,67,1
-295,14,0
41,13,1
33,5,1
26,3,1
34,19,1
35,6,1
42,11,1
28,2,1
-256,89,0
41,11,1
65,42,1
51,18,1
45,37,1
53,26,1
30,9,1
-297,16,0
28,2,1
32,5,1
37,17,1
-276,55,0
34,8,1
86,75,1
62,34,1
35,6,1
52,38,1
-261,41,0
31,3,1
25,1,1
-295,10,0
45,9,1
-298,3,0
52,24,1
26,3,1
43,16,1
-298,11,0
51,24,1
-284,40,0
47,14,1
52,23,1
55,89,1
49,22,1
27,3,1
29,4,1
-261,48,0
28,2,1
-299,3,0
-300,1,0
28,2,1
56,29,1
-293,8,0
44,15,1
-259,75,0
82,58,1
89,67,1
-297,2,0
-279,36,0
28,2,1
28,2,1
31,24,1
50,35,1
-289,19,0
27,3,1
48,23,1
76,46,1
28,2,1
25,1,1
74,45,1
42,34,1
36,6,1
57,24,1
50,25,1
28,2,1
43,15,1
-284,14,0
37,9,1
53,36,1
39,10,1
-293,5,0
42,30,1
24,2,1
25,1,1
62,48,1
52,17,1
37,5,1
36,6,1
27,3,1
-268,33,0
31,3,1
33,7,1
77,52,1
24,2,1
55,65,1
33,10,1
35,7,1
28,2,1
81,74,1
28,2,1
-277,29,0
47,29,1
25,1,1
43,11,1
30,6,1
44,14,1
28,12,1
34,4,1
36,19,1
21,4,1
31,6,1
42,11,1
-293,12,0
57,36,1
56,17,1
31,3,1
-288,25,0
40,14,1
27,3,1
31,3,1
31,3,1
24,2,1
50,16,1
-285,6,0
28,2,1
55,52,1
49,20,1
55,22,1
-300,1,0
-283,18,0
-288,17,0
31,3,1
70,36,1
-308,14,0
39,14,1
60,42,1
70,57,1
-292,7,0
-293,6,0
43,13,1
46,30,1
32,6,1
47,11,1
37,14,1
-297,2,0
60,60,1
25,1,1
-266,39,0
26,3,1
42,14,1
-286,14,0
65,34,1
26,6,1
25,1,1
50,24,1
39,16,1
-299,16,0
-300,1,0
-280,17,0
-291,15,0
71,92,1
37,18,1
-294,6,0
56,55,1
25,1,1
-284,15,0
40,6,1
43,10,1
57,26,1
35,6,1
62,34,1
-285,37,0
28,2,1
57,23,1
65,25,1
26,3,1
68,42,1
-260,46,0
25,6,1
68,25,1
50,16,1
-294,15,0
52,22,1
-304,4,0
23,2,1
64,59,1
28,2,1
-305,9,0
49,19,1
25,1,1
41,9,1
34,8,1
54,37,1
41,14,1
52,20,1
-288,11,0
25,1,1
-277,28,0
25,1,1
60,50,1
32,5,1
35,7,1
92,85,1
27,3,1
60,36,1
53,25,1
84,55,1
55,37,1
-280,19,0
-300,1,0
43,14,1
48,18,1
46,18,1
-302,3,0
60,27,1
74,55,1
-300,16,0
48,19,1
55,20,1
105,119,1
25,1,1
39,7,1
-296,10,0
36,6,1
50,18,1
25,1,1
-300,1,0
55,16,1
45,14,1
32,8,1
51,28,1
30,4,1
-302,66,0
31,3,1
68,48,1
-282,13,0
-233,97,0
26,3,1
-300,1,0
-290,7,0
30,4,1
-271,32,0
-272,25,0
-276,16,0
40,18,1
34,15,1
72,37,1
25,1,1
18,6,1
-297,19,0
28,5,1
25,1,1
38,11,1
71,84,1
25,1,1
44,12,1
35,7,1
42,12,1
27,5,1
49,24,1
-301,10,0
-284,14,0
-276,44,0
38,10,1
33,7,1
-289,15,0
-295,6,0
-288,8,0
35,6,1
86,66,1
-301,2,0
108,95,1
-300,1,0
31,3,1
36,9,1
35,30,1
37,8,1
-248,77,0
-297,2,0
46,18,1
41,33,1
45,26,1
-302,14,0
24,2,1
66,38,1
-282,33,0
33,14,1
37,5,1
31,3,1
48,29,1
70,45,1
25,1,1
55,68,1
40,10,1
25,1,1
63,34,1
37,5,1
-298,12,0
25,1,1
27,5,1
73,50,1
25,1,1
35,11,1
43,10,1
30,6,1
84,75,1
40,11,1
56,22,1
-300,1,0
41,22,1
-291,20,0
46,12,1
33,5,1
37,12,1
42,15,1
29,4,1
51,14,1
47,25,1
37,10,1
30,12,1
81,61,1
40,23,1
71,50,1
35,6,1
49,19,1
43,20,1
25,1,1
65,28,1
37,8,1
-300,7,0
53,20,1
-299,3,0
-258,57,0
36,19,1
73,48,1
28,2,1
60,30,1
-262,38,0
63,46,1
53,24,1
50,21,1
32,6,1
72,47,1
50,42,1
49,28,1
28,2,1
-312,30,0
44,16,1
41,30,1
25,1,1
60,32,1
30,4,1
33,7,1
25,1,1
40,9,1
34,7,1
64,28,1
54,26,1
62,37,1
31,3,1
26,3,1
43,25,1
38,7,1
-297,2,0
47,39,1
56,32,1
105,88,1
45,12,1
-254,81,0
66,34,1
52,33,1
34,4,1
39,12,1
60,29,1
-288,21,0
65,45,1
85,60,1
-249,47,0
-282,27,0
-297,2,0
-302,2,0
103,87,1
-266,55,0
-253,47,0
53,23,1
-297,2,0
54,25,1
56,26,1
50,25,1
46,31,1
52,19,1
25,1,1
30,4,1
37,27,1
38,7,1
31,3,1
-291,9,0
25,1,1
39,16,1
-268,59,0
42,13,1
28,2,1
25,4,1
-291,20,0
-295,4,0
-303,5,0
58,33,1
52,35,1
-279,22,0
48,17,1
43,13,1
39,7,1
25,1,1
38,12,1
47,21,1
54,25,1
36,6,1
49,20,1
31,3,1
48,19,1
-286,60,0
43,10,1
61,42,1
25,1,1
44,12,1
-299,4,0
42,10,1
41,17,1
36,9,1
55,22,1
-300,1,0
-298,5,0
42,18,1
58,21,1
58,53,1
-283,14,0
-298,3,0
24,2,1
38,14,1
36,6,1
-291,7,0
44,15,1
35,16,1
105,89,1
70,60,1
-300,4,0
51,56,1
40,9,1
50,26,1
99,95,1
24,2,1
34,10,1
75,45,1
-312,27,0
-267,36,0
-264,70,0
60,24,1
25,1,1
41,14,1
54,21,1
39,9,1
38,8,1
-293,6,0
-253,40,0
36,12,1
37,26,1
46,14,1
48,25,1
51,26,1
44,12,1
-291,7,0
24,2,1
44,21,1
29,4,1
-275,64,0
49,19,1
-300,1,0
-253,48,0
23,2,1
69,49,1
45,35,1
56,28,1
36,9,1
119,130,1
-261,49,0
44,16,1
-285,17,0
33,8,1
44,21,1
31,3,1
50,15,1
39,7,1
71,50,1
73,57,1
25,1,1
-294,3,0
-287,23,0
-280,43,0
-297,2,0
29,4,1
-298,9,0
27,9,1
57,29,1
46,15,1
71,56,1
41,15,1
-293,14,0
51,11,1
-303,6,0
85,56,1
37,8,1
31,3,1
23,2,1
25,1,1
25,1,1
44,13,1
47,16,1
46,12,1
40,24,1
25,1,1
29,8,1
28,2,1
30,4,1
-276,35,0
37,11,1
37,8,1
25,14,1
23,2,1
-298,9,0
-299,10,0
30,6,1
31,3,1
27,3,1
46,12,1
25,1,1
39,11,1
37,23,1
-302,2,0
-293,5,0
63,26,1
62,34,1
-299,4,0
36,6,1
64,42,1
37,5,1
30,4,1
37,32,1
-281,10,0
23,2,1
50,40,1
-261,61,0
-292,13,0
51,18,1
-237,86,0
37,8,1
27,3,1
64,32,1
-297,8,0
-268,43,0
30,4,1
25,1,1
39,7,1
36,6,1
-302,5,0
-275,31,0
31,3,1
36,9,1
-297,2,0
35,7,1
-284,17,0
47,17,1
50,30,1
34,9,1
40,20,1
76,42,1
68,47,1
34,4,1
46,17,1
43,20,1
-303,8,0
51,39,1
44,24,1
-264,43,0
51,11,1
58,54,1
36,9,1
25,1,1
30,4,1
58,35,1
-272,37,0
43,7,1
53,13,1
46,38,1
53,36,1
31,6,1
65,35,1
-295,7,0
37,11,1
54,19,1
-293,11,0
32,6,1
45,29,1
42,24,1
56,28,1
79,40,1
-289,26,0
39,12,1
-302,2,0
-288,8,0
42,8,1
-268,30,0
48,33,1
28,2,1
92,60,1
25,4,1
47,19,1
-284,17,0
-294,7,0
43,13,1
23,2,1
48,22,1
45,23,1
32,5,1
-298,6,0
66,39,1
-264,31,0
36,9,1
61,35,1
43,11,1
56,29,1
70,65,1
-301,2,0
28,2,1
36,6,1
34,9,1
-298,8,0
46,22,1
36,6,1
-300,1,0
46,14,1
37,5,1
80,68,1
79,42,1
43,12,1
36,6,1
50,12,1
31,3,1
23,14,1
-279,28,0
-297,2,0
25,1,1
75,48,1
39,9,1
41,14,1
54,38,1
25,1,1
-294,32,0
30,28,1
35,9,1
36,8,1
40,12,1
78,62,1
76,46,1
-289,20,0
28,2,1
42,16,1
-298,3,0
31,3,1
56,26,1
25,5,1
43,11,1
28,2,1
62,26,1
25,1,1
-294,16,0
30,6,1
28,2,1
41,8,1
28,5,1
28,2,1
54,36,1
75,52,1
45,9,1
-298,8,0
31,6,1
42,18,1
28,2,1
56,17,1
76,57,1
48,29,1
57,20,1
29,9,1
23,2,1
28,2,1
25,1,1
44,24,1
-253,48,0
63,39,1
-231,84,0
25,1,1
41,12,1
72,37,1
-281,34,0
74,47,1
39,24,1
68,50,1
-289,9,0
28,8,1
-294,3,0
38,7,1
30,4,1
-263,74,0
41,8,1
66,45,1
-265,72,0
62,45,1
32,9,1
-285,22,0
48,15,1
49,26,1
-287,13,0
25,1,1
28,2,1
37,8,1
-295,6,0
24,2,1
64,49,1
28,2,1
35,10,1
62,26,1
101,88,1
33,5,1
-281,18,0
-262,180,0
-264,54,0
29,4,1
-294,37,0
44,46,1
53,78,1
39,22,1
57,28,1
57,29,1
-280,38,0
55,21,1
28,2,1
45,13,1
31,6,1
80,50,1
-274,58,0
45,13,1
71,59,1
56,24,1
32,23,1
38,23,1
-293,11,0
34,7,1
-282,16,0
38,16,1
-300,1,0
37,5,1
81,64,1
-296,4,0
36,6,1
79,91,1
67,45,1
-296,8,0
-303,5,0
33,5,1
23,2,1
52,27,1
78,33,1
36,6,1
-290,9,0
23,2,1
-251,70,0
39,7,1
36,11,1
-283,45,0
28,2,1
25,1,1
34,4,1
42,11,1
52,19,1
-300,1,0
56,17,1
25,1,1
-295,15,0
37,30,1
43,10,1
41,9,1
36,6,1
24,5,1
-309,7,0
39,7,1
-300,1,0
-286,10,0
52,17,1
25,1,1
32,24,1
51,30,1
25,1,1
34,8,1
31,11,1
29,5,1
-300,5,0
28,2,1
28,5,1
44,13,1
36,6,1
67,28,1
43,10,1
25,1,1
39,7,1
37,5,1
30,4,1
78,75,1
-284,32,0
21,3,1
25,1,1
25,1,1
55,33,1
50,15,1
48,13,1
44,24,1
-257,63,0
-289,22,0
36,12,1
-286,15,0
-272,17,0
-283,10,0
52,36,1
43,14,1
41,9,1
93,97,1
48,29,1
-288,24,0
58,32,1
79,67,1
35,6,1
25,1,1
41,11,1
42,32,1
37,12,1
-294,6,0
25,1,1
75,39,1
72,56,1
29,5,1
-272,54,0
34,4,1
37,5,1
33,7,1
69,35,1
25,1,1
45,27,1
-304,3,0
49,17,1
43,21,1
-291,7,0
-295,4,0
52,14,1
36,9,1
41,17,1
70,60,1
-249,71,0
41,15,1
-255,60,0
59,53,1
50,41,1
45,19,1
69,43,1
89,72,1
81,39,1
25,1,1
25,4,1
-285,26,0
29,5,1
54,15,1
41,15,1
79,76,1
67,39,1
-276,49,0
-290,15,0
59,39,1
28,2,1
25,1,1
-291,34,0
54,38,1
41,14,1
23,2,1
34,7,1
-297,2,0
31,3,1
-276,17,0
25,4,1
-281,26,0
46,24,1
-308,21,0
36,6,1
82,65,1
23,2,1
56,32,1
-297,2,0
25,1,1
38,7,1
75,58,1
38,14,1
-266,40,0
63,70,1
40,14,1
-294,3,0
25,1,1
41,23,1
37,5,1
136,149,1
45,26,1
42,11,1
-279,28,0
48,15,1
43,16,1
84,77,1
35,6,1
41,12,1
43,10,1
40,12,1
43,22,1
51,11,1
21,3,1
41,13,1
-304,4,0
31,3,1
-267,62,0
32,5,1
37,65,1
43,10,1
-299,6,0
50,20,1
28,2,1
32,5,1
40,18,1
-296,22,0
52,20,1
25,1,1
25,1,1
-265,33,0
-261,70,0
50,28,1
47,16,1
25,1,1
72,52,1
40,9,1
34,12,1
59,22,1
32,6,1
37,8,1
-309,22,0
-293,9,0
25,1,1
42,32,1
28,2,1
-306,4,0
37,8,1
40,13,1
31,3,1
24,2,1
28,2,1
49,24,1
34,8,1
70,91,1
39,10,1
-266,61,0
100,81,1
99,109,1
-297,14,0
59,39,1
-282,20,0
-291,12,0
27,3,1
51,18,1
28,2,1
54,27,1
115,124,1
41,16,1
-282,16,0
-293,12,0
28,2,1
27,5,1
28,2,1
50,19,1
28,2,1
47,11,1
31,9,1
89,68,1
40,9,1
25,1,1
36,16,1
37,5,1
28,2,1
49,16,1
28,2,1
31,3,1
63,35,1
-283,22,0
35,12,1
46,34,1
66,33,1
-291,23,0
28,5,1
24,9,1
-255,62,0
-280,39,0
-300,1,0
-276,28,0
25,1,1
40,10,1
28,2,1
73,37,1
25,1,1
95,73,1
24,2,1
31,3,1
25,7,1
-291,70,0
23,2,1
31,3,1
34,4,1
-298,20,0
81,66,1
34,4,1
38,7,1
24,2,1
35,6,1
28,2,1
-292,5,0
-300,1,0
52,24,1
-301,2,0
46,11,1
53,25,1
83,58,1
36,9,1
41,23,1
46,16,1
-296,4,0
38,10,1
35,12,1
77,51,1
32,5,1
26,6,1
61,39,1
-291,10,0
-293,9,0
29,4,1
30,6,1
-302,2,0
-278,30,0
-275,42,0
25,1,1
41,15,1
84,81,1
34,4,1
53,28,1
31,3,1
31,3,1
32,5,1
77,88,1
-300,1,0
42,23,1
41,23,1
68,39,1
35,7,1
34,13,1
-300,1,0
35,6,1
51,19,1
-288,5,0
38,11,1
71,38,1
25,1,1
40,17,1
-301,8,0
45,12,1
61,37,1
28,2,1
39,16,1
-275,27,0
34,18,1
48,37,1
86,88,1
-298,3,0
32,6,1
-302,2,0
56,48,1
33,5,1
84,58,1
65,44,1
-300,1,0
34,4,1
50,15,1
56,26,1
-287,7,0
24,2,1
24,2,1
50,19,1
25,1,1
-292,10,0
40,27,1
34,13,1
57,30,1
30,4,1
31,3,1
44,15,1
27,14,1
25,1,1
-300,1,0
62,27,1
53,18,1
-280,25,0
25,1,1
52,18,1
6,28,1
25,1,1
46,19,1
77,48,1
-297,2,0
25,1,1
34,10,1
44,10,1
29,8,1
39,7,1
28,2,1
45,20,1
27,5,1
-294,12,0
-298,38,0
36,8,1
50,20,1
39,12,1
35,24,1
46,31,1
28,5,1
60,34,1
-300,4,0
23,2,1
28,2,1
53,24,1
85,95,1
-255,46,0
33,15,1
27,3,1
-282,16,0
30,6,1
52,30,1
25,1,1
105,113,1
26,4,1
26,6,1
31,3,1
44,16,1
36,13,1
49,14,1
86,64,1
25,1,1
34,4,1
31,3,1
-250,85,0
49,19,1
-283,13,0
25,1,1
26,4,1
27,3,1
41,14,1
77,63,1
-297,8,0
41,21,1
34,10,1
71,47,1
46,14,1
65,26,1
40,13,1
30,16,1
-290,18,0
61,30,1
-300,1,0
46,14,1
45,14,1
-277,25,0
-300,1,0
-276,26,0
42,11,1
27,3,1
38,7,1
27,5,1
32,19,1
40,20,1
25,1,1
58,27,1
29,18,1
-302,6,0
78,56,1
49,34,1
51,29,1
76,59,1
32,10,1
54,26,1
-280,22,0
31,3,1
50,42,1
49,28,1
35,36,1
25,1,1
25,1,1
25,1,1
41,12,1
25,1,1
24,2,1
25,1,1
-299,3,0
46,12,1
25,1,1
71,43,1
-290,9,0
31,6,1
25,1,1
23,2,1
49,13,1
-253,102,0
55,26,1
-298,8,0
47,25,1
57,20,1
35,10,1
48,10,1
-301,7,0
25,1,1
-274,24,0
-286,14,0
63,38,1
25,1,1
28,10,1
31,3,1
28,5,1
-301,2,0
51,27,1
46,31,1
83,49,1
69,101,1
95,83,1
38,8,1
31,3,1
36,9,1
36,16,1
47,13,1
26,3,1
28,2,1
23,2,1
37,5,1
28,2,1
36,6,1
-299,3,0
25,1,1
92,74,1
24,2,1
39,14,1
28,2,1
-302,18,0
40,6,1
29,4,1
48,25,1
98,79,1
28,11,1
40,6,1
28,2,1
60,26,1
-297,2,0
37,5,1
-282,7,0
39,9,1
35,6,1
-296,4,0
28,2,1
65,44,1
37,13,1
-302,5,0
50,25,1
32,9,1
40,19,1
26,3,1
32,5,1
-283,22,0
30,4,1
33,5,1
43,12,1
-304,3,0
85,79,1
59,24,1
31,6,1
-292,78,0
37,8,1
42,12,1
50,17,1
25,1,1
25,1,1
28,2,1
38,16,1
31,3,1
58,29,1
58,35,1
25,1,1
-296,8,0
-303,12,0
36,6,1
37,5,1
-248,51,0
39,7,1
55,29,1
31,6,1
74,43,1
47,15,1
-290,31,0
-304,6,0
25,1,1
66,26,1
44,13,1
55,28,1
28,2,1
31,3,1
-281,26,0
31,3,1
69,43,1
69,35,1
-288,12,0
25,1,1
25,1,1
-283,15,0
-250,65,0
-277,44,0
-297,2,0
51,31,1
-241,68,0
40,6,1
36,6,1
85,73,1
-300,1,0
38,24,1
57,29,1
65,39,1
60,33,1
37,20,1
47,19,1
25,1,1
23,2,1
45,12,1
25,1,1
36,6,1
41,19,1
57,25,1
-279,41,0
50,21,1
49,16,1
59,35,1
32,5,1
-300,1,0
60,35,1
86,84,1
36,6,1
35,6,1
47,18,1
31,6,1
56,22,1
-293,5,0
33,5,1
38,7,1
-300,1,0
55,14,1
25,1,1
-290,18,0
-301,2,0
-267,25,0
-289,48,0
42,11,1
85,62,1
30,17,1
45,15,1
-286,25,0
-289,10,0
57,43,1
29,4,1
31,3,1
31,18,1
54,19,1
43,15,1
25,1,1
-300,1,0
58,34,1
86,59,1
50,18,1
41,15,1
25,1,1
44,26,1
91,97,1
-259,48,0
38,20,1
-290,21,0
43,30,1
36,6,1
36,9,1
44,18,1
-297,15,0
-293,9,0
36,6,1
39,10,1
-254,63,0
36,9,1
60,36,1
50,20,1
25,1,1
38,8,1
-297,2,0
46,35,1
51,15,1
74,58,1
31,3,1
-308,6,0
-298,6,0
31,3,1
36,6,1
60,29,1
-278,27,0
89,84,1
31,3,1
42,8,1
37,15,1
-300,1,0
31,3,1
28,2,1
-302,2,0
-266,38,0
28,2,1
-290,9,0
41,13,1
-291,17,0
35,11,1
85,56,1
-301,5,0
-295,14,0
44,20,1
-243,92,0
62,67,1
36,9,1
28,2,1
52,17,1
38,8,1
52,25,1
64,32,1
25,1,1
-287,13,0
36,11,1
25,1,1
-279,15,0
43,16,1
49,9,1
33,5,1
-244,110,0
36,13,1
43,10,1
24,2,1
26,3,1
48,15,1
67,54,1
-304,6,0
43,22,1
-256,58,0
38,7,1
33,8,1
95,85,1
28,2,1
31,3,1
43,14,1
34,4,1
33,5,1
-293,8,0
-278,46,0
37,5,1
45,35,1
-297,2,0
47,57,1
31,3,1
59,24,1
58,62,1
34,4,1
31,9,1
-298,6,0
38,18,1
31,3,1
42,31,1
34,9,1
36,6,1
-291,13,0
-284,14,0
-299,4,0
33,5,1
60,35,1
49,24,1
-294,21,0
51,15,1
55,27,1
64,47,1
31,27,1
50,22,1
28,2,1
-281,14,0
-284,21,0
-284,15,0
59,23,1
55,15,1
-307,8,0
51,18,1
32,6,1
46,18,1
25,1,1
79,49,1
50,21,1
43,46,1
43,10,1
24,2,1
27,8,1
62,39,1
38,7,1
32,6,1
39,7,1
-270,30,0
25,1,1
65,34,1
42,10,1
25,1,1
30,7,1
-293,6,0
25,1,1
79,54,1
25,1,1
67,37,1
24,2,1
28,2,1
-283,25,0
43,22,1
43,24,1
-266,44,0
28,2,1
-265,28,0
30,6,1
47,29,1
37,11,1
30,4,1
59,28,1
-299,12,0
25,1,1
53,21,1
38,8,1
41,15,1
59,19,1
54,22,1
36,9,1
32,5,1
64,50,1
53,36,1
52,30,1
37,8,1
39,21,1
-262,86,0
35,13,1
59,24,1
24,4,1
33,8,1
25,1,1
35,7,1
-269,45,0
28,2,1
44,18,1
49,20,1
42,8,1
43,16,1
28,2,1
29,8,1
31,6,1
-276,35,0
64,26,1
57,35,1
27,3,1
28,2,1
29,4,1
63,28,1
25,9,1
24,2,1
47,20,1
28,2,1
56,24,1
-262,42,0
29,4,1
51,26,1
50,18,1
28,5,1
-299,7,0
36,6,1
42,12,1
57,19,1
-257,79,0
33,7,1
25,1,1
-303,3,0
-301,2,0
35,7,1
25,1,1
26,3,1
45,19,1
49,9,1
-268,120,0
52,16,1
-307,5,0
79,53,1
44,13,1
-297,2,0
-299,3,0
-283,30,0
28,2,1
40,16,1
-252,35,0
30,4,1
29,4,1
-265,45,0
34,4,1
60,24,1
25,1,1
73,45,1
-301,34,0
31,9,1
36,9,1
53,27,1
28,2,1
61,33,1
49,41,1
-245,48,0
26,3,1
35,10,1
-298,13,0
25,1,1
25,1,1
35,7,1
30,4,1
28,2,1
63,55,1
37,5,1
-249,56,0
-297,2,0
25,1,1
46,20,1
60,49,1
42,11,1
25,1,1
35,10,1
62,29,1
49,17,1
70,85,1
36,9,1
25,1,1
46,18,1
-294,3,0
52,14,1
48,18,1
-280,30,0
77,95,1
25,1,1
53,18,1
26,3,1
-275,21,0
42,18,1
35,7,1
-273,39,0
46,15,1
86,53,1
-282,24,0
31,3,1
25,1,1
-298,3,0
25,1,1
25,1,1
25,1,1
66,39,1
-299,33,0
-299,6,0
43,16,1
91,61,1
-297,9,0
32,16,1
62,28,1
25,1,1
25,1,1
45,14,1
31,3,1
24,2,1
24,2,1
83,73,1
80,53,1
-290,17,0
41,11,1
32,6,1
34,10,1
32,5,1
25,1,1
41,25,1
38,8,1
70,30,1
52,13,1
63,34,1
-296,4,0
43,22,1
-254,64,0
-280,34,0
-287,21,0
31,7,1
-294,25,0
42,11,1
30,7,1
39,7,1
25,1,1
43,10,1
-289,16,0
48,16,1
23,2,1
38,7,1
58,46,1
-297,25,0
35,6,1
28,2,1
21,12,1
25,1,1
-247,54,0
25,1,1
47,14,1
68,38,1
49,33,1
29,5,1
50,48,1
52,25,1
62,25,1
25,1,1
36,9,1
25,1,1
66,29,1
-281,26,0
59,48,1
43,15,1
25,1,1
-302,8,0
25,1,1
47,13,1
25,1,1
35,6,1
45,9,1
36,6,1
52,25,1
-291,4,0
44,16,1
56,36,1
70,35,1
35,7,1
51,14,1
47,10,1
25,1,1
24,2,1
-269,50,0
-300,1,0
36,12,1
-300,1,0
35,6,1
-279,38,0
68,51,1
-281,36,0
30,4,1
-307,11,0
25,1,1
34,4,1
52,18,1
-257,53,0
28,2,1
-288,33,0
28,2,1
26,3,1
-287,17,0
-300,1,0
25,1,1
30,4,1
-297,8,0
32,5,1
42,8,1
25,1,1
-286,10,0
48,16,1
51,13,1
-285,21,0
60,34,1
43,13,1
-275,24,0
44,24,1
46,14,1
60,24,1
-292,14,0
31,3,1
30,7,1
-233,91,0
25,1,1
25,1,1
41,11,1
35,34,1
37,5,1
25,1,1
95,73,1
-291,10,0
42,18,1
-255,89,0
34,16,1
35,11,1
-300,1,0
40,9,1
38,10,1
25,1,1
38,8,1
60,29,1
54,28,1
94,82,1
-276,75,0
-293,15,0
25,1,1
28,2,1
70,43,1
-297,2,0
37,12,1
28,2,1
25,1,1
43,15,1
59,32,1
32,8,1
33,10,1
24,2,1
36,9,1
84,60,1
36,16,1
-300,11,0
39,15,1
60,34,1
41,14,1
40,15,1
26,3,1
29,4,1
46,16,1
-279,21,0
-300,1,0
-298,7,0
48,19,1
137,126,1
25,1,1
24,2,1
43,10,1
101,77,1
27,3,1
40,6,1
-258,56,0
53,31,1
25,1,1
28,2,1
25,1,1
61,28,1
26,12,1
-290,14,0
39,10,1
36,13,1
51,14,1
39,7,1
25,1,1
39,14,1
130,162,1
25,1,1
34,4,1
30,4,1
35,6,1
71,52,1
-297,5,0
32,12,1
31,3,1
-291,38,0
-288,9,0
-294,6,0
31,3,1
33,5,1
36,9,1
44,13,1
28,2,1
25,1,1
34,4,1
45,12,1
40,12,1
-277,30,0
42,15,1
-286,7,0
-293,9,0
28,2,1
42,29,1
56,23,1
31,6,1
28,2,1
28,2,1
39,34,1
37,16,1
42,11,1
30,4,1
45,15,1
30,4,1
42,16,1
35,9,1
85,51,1
31,3,1
50,21,1
45,15,1
33,8,1
37,10,1
-277,33,0
35,6,1
58,24,1
33,5,1
54,31,1
42,8,1
28,2,1
-291,8,0
26,3,1
61,60,1
39,10,1
29,4,1
52,20,1
90,69,1
-283,8,0
79,66,1
31,3,1
25,1,1
-291,4,0
56,18,1
53,24,1
25,1,1
41,11,1
32,6,1
31,3,1
33,8,1
30,7,1
31,8,1
50,11,1
45,23,1
54,42,1
-268,67,0
-299,3,0
25,1,1
-298,5,0
80,80,1
-299,3,0
31,3,1
60,31,1
-256,57,0
-286,17,0
46,12,1
40,15,1
29,4,1
39,11,1
51,16,1
33,5,1
25,1,1
34,7,1
28,2,1
32,6,1
-268,38,0
28,2,1
76,79,1
43,13,1
50,17,1
55,28,1
56,33,1
44,10,1
-311,11,0
50,21,1
49,14,1
74,104,1
45,21,1
48,30,1
41,9,1
23,22,1
28,2,1
57,31,1
28,2,1
28,2,1
25,1,1
-297,26,0
79,60,1
30,4,1
40,9,1
25,1,1
24,2,1
35,13,1
27,6,1
53,33,1
35,7,1
38,10,1
43,7,1
53,33,1
49,27,1
51,19,1
34,7,1
41,14,1
71,36,1
50,12,1
27,5,1
60,16,1
44,13,1
34,10,1
64,24,1
31,3,1
48,34,1
-287,26,0
-262,58,0
-261,31,0
-298,3,0
31,6,1
32,5,1
67,80,1
39,16,1
-286,23,0
-274,34,0
-300,1,0
66,29,1
74,43,1
25,1,1
35,6,1
59,31,1
54,24,1
35,10,1
25,1,1
37,5,1
31,3,1
41,12,1
85,56,1
-301,11,0
38,10,1
-302,5,0
52,17,1
39,7,1
28,2,1
29,4,1
31,3,1
42,8,1
52,30,1
61,34,1
30,7,1
30,4,1
28,2,1
-288,5,0
25,1,1
-291,4,0
30,4,1
28,2,1
-281,45,0
76,40,1
27,5,1
62,26,1
46,15,1
60,43,1
90,66,1
-265,25,0
72,44,1
25,1,1
32,9,1
43,14,1
31,3,1
28,2,1
63,46,1
44,19,1
25,1,1
38,21,1
29,4,1
31,3,1
24,2,1
23,3,1
85,52,1
47,17,1
-292,11,0
52,22,1
43,29,1
25,1,1
-289,18,0
46,14,1
62,43,1
35,10,1
41,8,1
44,19,1
31,3,1
46,19,1
63,34,1
50,18,1
-290,10,0
-297,17,0
46,15,1
44,15,1
62,32,1
56,27,1
62,32,1
70,44,1
75,36,1
31,3,1
31,25,1
30,4,1
-300,1,0
69,36,1
31,3,1
-302,3,0
-291,4,0
32,6,1
-266,28,0
35,10,1
64,30,1
41,18,1
25,1,1
-297,2,0
28,2,1
74,54,1
28,5,1
-307,6,0
42,14,1
99,118,1
49,56,1
34,7,1
32,8,1
-307,5,0
-289,8,0
49,13,1
38,8,1
25,1,1
24,2,1
53,12,1
39,7,1
45,29,1
25,1,1
23,5,1
54,15,1
31,6,1
24,2,1
-284,52,0
68,36,1
54,23,1
60,28,1
37,5,1
-300,15,0
102,78,1
90,58,1
44,19,1
49,20,1
28,2,1
33,5,1
40,6,1
38,8,1
63,35,1
-287,20,0
28,2,1
25,1,1
25,1,1
31,3,1
30,4,1
37,5,1
37,13,1
-300,1,0
35,9,1
48,16,1
38,8,1
23,2,1
89,73,1
49,20,1
42,18,1
53,42,1
-303,3,0
62,60,1
-285,24,0
55,14,1
32,5,1
-285,28,0
32,11,1
28,2,1
53,19,1
35,7,1
19,38,1
40,9,1
-300,1,0
47,14,1
29,4,1
46,16,1
39,10,1
28,2,1
-270,32,0
25,1,1
-293,6,0
28,5,1
39,12,1
25,1,1
53,26,1
28,2,1
-292,11,0
35,16,1
57,24,1
99,75,1
28,2,1
25,1,1
55,21,1
65,35,1
41,14,1
56,32,1
66,29,1
48,35,1
25,1,1
-278,19,0
29,19,1
55,20,1
25,1,1
25,1,1
62,53,1
37,8,1
59,28,1
54,25,1
31,3,1
25,1,1
-279,18,0
28,2,1
-279,24,0
41,8,1
-292,7,0
38,8,1
72,31,1
53,45,1
63,38,1
51,14,1
-304,7,0
43,14,1
83,68,1
65,41,1
-294,19,0
29,4,1
51,15,1
79,59,1
28,2,1
66,40,1
45,12,1
70,61,1
37,8,1
-298,5,0
-283,18,0
55,30,1
44,17,1
29,4,1
39,11,1
41,12,1
-294,3,0
31,3,1
36,23,1
-293,15,0
47,21,1
44,13,1
37,11,1
29,4,1
33,10,1
32,5,1
28,2,1
44,9,1
25,4,1
64,39,1
31,3,1
37,14,1
42,11,1
51,19,1
33,7,1
83,82,1
61,41,1
-295,21,0
53,24,1
63,36,1
28,7,1
-245,82,0
45,19,1
112,115,1
35,6,1
-301,2,0
45,9,1
-274,30,0
40,10,1
30,8,1
-244,73,0
30,12,1
-248,80,0
-296,7,0
47,23,1
-297,2,0
38,7,1
47,16,1
54,19,1
25,1,1
-238,83,0
46,11,1
37,5,1
28,2,1
-273,30,0
27,7,1
31,3,1
46,27,1
32,9,1
34,7,1
25,1,1
35,6,1
60,22,1
24,2,1
56,29,1
-286,14,0
47,11,1
61,19,1
44,14,1
59,36,1
36,6,1
27,6,1
29,8,1
54,22,1
26,3,1
68,38,1
37,5,1
59,50,1
37,5,1
39,12,1
31,3,1
-297,2,0
33,5,1
-271,31,0
28,2,1
40,9,1
62,29,1
-303,3,0
53,37,1
35,7,1
43,7,1
31,3,1
49,12,1
25,1,1
100,73,1
35,6,1
45,30,1
49,20,1
28,2,1
-300,1,0
56,23,1
33,8,1
61,35,1
48,18,1
52,23,1
53,20,1
28,2,1
46,28,1
25,1,1
31,3,1
50,22,1
-295,4,0
-300,1,0
56,21,1
45,13,1
48,23,1
50,12,1
25,1,1
48,10,1
-297,2,0
31,3,1
45,22,1
31,3,1
53,33,1
43,39,1
62,25,1
28,2,1
46,37,1
25,1,1
34,7,1
45,21,1
-285,14,0
41,9,1
76,64,1
-282,28,0
40,9,1
28,2,1
-298,16,0
21,4,1
39,9,1
58,21,1
80,50,1
39,10,1
46,8,1
-287,20,0
51,15,1
25,1,1
34,12,1
32,5,1
25,1,1
-278,24,0
-283,18,0
-278,18,0
38,8,1
65,36,1
47,28,1
64,33,1
28,2,1
-300,1,0
41,12,1
78,81,1
46,8,1
51,19,1
51,19,1
28,2,1
51,20,1
-299,4,0
37,5,1
38,10,1
25,1,1
32,5,1
45,24,1
-292,5,0
-295,9,0
42,8,1
25,1,1
35,9,1
25,1,1
-286,21,0
-300,1,0
-291,39,0
40,6,1
-288,26,0
55,21,1
56,22,1
24,2,1
74,43,1
48,22,1
52,16,1
28,2,1
51,30,1
44,15,1
38,10,1
37,12,1
76,33,1
53,17,1
47,18,1
48,16,1
25,1,1
69,31,1
32,8,1
48,16,1
25,1,1
61,36,1
60,34,1
35,6,1
19,5,1
-293,8,0
-296,7,0
28,2,1
49,20,1
-282,22,0
41,9,1
55,22,1
-280,22,0
-293,25,0
34,8,1
-303,3,0
53,19,1
30,8,1
60,28,1
41,12,1
43,15,1
37,14,1
69,44,1
25,1,1
44,9,1
73,37,1
25,1,1
25,1,1
35,9,1
31,3,1
64,29,1
47,13,1
32,5,1
47,17,1
23,3,1
73,44,1
34,7,1
25,1,1
-288,8,0
43,17,1
-297,8,0
-308,6,0
32,5,1
39,16,1
53,18,1
25,1,1
-297,2,0
28,2,1
24,2,1
28,2,1
-269,49,0
75,82,1
74,60,1
52,28,1
-307,6,0
28,2,1
49,30,1
-294,25,0
49,27,1
45,18,1
67,37,1
-282,30,0
-297,2,0
-296,10,0
70,32,1
25,1,1
47,17,1
81,95,1
46,13,1
56,29,1
58,30,1
50,26,1
44,32,1
29,4,1
55,21,1
58,15,1
24,7,1
31,6,1
51,11,1
33,5,1
41,17,1
45,15,1
47,13,1
34,4,1
-282,7,0
23,2,1
-286,24,0
32,5,1
28,2,1
40,19,1
42,16,1
57,32,1
-300,1,0
47,14,1
28,2,1
44,20,1
40,17,1
34,4,1
43,17,1
-279,14,0
52,24,1
25,1,1
25,1,1
58,26,1
28,2,1
52,17,1
46,19,1
70,48,1
32,5,1
-302,8,0
25,1,1
54,22,1
-249,60,0
56,26,1
60,17,1
63,37,1
-299,9,0
94,66,1
58,22,1
59,22,1
82,84,1
43,14,1
55,53,1
25,1,1
25,1,1
25,1,1
50,19,1
53,16,1
45,9,1
77,31,1
37,11,1
67,46,1
29,4,1
36,14,1
-292,17,0
34,4,1
52,27,1
46,12,1
28,2,1
83,66,1
31,3,1
-281,19,0
-300,1,0
38,16,1
29,7,1
-292,5,0
43,31,1
56,33,1
34,10,1
65,39,1
73,45,1
57,22,1
63,38,1
31,3,1
31,3,1
46,15,1
-246,57,0
46,11,1
47,14,1
42,11,1
25,1,1
32,5,1
23,2,1
49,23,1
63,43,1
80,52,1
35,10,1
47,20,1
51,24,1
47,13,1
25,1,1
47,44,1
40,9,1
57,44,1
23,2,1
52,20,1
173,201,1
-295,26,0
36,6,1
33,5,1
48,26,1
-299,6,0
-286,20,0
29,15,1
49,21,1
37,11,1
25,1,1
-301,2,0
61,24,1
-295,10,0
44,10,1
85,57,1
41,12,1
27,3,1
50,16,1
25,1,1
-284,15,0
46,11,1
66,26,1
28,2,1
37,8,1
37,8,1
-298,8,0
59,23,1
33,15,1
-294,16,0
-296,7,0
25,1,1
66,48,1
41,9,1
31,3,1
-289,9,0
49,30,1
34,7,1
27,3,1
55,15,1
67,46,1
-294,11,0
28,2,1
76,56,1
-264,38,0
-300,6,0
37,5,1
74,32,1
33,14,1
43,30,1
29,5,1
40,6,1
38,12,1
24,2,1
28,2,1
46,23,1
37,11,1
47,18,1
-263,55,0
36,6,1
-297,17,0
25,1,1
70,42,1
50,12,1
45,12,1
37,8,1
28,2,1
30,4,1
25,1,1
-305,14,0
56,33,1
47,27,1
25,1,1
-288,8,0
60,35,1
39,7,1
56,61,1
59,49,1
70,61,1
94,69,1
71,39,1
-282,15,0
65,33,1
50,47,1
39,10,1
-279,33,0
31,6,1
34,4,1
39,10,1
46,19,1
50,18,1
33,5,1
-295,10,0
38,8,1
25,1,1
55,18,1
-261,43,0
25,1,1
28,2,1
37,5,1
-285,6,0
25,1,1
52,26,1
45,9,1
-300,1,0
-279,18,0
28,2,1
39,12,1
25,1,1
39,9,1
34,9,1
37,5,1
38,10,1
46,21,1
-274,89,0
52,14,1
25,1,1
28,7,1
-283,17,0
38,14,1
48,13,1
30,4,1
31,3,1
27,3,1
58,29,1
84,71,1
31,3,1
33,5,1
45,28,1
43,10,1
34,7,1
34,4,1
49,13,1
47,14,1
38,37,1
32,6,1
33,5,1
55,32,1
25,1,1
38,10,1
24,4,1
42,27,1
32,5,1
31,3,1
66,39,1
-300,1,0
23,2,1
-291,17,0
32,12,1
-289,21,0
-292,5,0
49,16,1
59,38,1
71,48,1
49,38,1
50,21,1
73,52,1
-298,5,0
25,1,1
32,9,1
-263,40,0
42,12,1
37,5,1
45,9,1
25,1,1
35,7,1
48,27,1
25,1,1
57,24,1
53,26,1
49,20,1
34,9,1
42,17,1
-288,18,0
-297,2,0
47,31,1
56,27,1
35,13,1
58,29,1
27,5,1
23,2,1
63,27,1
34,4,1
46,17,1
41,8,1
35,9,1
25,1,1
60,40,1
25,1,1
25,1,1
38,7,1
39,17,1
26,9,1
43,14,1
31,3,1
24,2,1
23,2,1
38,13,1
-290,12,0
28,2,1
46,12,1
54,26,1
-292,5,0
25,10,1
77,40,1
36,12,1
-300,1,0
41,8,1
51,20,1
26,3,1
43,7,1
41,8,1
70,45,1
-309,6,0
58,49,1
53,13,1
-300,1,0
25,1,1
60,28,1
42,8,1
58,25,1
25,1,1
57,23,1
83,63,1
60,25,1
43,19,1
45,24,1
28,2,1
-296,7,0
46,16,1
-264,78,0
39,15,1
64,38,1
65,28,1
30,16,1
38,8,1
35,7,1
37,5,1
24,2,1
34,4,1
59,36,1
25,1,1
50,17,1
37,5,1
-282,34,0
24,2,1
31,6,1
25,1,1
55,24,1
-281,22,0
25,1,1
25,1,1
57,19,1
83,54,1
68,48,1
42,14,1
25,1,1
28,2,1
28,2,1
55,21,1
39,9,1
-300,1,0
88,68,1
47,17,1
-277,47,0
32,5,1
28,2,1
54,18,1
25,1,1
34,4,1
31,3,1
50,19,1
31,3,1
29,8,1
25,1,1
65,65,1
23,2,1
52,20,1
38,8,1
33,24,1
30,4,1
34,4,1
66,31,1
25,1,1
45,14,1
28,2,1
40,12,1
-270,41,0
38,15,1
-305,4,0
33,5,1
-299,13,0
34,4,1
27,5,1
40,6,1
50,26,1
32,11,1
34,10,1
48,18,1
28,2,1
67,37,1
28,2,1
31,6,1
43,7,1
-279,39,0
65,48,1
63,41,1
34,17,1
64,49,1
-300,1,0
41,9,1
51,17,1
25,1,1
55,38,1
62,52,1
41,9,1
51,27,1
43,12,1
28,2,1
32,5,1
45,35,1
32,8,1
72,63,1
33,5,1
25,1,1
99,79,1
49,22,1
-297,8,0
81,66,1
34,4,1
46,15,1
41,12,1
30,7,1
48,13,1
38,15,1
55,23,1
35,19,1
41,12,1
25,4,1
-305,7,0
38,20,1
36,6,1
89,72,1
37,11,1
28,2,1
-303,6,0
73,39,1
56,23,1
-290,7,0
28,2,1
41,15,1
34,7,1
29,4,1
57,36,1
25,1,1
40,6,1
34,4,1
30,6,1
41,11,1
52,18,1
31,3,1
36,10,1
60,26,1
44,19,1
25,1,1
23,2,1
35,6,1
41,19,1
-300,1,0
40,10,1
37,8,1
29,4,1
31,15,1
63,36,1
28,2,1
-276,47,0
25,1,1
-301,4,0
30,10,1
-297,8,0
38,7,1
-302,11,0
25,1,1
38,7,1
28,2,1
54,15,1
37,8,1
25,1,1
34,4,1
52,31,1
-299,6,0
79,81,1
48,17,1
39,9,1
-295,22,0
28,2,1
-279,49,0
28,2,1
43,11,1
46,11,1
47,10,1
-285,14,0
34,4,1
-285,26,0
69,37,1
40,11,1
27,3,1
41,9,1
25,1,1
-265,39,0
35,7,1
31,3,1
73,89,1
40,15,1
25,1,1
-295,4,0
30,4,1
39,9,1
39,7,1
28,2,1
25,1,1
34,7,1
32,5,1
38,7,1
46,8,1
56,36,1
54,44,1
40,10,1
30,4,1
-300,1,0
-259,36,0
26,4,1
37,8,1
44,13,1
71,67,1
28,2,1
63,27,1
-246,58,0
24,2,1
88,64,1
42,17,1
80,56,1
28,2,1
38,11,1
47,14,1
-296,7,0
-295,9,0
29,19,1
22,3,1
34,4,1
57,17,1
24,2,1
25,1,1
77,69,1
25,1,1
35,7,1
-285,9,0
-293,8,0
25,1,1
34,4,1
-300,1,0
46,19,1
31,3,1
31,3,1
27,3,1
55,18,1
36,6,1
-294,25,0
40,10,1
25,1,1
34,4,1
41,30,1
66,24,1
43,16,1
40,23,1
36,12,1
28,2,1
-244,103,0
45,9,1
36,9,1
-276,32,0
25,1,1
30,10,1
50,15,1
-301,2,0
53,40,1
25,1,1
-297,7,0
55,37,1
25,1,1
53,22,1
42,23,1
37,8,1
41,11,1
48,22,1
-288,26,0
54,15,1
35,6,1
24,2,1
58,23,1
-299,3,0
48,10,1
56,35,1
31,3,1
74,40,1
49,16,1
-309,18,0
-293,8,0
47,17,1
-275,32,0
36,20,1
50,25,1
72,39,1
46,15,1
74,46,1
25,1,1
-300,1,0
23,2,1
38,18,1
47,20,1
34,4,1
-279,22,0
40,9,1
37,11,1
34,4,1
38,8,1
25,1,1
31,6,1
30,7,1
57,19,1
42,22,1
49,32,1
42,14,1
39,10,1
28,2,1
47,25,1
53,29,1
36,8,1
52,30,1
52,16,1
65,36,1
32,6,1
25,1,1
43,26,1
37,8,1
24,2,1
-281,19,0
62,80,1
44,17,1
33,5,1
43,22,1
30,7,1
43,11,1
47,18,1
48,26,1
33,8,1
31,3,1
-282,23,0
37,8,1
58,26,1
59,18,1
31,3,1
30,9,1
39,13,1
25,1,1
24,2,1
56,23,1
61,29,1
34,4,1
45,19,1
37,5,1
34,7,1
33,5,1
42,11,1
33,5,1
25,1,1
44,16,1
42,20,1
27,6,1
70,33,1
-298,3,0
80,44,1
45,9,1
45,15,1
-298,3,0
52,16,1
46,20,1
54,38,1
39,11,1
60,30,1
27,3,1
48,13,1
-287,17,0
-278,10,0
25,1,1
-294,3,0
28,5,1
43,10,1
28,2,1
32,8,1
89,97,1
48,21,1
45,18,1
-282,19,0
37,5,1
45,12,1
-300,1,0
28,2,1
57,24,1
57,47,1
25,1,1
34,7,1
32,10,1
28,2,1
31,3,1
59,39,1
-294,3,0
54,30,1
37,5,1
25,1,1
25,1,1
113,92,1
28,2,1
43,7,1
33,5,1
55,25,1
35,12,1
-299,4,0
38,11,1
40,6,1
-288,22,0
41,11,1
45,9,1
25,1,1
25,1,1
47,17,1
25,1,1
-271,27,0
-288,72,0
31,6,1
34,4,1
-304,3,0
83,96,1
25,1,1
-291,17,0
47,22,1
23,2,1
36,6,1
25,1,1
77,52,1
47,21,1
28,2,1
51,23,1
32,6,1
35,6,1
-288,11,0
43,11,1
28,2,1
-265,42,0
34,4,1
28,2,1
87,75,1
36,6,1
24,2,1
25,1,1
-288,5,0
46,12,1
-282,16,0
57,17,1
47,23,1
53,28,1
53,35,1
39,13,1
59,37,1
70,45,1
33,7,1
63,38,1
44,12,1
54,26,1
45,16,1
29,4,1
32,8,1
63,47,1
35,7,1
58,16,1
-263,96,0
36,6,1
28,2,1
25,1,1
30,6,1
31,6,1
24,2,1
-272,27,0
25,1,1
-290,18,0
31,11,1
59,25,1
39,10,1
28,2,1
31,6,1
37,8,1
31,3,1
-269,31,0
29,9,1
38,8,1
25,1,1
53,16,1
31,3,1
25,1,1
28,2,1
41,12,1
29,4,1
40,18,1
52,29,1
48,10,1
-298,11,0
33,8,1
42,23,1
53,30,1
45,13,1
36,19,1
38,7,1
78,46,1
-284,17,0
44,10,1
47,28,1
54,43,1
45,11,1
51,22,1
35,9,1
25,6,1
25,1,1
27,3,1
-263,30,0
50,29,1
-280,25,0
-258,31,0
58,26,1
37,5,1
49,15,1
23,2,1
35,6,1
60,36,1
35,6,1
25,1,1
36,6,1
27,3,1
31,3,1
47,26,1
25,1,1
25,1,1
53,13,1
38,7,1
57,16,1
58,29,1
-292,8,0
25,1,1
56,26,1
31,6,1
31,19,1
48,34,1
47,13,1
28,2,1
43,10,1
49,15,1
-302,2,0
31,3,1
42,13,1
25,1,1
39,7,1
59,35,1
34,12,1
84,66,1
40,18,1
35,6,1
-287,10,0
30,4,1
35,9,1
-286,40,0
24,2,1
-297,8,0
-275,27,0
44,10,1
51,28,1
55,15,1
31,3,1
-283,36,0
-298,9,0
-286,17,0
45,9,1
36,9,1
25,1,1
25,1,1
51,20,1
39,7,1
50,14,1
65,28,1
-300,4,0
-253,51,0
-302,2,0
27,3,1
-299,6,0
38,18,1
50,18,1
34,19,1
37,5,1
52,29,1
38,12,1
25,1,1
32,8,1
47,11,1
40,10,1
33,19,1
52,31,1
32,5,1
80,77,1
-277,57,0
38,7,1
39,7,1
58,25,1
80,66,1
99,79,1
36,6,1
51,25,1
36,6,1
40,6,1
-270,29,0
45,18,1
36,6,1
44,13,1
51,22,1
-295,4,0
45,12,1
25,1,1
37,23,1
-278,33,0
21,7,1
26,9,1
48,26,1
49,30,1
-291,4,0
25,1,1
55,32,1
67,29,1
43,15,1
39,10,1
48,13,1
-264,34,0
25,1,1
48,10,1
28,2,1
-283,14,0
65,46,1
-287,25,0
-295,9,0
31,3,1
33,7,1
31,3,1
54,14,1
-302,8,0
86,62,1
44,9,1
24,2,1
48,15,1
29,4,1
36,6,1
29,7,1
57,28,1
64,73,1
54,26,1
26,4,1
51,24,1
-285,6,0
25,1,1
61,24,1
20,15,1
-300,1,0
52,20,1
-295,9,0
81,53,1
40,15,1
-275,29,0
63,29,1
88,74,1
52,28,1
-286,13,0
47,14,1
31,3,1
46,28,1
36,9,1
62,22,1
65,32,1
45,16,1
39,12,1
48,16,1
39,7,1
63,46,1
-300,1,0
25,1,1
28,2,1
48,13,1
32,8,1
31,6,1
50,19,1
42,14,1
24,2,1
25,1,1
40,13,1
34,4,1
38,11,1
33,7,1
37,17,1
60,26,1
38,8,1
52,20,1
40,15,1
30,4,1
46,14,1
69,34,1
-289,9,0
31,3,1
38,8,1
54,34,1
37,17,1
-300,1,0
23,2,1
37,8,1
73,62,1
31,8,1
-299,6,0
46,25,1
58,33,1
35,10,1
48,28,1
101,86,1
23,8,1
45,9,1
32,41,1
31,3,1
-234,82,0
35,6,1
40,6,1
24,2,1
25,1,1
34,16,1
25,1,1
35,6,1
44,15,1
43,7,1
-298,3,0
29,4,1
-253,86,0
46,12,1
25,1,1
31,3,1
25,1,1
38,10,1
37,8,1
31,3,1
51,16,1
72,48,1
28,2,1
28,2,1
29,4,1
54,22,1
27,6,1
48,14,1
58,20,1
43,10,1
43,13,1
-295,4,0
-262,86,0
43,18,1
31,3,1
30,4,1
42,8,1
31,3,1
63,52,1
44,9,1
50,16,1
33,10,1
30,4,1
-300,1,0
-299,3,0
30,17,1
-295,21,0
45,23,1
46,15,1
28,2,1
29,4,1
28,2,1
43,18,1
54,16,1
-300,1,0
31,3,1
-299,3,0
50,21,1
39,21,1
52,21,1
39,10,1
41,12,1
37,8,1
54,29,1
34,7,1
25,7,1
28,2,1
68,36,1
-289,12,0
35,6,1
55,17,1
45,19,1
28,2,1
37,5,1
66,34,1
-298,8,0
50,23,1
-277,39,0
25,1,1
57,47,1
34,4,1
32,14,1
48,19,1
25,1,1
28,2,1
31,3,1
51,26,1
-282,18,0
-290,9,0
71,32,1
-292,5,0
25,1,1
25,1,1
46,15,1
25,1,1
24,2,1
46,11,1
40,9,1
34,4,1
40,10,1
46,8,1
51,21,1
53,16,1
31,3,1
48,37,1
-298,18,0
28,2,1
31,3,1
-302,2,0
44,9,1
37,5,1
-300,1,0
25,1,1
28,2,1
-299,3,0
51,22,1
25,1,1
31,3,1
36,6,1
46,8,1
83,57,1
25,1,1
60,29,1
55,21,1
43,14,1
36,9,1
34,4,1
28,2,1
28,2,1
47,19,1
31,3,1
36,6,1
-273,27,0
53,39,1
25,1,1
29,4,1
34,4,1
-268,23,0
-290,19,0
48,13,1
34,10,1
31,3,1
25,1,1
25,1,1
30,9,1
-295,4,0
83,59,1
43,13,1
23,2,1
31,12,1
67,45,1
67,35,1
36,12,1
32,9,1
41,12,1
62,25,1
35,6,1
29,10,1
55,17,1
36,6,1
39,18,1
-278,20,0
33,15,1
54,26,1
25,1,1
24,2,1
41,15,1
31,7,1
-281,26,0
36,12,1
37,17,1
28,2,1
48,20,1
25,1,1
26,3,1
52,29,1
40,16,1
42,10,1
28,2,1
36,9,1
25,1,1
-300,1,0
78,55,1
32,5,1
25,1,1
40,18,1
57,39,1
31,3,1
-287,25,0
27,14,1
40,9,1
25,1,1
29,8,1
26,7,1
45,12,1
26,6,1
34,7,1
-296,5,0
31,3,1
55,21,1
-291,4,0
44,16,1
34,8,1
28,2,1
31,3,1
25,4,1
58,33,1
48,13,1
44,22,1
28,2,1
25,1,1
-299,4,0
32,5,1
53,18,1
59,31,1
25,1,1
44,14,1
40,13,1
44,13,1
37,10,1
57,23,1
53,23,1
-302,2,0
-275,38,0
31,3,1
40,26,1
-290,37,0
43,17,1
31,3,1
30,4,1
41,8,1
43,14,1
23,2,1
52,26,1
30,4,1
110,83,1
25,1,1
34,4,1
47,20,1
33,7,1
-278,21,0
61,40,1
-300,1,0
63,45,1
48,14,1
34,7,1
25,1,1
-294,3,0
25,1,1
26,4,1
41,13,1
54,32,1
25,1,1
40,12,1
36,6,1
32,10,1
27,8,1
41,15,1
30,6,1
24,2,1
38,14,1
25,1,1
28,2,1
-291,38,0
39,7,1
41,16,1
68,38,1
-292,13,0
-297,5,0
40,9,1
45,26,1
27,3,1
36,6,1
25,1,1
37,5,1
57,29,1
25,1,1
34,4,1
-274,23,0
29,4,1
56,48,1
63,62,1
-289,12,0
93,69,1
40,10,1
49,18,1
34,7,1
40,10,1
-301,5,0
51,32,1
36,6,1
40,19,1
31,6,1
37,10,1
72,44,1
28,2,1
84,57,1
28,2,1
-296,7,0
55,40,1
-300,1,0
31,3,1
42,20,1
33,30,1
38,10,1
-297,5,0
79,33,1
-298,3,0
25,1,1
23,5,1
-299,9,0
25,1,1
71,59,1
37,12,1
40,9,1
65,48,1
36,14,1
34,7,1
36,12,1
25,1,1
32,5,1
56,56,1
29,13,1
46,16,1
53,12,1
44,9,1
53,22,1
35,9,1
38,8,1
-295,23,0
39,7,1
25,1,1
-274,28,0
28,7,1
49,33,1
25,1,1
62,29,1
-302,2,0
-300,1,0
38,7,1
30,17,1
39,10,1
115,91,1
-300,1,0
25,1,1
44,16,1
48,22,1
63,39,1
66,26,1
25,1,1
33,5,1
66,39,1
34,4,1
28,2,1
40,6,1
49,12,1
25,1,1
-296,12,0
46,21,1
34,14,1
46,19,1
32,9,1
41,25,1
48,12,1
62,19,1
-298,3,0
25,1,1
40,9,1
31,3,1
34,4,1
48,33,1
32,5,1
25,1,1
43,14,1
43,7,1
25,1,1
44,23,1
47,14,1
28,2,1
58,29,1
25,1,1
53,25,1
33,5,1
28,2,1
37,5,1
42,8,1
39,12,1
24,2,1
60,27,1
42,17,1
23,2,1
25,1,1
60,26,1
31,3,1
39,7,1
33,5,1
46,27,1
54,21,1
54,23,1
23,2,1
28,2,1
34,4,1
-277,24,0
45,22,1
42,56,1
-286,12,0
25,1,1
48,23,1
43,20,1
32,9,1
32,5,1
39,9,1
23,2,1
-287,10,0
25,1,1
25,1,1
25,1,1
47,10,1
25,1,1
43,10,1
41,11,1
36,6,1
-296,17,0
56,17,1
32,5,1
65,22,1
23,2,1
71,45,1
-294,6,0
43,13,1
34,4,1
81,52,1
-289,16,0
27,12,1
-301,22,0
33,12,1
86,45,1
32,6,1
35,20,1
40,6,1
24,2,1
36,16,1
37,8,1
28,2,1
-296,10,0
50,18,1
33,8,1
32,17,1
28,2,1
-297,11,0
-292,8,0
26,6,1
-300,1,0
34,4,1
47,17,1
-299,3,0
28,2,1
25,1,1
-285,19,0
-277,66,0
45,9,1
61,27,1
25,1,1
34,4,1
33,5,1
41,13,1
26,3,1
-307,6,0
-294,3,0
52,27,1
31,3,1
53,21,1
28,2,1
33,5,1
40,11,1
52,22,1
38,11,1
32,11,1
28,2,1
33,15,1
47,42,1
39,10,1
34,7,1
33,7,1
25,1,1
74,52,1
50,12,1
28,2,1
-285,11,0
25,1,1
57,27,1
44,63,1
40,9,1
32,5,1
31,3,1
37,5,1
69,45,1
65,32,1
38,7,1
30,7,1
38,7,1
43,10,1
-294,3,0
72,36,1
31,3,1
34,4,1
-290,6,0
37,5,1
-293,11,0
-300,1,0
33,8,1
25,1,1
48,12,1
28,2,1
-300,1,0
35,13,1
37,5,1
-293,17,0
46,12,1
46,18,1
81,51,1
39,9,1
-261,31,0
25,1,1
47,14,1
45,15,1
38,10,1
28,2,1
40,9,1
26,3,1
50,14,1
31,6,1
51,22,1
50,31,1
29,4,1
31,3,1
36,6,1
57,35,1
48,16,1
25,1,1
49,24,1
89,100,1
42,10,1
-297,8,0
34,4,1
28,2,1
-298,3,0
62,26,1
-299,7,0
51,22,1
-291,8,0
66,42,1
40,12,1
46,14,1
39,10,1
34,4,1
69,29,1
28,6,1
32,5,1
37,5,1
40,10,1
32,5,1
43,10,1
58,30,1
69,55,1
51,38,1
38,10,1
50,15,1
24,2,1
42,10,1
44,17,1
41,12,1
-292,5,0
49,19,1
25,1,1
42,17,1
28,2,1
44,10,1
65,40,1
56,21,1
37,5,1
31,3,1
76,64,1
95,67,1
73,47,1
37,5,1
28,2,1
48,26,1
25,1,1
57,25,1
39,7,1
41,19,1
31,3,1
50,18,1
-288,48,0
31,3,1
32,6,1
49,18,1
37,5,1
48,13,1
35,6,1
53,19,1
69,59,1
64,37,1
39,31,1
24,2,1
43,7,1
46,14,1
25,1,1
-271,28,0
34,4,1
23,2,1
71,29,1
25,1,1
24,2,1
23,3,1
-298,3,0
24,4,1
-287,13,0
28,10,1
55,26,1
38,10,1
49,13,1
57,22,1
40,13,1
61,35,1
54,26,1
25,1,1
26,3,1
30,4,1
-297,7,0
-287,16,0
55,19,1
25,1,1
48,15,1
44,22,1
42,22,1
56,23,1
25,1,1
39,9,1
-300,5,0
31,3,1
44,13,1
49,18,1
24,2,1
45,15,1
32,5,1
37,22,1
-304,10,0
25,1,1
23,2,1
41,12,1
29,26,1
86,69,1
32,12,1
50,20,1
61,36,1
25,1,1
64,25,1
33,14,1
34,4,1
30,4,1
-286,16,0
24,2,1
60,35,1
28,2,1
28,2,1
58,21,1
30,6,1
23,2,1
-297,2,0
50,12,1
64,22,1
45,9,1
54,12,1
60,14,1
28,2,1
-268,21,0
25,1,1
25,1,1
52,13,1
29,4,1
63,35,1
48,15,1
28,2,1
34,4,1
-297,5,0
46,18,1
40,19,1
53,24,1
44,23,1
73,37,1
36,6,1
25,1,1
67,29,1
69,39,1
52,19,1
-297,7,0
73,41,1
49,13,1
31,3,1
43,15,1
38,28,1
-275,18,0
39,15,1
16,20,1
-296,21,0
-300,4,0
30,4,1
47,19,1
47,24,1
30,4,1
29,4,1
45,18,1
-300,1,0
26,3,1
52,23,1
25,1,1
41,12,1
-294,3,0
37,9,1
67,36,1
-297,21,0
65,38,1
43,7,1
33,5,1
50,18,1
28,2,1
58,30,1
43,14,1
46,21,1
-296,5,0
50,25,1
32,6,1
50,18,1
62,39,1
42,8,1
29,4,1
52,39,1
67,46,1
25,1,1
-289,6,0
25,1,1
43,24,1
25,1,1
-277,46,0
30,8,1
35,9,1
59,26,1
29,4,1
-304,9,0
25,7,1
37,14,1
88,50,1
43,14,1
28,2,1
30,4,1
26,3,1
28,2,1
37,16,1
47,11,1
39,7,1
36,15,1
-297,14,0
28,2,1
33,8,1
35,9,1
28,2,1
38,14,1
49,12,1
-289,12,0
-295,4,0
50,12,1
30,4,1
45,12,1
27,25,1
30,7,1
36,8,1
28,2,1
39,9,1
34,4,1
39,9,1
43,7,1
35,11,1
33,5,1
-295,4,0
-297,9,0
52,28,1
-300,1,0
35,16,1
92,77,1
41,9,1
32,6,1
41,13,1
41,33,1
25,1,1
40,15,1
34,4,1
44,10,1
73,33,1
25,1,1
50,22,1
34,12,1
42,10,1
-305,5,0
57,36,1
49,29,1
27,3,1
31,3,1
55,20,1
-251,46,0
65,37,1
28,2,1
82,57,1
36,11,1
44,22,1
53,27,1
-300,1,0
25,1,1
31,3,1
58,32,1
58,36,1
51,23,1
38,7,1
34,4,1
46,12,1
50,14,1
36,6,1
44,19,1
41,29,1
73,43,1
53,13,1
-287,12,0
55,25,1
-275,32,0
73,32,1
27,3,1
43,7,1
60,19,1
56,21,1
38,8,1
38,8,1
43,14,1
49,34,1
39,9,1
40,9,1
47,13,1
40,12,1
40,6,1
-290,9,0
-300,1,0
34,4,1
25,1,1
80,57,1
46,12,1
44,15,1
28,2,1
-307,5,0
66,31,1
34,11,1
-291,16,0
-291,9,0
57,35,1
37,9,1
44,9,1
69,52,1
34,4,1
-304,3,0
36,9,1
25,1,1
-268,61,0
-293,15,0
36,6,1
38,7,1
-298,3,0
58,18,1
56,28,1
25,1,1
32,10,1
56,29,1
45,13,1
47,13,1
27,3,1
37,8,1
51,27,1
29,4,1
85,54,1
38,7,1
35,7,1
56,17,1
53,25,1
25,1,1
25,1,1
41,8,1
25,1,1
-293,13,0
43,22,1
28,2,1
41,44,1
25,1,1
44,15,1
31,3,1
-300,1,0
63,30,1
54,22,1
37,5,1
44,17,1
27,3,1
34,4,1
-294,10,0
43,13,1
79,48,1
31,3,1
52,13,1
59,35,1
43,14,1
60,44,1
42,11,1
37,10,1
28,2,1
25,1,1
38,7,1
32,12,1
36,6,1
-300,1,0
48,66,1
59,32,1
41,11,1
-297,2,0
79,48,1
28,2,1
25,1,1
28,2,1
51,19,1
28,2,1
32,5,1
49,20,1
34,4,1
68,36,1
37,11,1
-292,8,0
49,13,1
28,2,1
60,40,1
44,16,1
44,10,1
39,12,1
25,1,1
-285,9,0
45,12,1
45,35,1
25,1,1
49,31,1
31,3,1
-284,16,0
48,19,1
-282,19,0
37,8,1
25,1,1
-288,67,0
31,3,1
42,14,1
41,8,1
45,11,1
39,10,1
-303,6,0
25,1,1
28,2,1
36,11,1
54,29,1
69,59,1
29,4,1
59,19,1
32,5,1
36,14,1
54,31,1
25,1,1
-298,3,0
55,32,1
25,1,1
25,1,1
43,7,1
31,3,1
25,1,1
30,4,1
49,48,1
25,1,1
49,18,1
63,27,1
54,26,1
48,14,1
39,14,1
33,5,1
25,41,1
77,77,1
61,40,1
30,4,1
44,9,1
67,41,1
39,10,1
25,1,1
66,37,1
28,2,1
-261,62,0
45,9,1
-300,1,0
41,8,1
25,1,1
82,44,1
33,5,1
28,2,1
-289,34,0
28,2,1
37,5,1
55,18,1
56,20,1
64,29,1
59,21,1
31,3,1
30,4,1
64,35,1
107,94,1
59,18,1
52,10,1
25,1,1
25,1,1
53,12,1
49,13,1
36,6,1
34,7,1
28,2,1
54,18,1
62,46,1
46,8,1
34,4,1
27,3,1
32,5,1
-280,20,0
25,1,1
47,18,1
44,14,1
49,19,1
33,5,1
52,35,1
45,35,1
48,12,1
43,14,1
41,11,1
74,70,1
39,12,1
30,4,1
31,3,1
40,22,1
25,1,1
29,4,1
-301,2,0
-297,2,0
28,2,1
54,24,1
28,2,1
36,6,1
28,2,1
44,12,1
28,2,1
46,17,1
28,2,1
28,2,1
-301,2,0
-299,3,0
34,10,1
51,18,1
31,3,1
34,4,1
32,5,1
43,10,1
59,21,1
64,21,1
35,7,1
46,11,1
41,9,1
72,32,1
44,32,1
30,4,1
55,21,1
39,17,1
61,22,1
52,16,1
25,1,1
28,2,1
-252,65,0
48,13,1
76,68,1
28,2,1
47,27,1
37,9,1
45,14,1
36,6,1
-294,33,0
31,3,1
28,2,1
61,25,1
42,12,1
40,47,1
31,3,1
47,15,1
43,11,1
41,11,1
25,1,1
-267,39,0
51,29,1
46,8,1
33,5,1
41,15,1
34,4,1
37,8,1
61,48,1
72,39,1
28,2,1
73,44,1
37,13,1
-289,8,0
28,2,1
28,6,1
-262,25,0
33,8,1
54,30,1
56,19,1
73,50,1
37,5,1
-282,30,0
34,4,1
-294,18,0
23,2,1
54,30,1
78,38,1
-282,11,0
25,1,1
-269,68,0
40,10,1
38,7,1
33,14,1
53,19,1
44,23,1
-305,4,0
25,1,1
-288,14,0
25,1,1
37,5,1
31,3,1
-290,10,0
74,45,1
-295,7,0
37,5,1
25,1,1
25,1,1
25,1,1
69,40,1
33,8,1
31,3,1
25,1,1
46,17,1
28,2,1
38,11,1
47,17,1
52,25,1
38,8,1
54,24,1
-293,9,0
34,4,1
33,11,1
-271,28,0
27,5,1
37,5,1
32,15,1
40,9,1
40,6,1
36,12,1
25,1,1
55,26,1
52,19,1
53,20,1
25,1,1
-240,59,0
36,6,1
25,4,1
34,12,1
45,42,1
-280,16,0
28,2,1
28,2,1
50,43,1
36,8,1
49,12,1
48,13,1
52,10,1
37,12,1
40,9,1
87,88,1
48,18,1
37,5,1
34,4,1
-297,9,0
37,5,1
86,90,1
42,13,1
31,3,1
62,33,1
31,3,1
-296,5,0
52,10,1
64,46,1
78,61,1
54,25,1
28,5,1
57,30,1
34,4,1
25,1,1
-298,7,0
25,1,1
45,18,1
25,1,1
43,10,1
63,23,1
42,11,1
54,46,1
25,1,1
75,52,1
26,4,1
67,52,1
24,7,1
27,3,1
28,2,1
25,1,1
47,17,1
18,6,1
25,1,1
62,54,1
25,1,1
56,36,1
28,2,1
35,11,1
31,3,1
28,2,1
25,1,1
61,23,1
79,38,1
44,15,1
37,17,1
28,2,1
63,38,1
31,3,1
43,11,1
44,20,1
-302,2,0
64,30,1
-306,14,0
23,2,1
48,13,1
46,18,1
25,1,1
33,7,1
47,13,1
69,38,1
51,19,1
26,6,1
41,9,1
-307,21,0
29,4,1
28,2,1
34,4,1
49,12,1
43,44,1
25,1,1
44,13,1
63,23,1
25,1,1
-288,10,0
63,34,1
48,10,1
34,9,1
37,5,1
37,8,1
-289,19,0
46,11,1
24,2,1
41,11,1
54,30,1
38,10,1
45,12,1
38,10,1
27,6,1
33,5,1
30,30,1
26,3,1
25,1,1
44,13,1
63,30,1
30,6,1
60,27,1
-269,24,0
43,32,1
47,25,1
25,1,1
25,1,1
58,24,1
-298,3,0
39,7,1
36,6,1
25,1,1
39,7,1
38,7,1
-294,11,0
68,51,1
52,21,1
30,4,1
23,2,1
-297,5,0
-299,7,0
46,18,1
35,9,1
40,10,1
31,3,1
-275,21,0
90,132,1
29,4,1
33,5,1
70,30,1
25,1,1
41,12,1
25,1,1
54,18,1
35,6,1
-277,17,0
84,53,1
43,15,1
-283,10,0
41,15,1
25,1,1
46,8,1
52,24,1
25,1,1
52,21,1
45,12,1
48,16,1
56,25,1
51,19,1
33,5,1
50,11,1
28,2,1
31,3,1
-300,4,0
44,9,1
25,1,1
50,15,1
25,1,1
47,20,1
66,32,1
45,9,1
23,2,1
-250,54,0
81,62,1
-288,8,0
46,15,1
23,2,1
25,1,1
28,2,1
46,16,1
31,3,1
-292,7,0
29,7,1
43,13,1
34,4,1
28,2,1
33,5,1
42,14,1
53,15,1
49,38,1
28,2,1
77,57,1
34,7,1
34,9,1
63,88,1
52,24,1
28,2,1
36,9,1
-300,1,0
25,4,1
52,16,1
77,70,1
30,4,1
51,21,1
61,31,1
-291,21,0
50,23,1
24,4,1
28,2,1
25,1,1
-297,5,0
50,12,1
25,1,1
57,22,1
34,4,1
58,28,1
62,37,1
51,36,1
54,23,1
-302,2,0
29,4,1
77,79,1
35,12,1
88,63,1
30,4,1
37,5,1
40,19,1
23,2,1
82,78,1
25,1,1
35,14,1
23,2,1
58,25,1
32,5,1
-268,53,0
28,2,1
31,3,1
28,2,1
31,3,1
46,33,1
64,27,1
29,4,1
24,2,1
34,7,1
-297,2,0
54,15,1
29,5,1
28,2,1
49,16,1
-291,18,0
38,10,1
37,5,1
54,15,1
25,1,1
-294,3,0
36,6,1
-300,1,0
51,13,1
68,36,1
35,7,1
60,33,1
39,13,1
62,28,1
53,22,1
63,21,1
28,2,1
28,2,1
-300,1,0
-300,1,0
39,26,1
44,57,1
28,2,1
47,17,1
25,1,1
47,18,1
-280,12,0
51,34,1
34,4,1
44,12,1
93,65,1
-296,33,0
28,2,1
80,52,1
53,27,1
61,40,1
28,2,1
37,5,1
28,2,1
25,1,1
25,1,1
58,28,1
42,8,1
50,19,1
30,14,1
28,2,1
32,5,1
25,1,1
51,11,1
28,2,1
33,5,1
92,76,1
48,15,1
31,3,1
54,19,1
45,15,1
25,1,1
37,9,1
33,10,1
27,3,1
39,10,1
45,12,1
54,41,1
49,13,1
38,10,1
56,13,1
45,9,1
25,1,1
42,10,1
64,27,1
49,21,1
40,6,1
28,2,1
42,8,1
-315,27,0
28,2,1
55,31,1
35,14,1
46,17,1
35,12,1
47,13,1
28,2,1
33,5,1
54,22,1
32,5,1
-303,3,0
43,11,1
40,9,1
34,7,1
30,6,1
25,1,1
55,30,1
88,57,1
46,13,1
72,31,1
-273,29,0
39,12,1
42,14,1
62,31,1
42,8,1
52,20,1
44,28,1
52,26,1
29,7,1
50,15,1
40,12,1
23,2,1
31,6,1
56,29,1
-301,9,0
44,13,1
56,17,1
40,9,1
38,11,1
35,13,1
28,2,1
42,19,1
39,7,1
31,3,1
36,20,1
47,14,1
-302,3,0
39,7,1
28,2,1
24,2,1
38,7,1
43,16,1
43,11,1
-296,4,0
36,6,1
53,13,1
-303,3,0
40,12,1
-295,27,0
31,6,1
-267,38,0
46,19,1
-292,20,0
33,5,1
46,20,1
63,30,1
37,5,1
-292,9,0
57,33,1
47,16,1
23,2,1
38,8,1
-289,23,0
38,11,1
23,2,1
45,16,1
57,28,1
25,1,1
31,3,1
36,9,1
25,1,1
-294,6,0
24,32,1
-297,20,0
39,13,1
28,2,1
49,16,1
25,1,1
30,4,1
85,55,1
45,12,1
63,30,1
34,4,1
-299,10,0
42,11,1
46,15,1
71,40,1
28,2,1
43,11,1
25,1,1
53,25,1
25,1,1
-281,17,0
-276,28,0
32,11,1
51,20,1
58,31,1
-293,10,0
45,19,1
44,13,1
-300,1,0
47,11,1
42,8,1
-306,16,0
31,3,1
52,23,1
54,21,1
33,10,1
61,33,1
42,8,1
45,9,1
53,13,1
44,10,1
-289,9,0
27,3,1
-288,29,0
40,35,1
46,25,1
50,16,1
34,7,1
99,75,1
49,15,1
25,1,1
-292,10,0
25,1,1
32,12,1
42,8,1
-272,121,0
34,4,1
58,15,1
35,9,1
35,6,1
66,33,1
39,10,1
23,2,1
48,13,1
25,1,1
82,66,1
40,9,1
-290,15,0
30,4,1
49,20,1
-289,6,0
37,5,1
43,7,1
56,24,1
25,1,1
36,9,1
25,1,1
44,16,1
25,1,1
-304,3,0
28,2,1
31,3,1
38,8,1
46,8,1
42,11,1
36,9,1
57,19,1
53,19,1
64,44,1
47,10,1
39,7,1
53,22,1
47,11,1
25,1,1
37,5,1
37,5,1
53,23,1
48,10,1
41,14,1
-297,2,0
28,2,1
28,2,1
42,8,1
62,24,1
42,11,1
56,23,1
43,11,1
73,47,1
40,11,1
52,17,1
31,3,1
39,10,1
28,2,1
49,17,1
31,3,1
-285,43,0
-273,45,0
27,3,1
55,21,1
36,6,1
30,4,1
79,58,1
39,9,1
42,11,1
49,19,1
24,2,1
52,22,1
45,22,1
63,35,1
-300,6,0
65,33,1
45,16,1
25,1,1
31,6,1
66,23,1
50,21,1
46,18,1
32,8,1
25,1,1
49,13,1
37,12,1
34,4,1
60,32,1
41,16,1
49,16,1
-300,12,0
33,5,1
61,30,1
104,93,1
-286,17,0
34,4,1
-293,28,0
33,7,1
36,11,1
39,10,1
23,2,1
57,39,1
28,2,1
54,23,1
46,15,1
24,2,1
46,18,1
-288,15,0
31,3,1
34,7,1
-299,3,0
35,6,1
51,39,1
40,6,1
55,11,1
25,1,1
54,29,1
52,19,1
41,9,1
52,14,1
37,5,1
57,34,1
40,12,1
