23,3,1
3,23,1
-205,231,1
-339,40,0
-138,164,1
-36,62,1
-355,56,0
-306,7,0
-39,65,1
-302,3,0
-412,113,0
-375,76,0
-380,81,0
-50,76,1
-351,52,0
-29,55,1
-330,31,0
-307,8,0
-315,16,0
-363,64,0
25,1,1
20,6,1
-305,6,0
-113,139,1
-324,25,0
25,1,1
-435,136,0
-7,33,1
23,3,1
-313,14,0
-85,111,1
-301,2,0
-332,33,0
-330,31,0
-10,36,1
-586,287,0
21,5,1
-8,34,1
-54,80,1
-417,118,0
25,1,1
4,22,1
-21,47,1
-65,91,1
-364,65,0
-388,89,0
-463,164,0
-353,54,0
-423,124,0
-370,71,0
24,2,1
-305,6,0
-299,325,1
23,3,1
-16,42,1
-313,14,0
21,5,1
-378,79,0
-322,23,0
-307,8,0
24,2,1
-15,41,1
-162,188,1
-378,79,0
-337,38,0
17,9,1
-306,7,0
-54,80,1
-35,61,1
24,2,1
-389,90,0
-32,58,1
25,1,1
-487,188,0
-325,26,0
16,10,1
-157,183,1
-151,177,1
-366,67,0
-396,97,0
-324,25,0
-32,58,1
-345,46,0
-182,208,1
-301,2,0
-24,50,1
-311,12,0
-319,20,0
-305,6,0
-440,141,0
-426,127,0
-316,17,0
22,4,1
-313,14,0
-337,38,0
-21,47,1
-409,110,0
-359,60,0
-377,78,0
-500,201,0
-300,1,0
21,5,1
-25,51,1
-304,5,0
1,25,1
-310,11,0
-489,190,0
-399,100,0
-47,73,1
-306,7,0
-14,40,1
-301,2,0
4,22,1
-323,24,0
-61,87,1
25,1,1
-344,45,0
-440,141,0
23,3,1
25,1,1
-14,40,1
25,1,1
16,10,1
-338,39,0
-339,40,0
-36,62,1
-38,64,1
-403,104,0
-20,46,1
20,6,1
-301,2,0
-402,103,0
-573,274,0
8,18,1
-358,59,0
-344,45,0
-362,63,0
-59,85,1
24,2,1
-52,78,1
-33,59,1
-8,34,1
-383,84,0
-35,61,1
-240,266,1
-314,15,0
-60,86,1
-301,2,0
22,4,1
-390,91,0
25,1,1
-392,93,0
-9,35,1
-308,9,0
18,8,1
-304,5,0
-44,70,1
-353,54,0
25,1,1
24,2,1
-321,22,0
-328,29,0
-422,123,0
-415,116,0
-340,41,0
15,11,1
-32,58,1
-344,45,0
-312,13,0
-312,13,0
-317,18,0
1,25,1
-412,438,1
-314,15,0
-305,6,0
-210,236,1
-677,378,0
-324,25,0
-25,51,1
12,14,1
-316,17,0
-2,28,1
-386,87,0
-304,5,0
-387,88,0
24,2,1
-331,32,0
-364,65,0
-320,21,0
-2,28,1
-318,19,0
-310,11,0
-316,17,0
-422,123,0
-300,1,0
-388,89,0
-356,57,0
-359,60,0
-309,10,0
24,2,1
-427,128,0
-9,35,1
-466,167,0
18,8,1
-46,72,1
-397,98,0
25,1,1
-9,35,1
12,14,1
15,11,1
-300,1,0
25,1,1
-50,76,1
9,17,1
-314,15,0
-365,66,0
-10,36,1
-302,3,0
-343,44,0
-370,71,0
-371,72,0
21,5,1
-25,51,1
25,1,1
-394,95,0
-303,4,0
-70,96,1
-361,62,0
-74,100,1
-374,75,0
-113,139,1
-314,15,0
-10,36,1
-377,78,0
-361,62,0
-357,58,0
-12,38,1
21,5,1
-38,64,1
25,1,1
8,18,1
-406,107,0
-398,99,0
-21,47,1
-44,70,1
-316,17,0
-307,8,0
-430,131,0
-39,65,1
2,24,1
-459,160,0
-48,74,1
-307,8,0
-311,12,0
-300,1,0
-53,79,1
-307,8,0
-392,93,0
-347,48,0
-301,2,0
-184,210,1
-519,220,0
-303,4,0
25,1,1
0,26,1
-309,10,0
-440,141,0
-358,59,0
9,17,1
-362,63,0
-306,7,0
-322,23,0
4,22,1
-335,36,0
-341,42,0
24,2,1
-320,21,0
-415,116,0
-326,27,0
-20,46,1
25,1,1
-315,16,0
-444,145,0
-333,34,0
-505,206,0
-336,37,0
-310,11,0
13,13,1
-7,33,1
-394,95,0
22,4,1
-324,25,0
-350,51,0
-354,55,0
-682,383,0
-303,4,0
-301,2,0
-370,71,0
24,2,1
-344,45,0
-310,11,0
-337,38,0
-112,138,1
-161,187,1
22,4,1
-309,10,0
-91,117,1
-331,32,0
-337,38,0
-300,1,0
11,15,1
25,1,1
-303,4,0
9,17,1
-360,61,0
-409,110,0
-336,37,0
-60,86,1
-309,10,0
-314,15,0
20,6,1
-305,6,0
21,5,1
-4,30,1
-51,77,1
3,23,1
8,18,1
-309,10,0
-14,40,1
-306,7,0
-304,5,0
-485,186,0
-304,5,0
8,18,1
-88,114,1
-300,1,0
-411,112,0
-303,4,0
25,1,1
-304,5,0
-364,65,0
-332,33,0
-443,144,0
-227,253,1
-306,7,0
-323,24,0
18,8,1
-349,50,0
-1,27,1
-307,8,0
-422,123,0
-337,38,0
-326,27,0
-433,134,0
-307,8,0
-349,50,0
-310,11,0
-231,257,1
-302,3,0
-391,92,0
-34,60,1
-428,129,0
-387,88,0
-582,283,0
-319,20,0
12,14,1
-10,36,1
-343,44,0
19,7,1
15,11,1
15,11,1
-11,37,1
-77,103,1
10,16,1
-459,160,0
22,4,1
19,7,1
-430,131,0
-303,4,0
-302,3,0
-312,13,0
-381,82,0
-346,47,0
-59,85,1
-329,30,0
16,10,1
-322,23,0
-323,24,0
-344,45,0
-31,57,1
-9,35,1
-376,77,0
0,26,1
-24,50,1
4,22,1
-38,64,1
-364,65,0
-420,121,0
2,24,1
-42,68,1
20,6,1
-320,21,0
-303,4,0
-144,170,1
-311,12,0
-303,4,0
16,10,1
-21,47,1
-69,95,1
-64,90,1
6,20,1
-97,123,1
-5,31,1
-312,13,0
-434,135,0
4,22,1
-304,5,0
-331,32,0
-300,1,0
-374,75,0
-316,17,0
-303,4,0
-400,101,0
-1,27,1
-147,173,1
1,25,1
-507,208,0
-328,29,0
17,9,1
-315,16,0
-324,25,0
7,19,1
-342,43,0
16,10,1
22,4,1
12,14,1
-322,23,0
-23,49,1
-326,27,0
-411,112,0
-244,270,1
-338,39,0
-32,58,1
-301,2,0
9,17,1
22,4,1
-1,27,1
-321,22,0
-325,26,0
-324,25,0
-328,29,0
19,7,1
-396,97,0
24,2,1
-63,89,1
0,26,1
15,11,1
-340,41,0
-34,60,1
-181,207,1
-310,11,0
-355,56,0
-336,37,0
-302,3,0
16,10,1
-69,95,1
-411,112,0
-442,143,0
-345,46,0
-341,42,0
-75,101,1
18,8,1
-66,92,1
-62,88,1
20,6,1
-428,129,0
-359,60,0
-329,30,0
-336,37,0
-16,42,1
-300,1,0
3,23,1
-364,65,0
-396,97,0
-320,21,0
19,7,1
-340,41,0
-457,158,0
-307,8,0
8,18,1
25,1,1
-435,136,0
-335,36,0
-312,13,0
-303,4,0
-327,28,0
-692,393,0
-358,59,0
-386,87,0
-453,154,0
-347,48,0
-8,34,1
-99,125,1
-431,132,0
-307,8,0
-45,71,1
-351,52,0
21,5,1
-345,46,0
-300,1,0
-318,19,0
-317,18,0
0,26,1
19,7,1
-382,83,0
12,14,1
-379,80,0
-308,9,0
-300,1,0
-343,44,0
-373,74,0
-376,77,0
24,2,1
25,1,1
-318,19,0
23,3,1
-303,4,0
-492,193,0
-356,57,0
13,13,1
24,2,1
-91,117,1
-429,130,0
-95,121,1
-389,90,0
-307,8,0
-348,49,0
-313,14,0
-310,11,0
-314,15,0
20,6,1
-351,52,0
21,5,1
-355,56,0
22,4,1
-473,174,0
20,6,1
-354,55,0
-300,1,0
-300,1,0
-305,6,0
-421,122,0
13,13,1
-302,3,0
-406,107,0
-342,43,0
-332,33,0
-398,99,0
-328,29,0
22,4,1
22,4,1
-303,4,0
-368,69,0
-44,70,1
-301,2,0
-323,24,0
-34,60,1
24,2,1
-307,8,0
-348,49,0
-167,193,1
-525,226,0
-74,100,1
-375,76,0
-314,15,0
-171,197,1
-310,11,0
-320,21,0
-128,154,1
-245,271,1
-306,7,0
-579,280,0
-440,141,0
-43,69,1
-327,28,0
-71,97,1
-320,21,0
22,4,1
-348,49,0
4,22,1
-5,31,1
-325,26,0
-303,4,0
-86,112,1
17,9,1
-320,21,0
-326,27,0
-336,37,0
-305,6,0
21,5,1
-305,6,0
-1,27,1
-319,20,0
21,5,1
-93,119,1
9,17,1
-446,147,0
-333,34,0
-306,7,0
-391,92,0
-185,211,1
-302,3,0
-335,36,0
-2,28,1
-347,48,0
-304,5,0
-61,87,1
-347,48,0
-131,157,1
-402,103,0
11,15,1
-19,45,1
-340,41,0
-301,2,0
-376,77,0
-331,32,0
-309,10,0
-310,11,0
11,15,1
-350,51,0
-312,13,0
-323,24,0
23,3,1
-301,2,0
11,15,1
-339,40,0
-296,322,1
-315,16,0
-319,20,0
-36,62,1
-340,41,0
-19,45,1
-436,137,0
25,1,1
-89,115,1
-55,81,1
-305,6,0
-58,84,1
-56,82,1
-22,48,1
-411,112,0
-342,43,0
-304,5,0
-314,15,0
14,12,1
14,12,1
23,3,1
-301,2,0
3,23,1
-7,33,1
-389,90,0
-319,20,0
-80,106,1
-120,146,1
-305,6,0
1,25,1
-300,1,0
-303,4,0
-352,53,0
-464,165,0
-32,58,1
-163,189,1
-480,181,0
-128,154,1
3,23,1
-260,286,1
-301,2,0
25,1,1
-377,78,0
-15,41,1
24,2,1
-300,1,0
-306,7,0
25,1,1
-345,46,0
-303,4,0
-340,41,0
18,8,1
-612,313,0
-311,12,0
-3,29,1
-77,103,1
-325,26,0
-342,43,0
-317,18,0
-327,28,0
-308,9,0
-317,18,0
-314,15,0
22,4,1
-309,10,0
-311,12,0
-348,49,0
-518,219,0
-445,146,0
-24,50,1
-321,22,0
24,2,1
22,4,1
-406,107,0
-11,37,1
25,1,1
-300,326,1
-443,144,0
12,14,1
-70,96,1
-332,33,0
-308,9,0
-320,21,0
-307,8,0
12,14,1
-404,105,0
-350,51,0
-64,90,1
-15,41,1
-41,67,1
-110,136,1
-395,96,0
24,2,1
-47,73,1
6,20,1
-329,30,0
-664,365,0
-8,34,1
-338,39,0
-394,95,0
24,2,1
-303,4,0
1,25,1
-384,85,0
-343,44,0
-325,26,0
-63,89,1
-401,102,0
-360,61,0
-313,14,0
-352,53,0
-5,31,1
-474,175,0
-392,93,0
-319,20,0
-329,30,0
-331,32,0
-315,16,0
24,2,1
25,1,1
-459,160,0
-455,156,0
-309,10,0
-314,15,0
-314,15,0
-368,69,0
-304,5,0
17,9,1
-467,168,0
-9,35,1
-372,73,0
-367,68,0
-7,33,1
-10,36,1
-23,49,1
-313,14,0
-310,11,0
-5,31,1
-328,29,0
-306,7,0
-344,45,0
-529,230,0
16,10,1
-321,22,0
10,16,1
-10,36,1
25,1,1
-308,9,0
14,12,1
21,5,1
-491,192,0
13,13,1
-325,26,0
-353,54,0
25,1,1
-344,45,0
-346,47,0
-13,39,1
-318,19,0
25,1,1
-386,87,0
-309,10,0
-308,9,0
-70,96,1
-77,103,1
-547,248,0
-301,2,0
-365,66,0
-7,33,1
-311,12,0
-398,99,0
-351,52,0
-304,5,0
-66,92,1
-343,44,0
-377,78,0
-327,28,0
-314,15,0
-2,28,1
-37,63,1
-374,75,0
20,6,1
-300,1,0
-463,164,0
3,23,1
-530,231,0
-300,1,0
-325,26,0
-356,57,0
-27,53,1
-314,15,0
-343,44,0
22,4,1
-307,8,0
24,2,1
-389,90,0
-349,50,0
-308,9,0
-303,4,0
-18,44,1
-312,13,0
-317,18,0
-335,36,0
-330,31,0
-309,10,0
-418,119,0
-47,73,1
23,3,1
21,5,1
16,10,1
-368,69,0
-464,165,0
9,17,1
13,13,1
-303,4,0
-364,65,0
16,10,1
-326,27,0
25,1,1
25,1,1
-319,20,0
-323,24,0
-321,22,0
-353,54,0
-106,132,1
-343,44,0
-302,3,0
-381,82,0
-375,76,0
7,19,1
-6,32,1
16,10,1
-37,63,1
25,1,1
14,12,1
-306,7,0
-10,36,1
-4,30,1
24,2,1
-302,3,0
11,15,1
-17,43,1
-335,36,0
23,3,1
-12,38,1
22,4,1
-581,282,0
-304,5,0
-353,54,0
19,7,1
-372,73,0
24,2,1
-58,84,1
21,5,1
-46,72,1
11,15,1
-316,17,0
25,1,1
-20,46,1
-368,69,0
-93,119,1
16,10,1
-340,41,0
-339,40,0
-467,168,0
-344,45,0
-312,13,0
25,1,1
22,4,1
1,25,1
-338,39,0
24,2,1
-29,55,1
-369,70,0
-15,41,1
-325,26,0
-355,56,0
-32,58,1
-307,8,0
-403,104,0
-301,2,0
-2,28,1
-396,97,0
-307,8,0
-317,18,0
-305,6,0
-26,52,1
-410,111,0
-323,24,0
-302,3,0
-321,22,0
-306,7,0
-315,16,0
25,1,1
22,4,1
-64,90,1
-63,89,1
-41,67,1
-310,11,0
-317,18,0
-323,24,0
-307,8,0
-302,3,0
-112,138,1
-142,168,1
24,2,1
-480,181,0
-304,5,0
-300,1,0
25,1,1
-360,61,0
15,11,1
-310,11,0
13,13,1
-300,1,0
-314,15,0
-351,377,1
-39,65,1
-1,27,1
-368,69,0
25,1,1
24,2,1
-308,9,0
11,15,1
-22,48,1
-301,2,0
24,2,1
-303,4,0
-431,132,0
-498,199,0
-328,29,0
-396,97,0
22,4,1
-385,86,0
-337,38,0
-123,149,1
-423,124,0
-356,57,0
3,23,1
-358,59,0
-315,16,0
-361,62,0
-9,35,1
23,3,1
-308,9,0
-304,5,0
-312,13,0
-330,31,0
-316,17,0
-24,50,1
-92,118,1
-396,97,0
-367,68,0
-348,49,0
-374,75,0
15,11,1
9,17,1
-313,14,0
-474,175,0
-300,1,0
-406,107,0
-324,25,0
-315,16,0
-434,135,0
25,1,1
22,4,1
-344,45,0
-16,42,1
7,19,1
-322,23,0
-19,45,1
-29,55,1
-136,162,1
-8,34,1
-304,5,0
-21,47,1
-300,1,0
-4,30,1
-306,7,0
-435,136,0
20,6,1
-310,11,0
-2,28,1
-306,7,0
-343,44,0
16,10,1
25,1,1
-304,5,0
-119,145,1
-342,43,0
16,10,1
-301,2,0
-300,1,0
-383,84,0
-329,30,0
-300,1,0
-117,143,1
-14,40,1
-115,141,1
-454,155,0
-338,39,0
-325,26,0
-300,1,0
-333,34,0
-435,136,0
-301,2,0
-315,16,0
-304,5,0
-481,182,0
-397,98,0
-341,42,0
25,1,1
14,12,1
-550,251,0
23,3,1
-305,6,0
-38,64,1
-302,3,0
-25,51,1
-374,75,0
-300,1,0
-453,154,0
-367,68,0
-42,68,1
-39,65,1
-318,19,0
-310,11,0
-344,45,0
-306,7,0
5,21,1
2,24,1
13,13,1
-329,30,0
-340,41,0
-325,26,0
-329,30,0
-108,134,1
-450,151,0
-393,94,0
-325,26,0
-508,209,0
-42,68,1
-300,1,0
-318,19,0
-53,79,1
-5,31,1
-340,41,0
-337,38,0
-51,77,1
24,2,1
-394,95,0
-309,10,0
-300,1,0
22,4,1
8,18,1
-302,3,0
-342,43,0
-305,6,0
-334,35,0
-313,14,0
19,7,1
-503,204,0
-301,2,0
25,1,1
24,2,1
-312,13,0
-315,16,0
25,1,1
8,18,1
25,1,1
-300,1,0
-3,29,1
-315,16,0
-428,129,0
-319,20,0
-341,42,0
-305,6,0
24,2,1
24,2,1
-61,87,1
-307,8,0
17,9,1
-18,44,1
-305,6,0
-14,40,1
-301,2,0
8,18,1
-306,7,0
25,1,1
-303,4,0
-305,6,0
-300,1,0
8,18,1
-309,10,0
7,19,1
-325,26,0
-306,7,0
-132,158,1
-32,58,1
20,6,1
-39,65,1
-307,8,0
-346,47,0
-43,69,1
-344,45,0
-318,19,0
-323,24,0
-14,40,1
-55,81,1
-329,30,0
-56,82,1
-184,210,1
4,22,1
-405,106,0
23,3,1
-409,110,0
-417,118,0
5,21,1
-32,58,1
15,11,1
-309,10,0
13,13,1
-381,82,0
-300,1,0
-310,11,0
-304,5,0
-382,83,0
-315,16,0
-344,45,0
-300,1,0
-316,17,0
-353,54,0
-317,18,0
-355,56,0
-335,36,0
-307,8,0
-13,39,1
18,8,1
-304,5,0
-354,55,0
2,24,1
-42,68,1
-311,12,0
-30,56,1
-302,3,0
-325,26,0
-303,4,0
1,25,1
-6,32,1
25,1,1
22,4,1
-599,300,0
-335,36,0
-34,60,1
20,6,1
-326,27,0
-19,45,1
-348,49,0
23,3,1
21,5,1
20,6,1
-368,69,0
-304,5,0
1,25,1
-329,30,0
2,24,1
-318,19,0
-305,6,0
-26,52,1
16,10,1
-315,16,0
-344,45,0
-322,23,0
-336,37,0
-327,28,0
-355,56,0
-88,114,1
-309,10,0
-29,55,1
-104,130,1
-343,44,0
-49,75,1
-388,89,0
-341,42,0
2,24,1
-387,88,0
-13,39,1
-31,57,1
22,4,1
-6,32,1
-308,9,0
24,2,1
-475,176,0
-421,122,0
11,15,1
25,1,1
25,1,1
-101,127,1
-322,23,0
-300,1,0
-3,29,1
-144,170,1
-313,14,0
-346,47,0
-332,33,0
12,14,1
-300,1,0
-340,41,0
-7,33,1
-1,27,1
-341,42,0
23,3,1
-407,108,0
-406,107,0
-308,9,0
7,19,1
25,1,1
-344,45,0
1,25,1
-18,44,1
-368,69,0
-15,41,1
25,1,1
-14,40,1
-152,178,1
-448,149,0
23,3,1
20,6,1
-315,16,0
25,1,1
-408,109,0
-70,96,1
25,1,1
-311,12,0
25,1,1
-141,167,1
-309,10,0
-380,81,0
-383,84,0
25,1,1
-15,41,1
-314,15,0
-300,1,0
-400,101,0
-517,218,0
22,4,1
-50,76,1
-315,16,0
-301,2,0
-72,98,1
-323,24,0
-32,58,1
16,10,1
20,6,1
19,7,1
19,7,1
-316,17,0
24,2,1
-333,34,0
-311,12,0
25,1,1
-300,1,0
-617,318,0
-530,231,0
-319,20,0
23,3,1
-300,1,0
5,21,1
-305,6,0
-401,102,0
18,8,1
-359,60,0
-15,41,1
-342,43,0
-382,83,0
23,3,1
-318,19,0
23,3,1
25,1,1
-1,27,1
-362,63,0
12,14,1
-329,30,0
-316,17,0
-314,15,0
-356,57,0
20,6,1
-306,7,0
-105,131,1
-305,6,0
-308,9,0
-315,16,0
-38,64,1
-301,2,0
23,3,1
11,15,1
-330,31,0
-325,26,0
-31,57,1
-8,34,1
-331,32,0
-318,19,0
-13,39,1
-305,6,0
-72,98,1
-320,21,0
-306,7,0
-300,1,0
10,16,1
-348,49,0
-330,31,0
-20,46,1
-307,8,0
23,3,1
-300,1,0
-356,57,0
25,1,1
-369,70,0
-105,131,1
-322,23,0
21,5,1
12,14,1
-118,144,1
-303,4,0
-303,4,0
-333,34,0
25,1,1
25,1,1
-370,71,0
25,1,1
-3,29,1
-83,109,1
-305,6,0
-345,46,0
24,2,1
-70,96,1
-354,55,0
-313,14,0
-3,29,1
25,1,1
-436,137,0
-178,204,1
-322,23,0
-337,38,0
-328,29,0
-346,47,0
23,3,1
10,16,1
-377,78,0
2,24,1
-321,22,0
-360,61,0
25,1,1
-337,38,0
-350,51,0
-337,38,0
24,2,1
4,22,1
-319,20,0
-314,15,0
-318,19,0
7,19,1
10,16,1
25,1,1
-332,33,0
24,2,1
-300,1,0
-30,56,1
-315,16,0
-301,2,0
-320,21,0
11,15,1
-370,71,0
-491,192,0
-580,281,0
10,16,1
-325,26,0
-372,73,0
23,3,1
-344,45,0
-319,20,0
-362,63,0
-127,153,1
-374,75,0
-389,90,0
-417,118,0
-193,219,1
25,1,1
-304,5,0
-306,7,0
-303,4,0
21,5,1
-87,113,1
-301,2,0
-350,51,0
-300,1,0
23,3,1
-300,1,0
12,14,1
-352,53,0
-332,33,0
-22,48,1
-9,35,1
25,1,1
-362,63,0
22,4,1
25,1,1
-30,56,1
-303,4,0
-423,124,0
-310,11,0
22,4,1
25,1,1
-57,83,1
-401,102,0
-408,109,0
25,1,1
1,25,1
-326,27,0
-306,7,0
16,10,1
-305,6,0
-36,62,1
-317,18,0
25,1,1
-301,2,0
-90,116,1
-339,40,0
-144,170,1
-340,41,0
-307,8,0
8,18,1
-444,145,0
-103,129,1
-69,95,1
-94,120,1
-301,2,0
-337,38,0
-332,33,0
-423,124,0
-392,93,0
25,1,1
-385,86,0
-55,81,1
-353,54,0
-310,11,0
-311,12,0
-301,2,0
-363,64,0
-10,36,1
25,1,1
22,4,1
-300,1,0
7,19,1
10,16,1
-24,50,1
-312,13,0
-322,23,0
-393,94,0
-39,65,1
-315,16,0
-336,37,0
-378,79,0
25,1,1
-302,3,0
-322,23,0
-306,7,0
-391,92,0
-321,22,0
23,3,1
25,1,1
25,1,1
25,1,1
-323,24,0
25,1,1
-338,39,0
-357,58,0
-45,71,1
-67,93,1
-314,15,0
24,2,1
-29,55,1
25,1,1
-301,2,0
-304,5,0
18,8,1
-358,59,0
-115,141,1
-401,102,0
-415,116,0
8,18,1
-17,43,1
-24,50,1
-409,110,0
-306,7,0
20,6,1
-583,284,0
-302,3,0
-307,8,0
17,9,1
-308,9,0
9,17,1
-323,24,0
25,1,1
-308,9,0
-314,15,0
13,13,1
-335,36,0
25,1,1
-308,9,0
-351,52,0
15,11,1
-314,15,0
-559,260,0
25,1,1
-302,3,0
-330,31,0
18,8,1
-320,21,0
22,4,1
-669,370,0
-382,83,0
23,3,1
-303,4,0
-303,4,0
17,9,1
-35,61,1
-351,52,0
-75,101,1
13,13,1
-436,137,0
25,1,1
24,2,1
-20,46,1
25,1,1
-411,112,0
-355,56,0
25,1,1
-306,7,0
9,17,1
-69,95,1
25,1,1
-391,92,0
-493,194,0
-413,114,0
-367,68,0
-330,31,0
-409,110,0
-318,19,0
23,3,1
25,1,1
-338,39,0
-616,317,0
-303,4,0
-125,151,1
25,1,1
-304,5,0
-15,41,1
-402,103,0
-309,10,0
-309,10,0
-397,98,0
-128,154,1
-10,36,1
-157,183,1
-140,166,1
20,6,1
25,1,1
-68,94,1
-315,16,0
2,24,1
-21,47,1
-13,39,1
-400,101,0
-315,16,0
-4,30,1
-327,28,0
15,11,1
-390,91,0
7,19,1
-324,25,0
25,1,1
-85,111,1
-302,3,0
-312,13,0
-300,1,0
25,1,1
-366,67,0
-371,72,0
-338,39,0
-373,74,0
-440,141,0
-110,136,1
25,1,1
-12,38,1
-414,115,0
-331,32,0
-340,41,0
-324,25,0
-497,198,0
-319,20,0
-387,88,0
11,15,1
-304,5,0
22,4,1
-54,80,1
-300,1,0
-300,1,0
0,26,1
19,7,1
-362,63,0
20,6,1
-472,173,0
-315,16,0
-319,20,0
-302,3,0
-387,88,0
-310,11,0
-68,94,1
20,6,1
-47,73,1
-30,56,1
-348,49,0
-312,13,0
-300,1,0
4,22,1
-359,60,0
-48,74,1
25,1,1
-309,10,0
21,5,1
-460,161,0
-460,161,0
24,2,1
-3,29,1
-370,71,0
22,4,1
-415,116,0
-124,150,1
-303,4,0
-457,158,0
-306,7,0
-364,65,0
-305,6,0
-395,96,0
14,12,1
25,1,1
-434,135,0
-363,64,0
-343,44,0
-333,34,0
-527,228,0
-34,60,1
-48,74,1
19,7,1
-415,116,0
-146,172,1
-92,118,1
-342,43,0
-302,3,0
-313,14,0
-310,11,0
-363,64,0
-300,1,0
-113,139,1
-300,1,0
-2,28,1
-30,56,1
15,11,1
7,19,1
-343,44,0
-391,92,0
-310,11,0
-199,225,1
-12,38,1
-7,33,1
-69,95,1
17,9,1
20,6,1
-307,8,0
-129,155,1
-3,29,1
-2,28,1
17,9,1
21,5,1
-382,83,0
-362,63,0
-127,153,1
11,15,1
-314,15,0
-480,181,0
-300,1,0
-346,47,0
-302,3,0
13,13,1
-322,23,0
7,19,1
-300,1,0
-3,29,1
-1,27,1
-8,34,1
-427,128,0
6,20,1
16,10,1
-15,41,1
-48,74,1
-307,8,0
11,15,1
-310,11,0
-2,28,1
-334,35,0
-300,1,0
24,2,1
-301,2,0
20,6,1
-336,37,0
-153,179,1
-20,46,1
11,15,1
-4,30,1
24,2,1
-362,63,0
4,22,1
-35,61,1
-406,107,0
-35,61,1
-339,40,0
-314,15,0
-327,28,0
-303,4,0
-54,80,1
-381,82,0
-65,91,1
-9,35,1
-417,118,0
-68,94,1
-156,182,1
19,7,1
-380,81,0
-16,42,1
23,3,1
-332,33,0
14,12,1
-381,82,0
-310,11,0
-305,6,0
-354,55,0
-344,45,0
-351,52,0
-105,131,1
23,3,1
-594,295,0
24,2,1
-3,29,1
1,25,1
-389,90,0
11,15,1
25,1,1
-42,68,1
-15,41,1
-351,52,0
-303,4,0
25,1,1
-12,38,1
-300,1,0
-312,13,0
24,2,1
10,16,1
1,25,1
21,5,1
-394,95,0
-312,13,0
12,14,1
-467,168,0
-179,205,1
18,8,1
11,15,1
25,1,1
1,25,1
-400,101,0
-122,148,1
-345,46,0
-303,4,0
23,3,1
-28,54,1
-26,52,1
24,2,1
-166,192,1
-338,39,0
8,18,1
-134,160,1
-305,6,0
-411,112,0
-318,19,0
-358,59,0
-310,11,0
6,20,1
-370,71,0
16,10,1
20,6,1
-12,38,1
14,12,1
-8,34,1
-504,205,0
-164,190,1
22,4,1
-8,34,1
-406,107,0
24,2,1
-394,95,0
-395,96,0
-523,224,0
-354,55,0
-21,47,1
-356,57,0
-334,35,0
-332,33,0
-452,153,0
-192,218,1
-306,7,0
-365,66,0
12,14,1
-30,56,1
17,9,1
-331,32,0
3,23,1
8,18,1
-15,41,1
-142,168,1
25,1,1
13,13,1
-350,51,0
-304,5,0
-301,2,0
22,4,1
-33,59,1
17,9,1
-314,15,0
-47,73,1
-24,50,1
-304,5,0
-346,47,0
-38,64,1
-325,26,0
-364,65,0
-9,35,1
0,26,1
-306,7,0
-306,7,0
-301,2,0
-347,48,0
-519,220,0
-390,91,0
-42,68,1
-331,32,0
-53,79,1
-315,16,0
25,1,1
4,22,1
-305,6,0
-345,46,0
20,6,1
-300,1,0
12,14,1
-140,166,1
-15,41,1
-40,66,1
18,8,1
-65,91,1
-306,7,0
-317,18,0
-4,30,1
-302,3,0
10,16,1
23,3,1
-315,16,0
23,3,1
-372,73,0
25,1,1
-333,34,0
-305,6,0
23,3,1
-590,291,0
-300,1,0
-474,175,0
13,13,1
-448,149,0
25,1,1
-165,191,1
-333,34,0
-386,87,0
-348,49,0
-21,47,1
20,6,1
-13,39,1
-37,63,1
-6,32,1
-352,53,0
-300,1,0
-395,96,0
-344,45,0
-316,17,0
12,14,1
-384,85,0
-386,87,0
-68,94,1
6,20,1
-300,1,0
-97,123,1
21,5,1
-320,21,0
-303,4,0
-14,40,1
-454,155,0
-366,67,0
-32,58,1
-590,291,0
-6,32,1
-300,1,0
21,5,1
-307,8,0
17,9,1
-333,359,1
-138,164,1
-361,62,0
-70,96,1
25,1,1
-400,101,0
24,2,1
-6,32,1
-62,88,1
-362,63,0
-165,191,1
-311,12,0
-326,27,0
23,3,1
-49,75,1
-3,29,1
22,4,1
2,24,1
13,13,1
-12,38,1
-540,241,0
-318,19,0
-381,82,0
-457,158,0
-36,62,1
-26,52,1
-399,100,0
5,21,1
-18,44,1
-8,34,1
-310,11,0
-80,106,1
4,22,1
-328,29,0
-317,18,0
-39,65,1
-344,45,0
-352,53,0
18,8,1
-22,48,1
-306,7,0
22,4,1
-348,49,0
17,9,1
6,20,1
-70,96,1
-360,61,0
23,3,1
7,19,1
18,8,1
-335,36,0
-34,60,1
-526,227,0
-15,41,1
-4,30,1
-331,32,0
-31,57,1
25,1,1
-331,32,0
20,6,1
-9,35,1
-369,70,0
-545,246,0
-160,186,1
-371,72,0
23,3,1
-311,12,0
12,14,1
-328,29,0
-326,27,0
-300,1,0
25,1,1
-18,44,1
23,3,1
25,1,1
-80,106,1
-357,58,0
-18,44,1
-88,114,1
-82,108,1
-368,69,0
-320,21,0
22,4,1
-329,355,1
-318,19,0
-327,28,0
-378,79,0
24,2,1
-545,246,0
20,6,1
-324,25,0
-357,58,0
-500,201,0
-33,59,1
-9,35,1
5,21,1
-352,53,0
-415,116,0
-319,20,0
-387,88,0
10,16,1
-21,47,1
25,1,1
-435,136,0
-362,63,0
7,19,1
-29,55,1
-301,2,0
-334,35,0
-39,65,1
-375,76,0
18,8,1
25,1,1
-59,85,1
-359,60,0
-72,98,1
-326,27,0
-8,34,1
-488,189,0
-329,30,0
-327,28,0
-12,38,1
-324,25,0
-63,89,1
16,10,1
-604,305,0
-65,91,1
22,4,1
-423,124,0
-47,73,1
-398,99,0
-6,32,1
-436,137,0
-397,98,0
-372,73,0
-65,91,1
17,9,1
-310,11,0
-327,28,0
-34,60,1
-7,33,1
25,1,1
-302,3,0
-352,53,0
13,13,1
2,24,1
-311,12,0
-318,19,0
25,1,1
-346,47,0
-104,130,1
-338,39,0
-300,1,0
25,1,1
25,1,1
-16,42,1
-398,99,0
-400,101,0
15,11,1
-3,29,1
2,24,1
-46,72,1
23,3,1
24,2,1
-54,80,1
-374,75,0
16,10,1
-18,44,1
22,4,1
-346,47,0
-318,19,0
-329,30,0
-336,37,0
6,20,1
25,1,1
-372,73,0
-372,73,0
-45,71,1
-305,6,0
22,4,1
-352,53,0
-313,14,0
8,18,1
2,24,1
-306,7,0
24,2,1
5,21,1
18,8,1
-338,39,0
-51,77,1
-309,10,0
-300,1,0
-300,1,0
-14,40,1
-315,16,0
-307,8,0
-314,15,0
-305,6,0
21,5,1
-593,294,0
-319,20,0
21,5,1
-37,63,1
24,2,1
15,11,1
-308,9,0
-356,57,0
-22,48,1
-330,31,0
25,1,1
-302,3,0
-28,54,1
22,4,1
-319,20,0
14,12,1
-53,79,1
-75,101,1
23,3,1
-315,16,0
16,10,1
-156,182,1
-402,103,0
-303,4,0
-310,11,0
0,26,1
19,7,1
-17,43,1
-45,71,1
-300,1,0
-65,91,1
24,2,1
-5,31,1
-409,110,0
-495,196,0
-66,92,1
-309,10,0
22,4,1
-143,169,1
-329,30,0
-328,29,0
-367,68,0
12,14,1
4,22,1
-441,142,0
25,1,1
-39,65,1
-311,12,0
-338,39,0
22,4,1
-347,48,0
-2,28,1
-363,64,0
24,2,1
-328,29,0
-307,8,0
-24,50,1
-335,36,0
-362,63,0
3,23,1
-304,5,0
-440,141,0
-334,35,0
-315,16,0
-353,54,0
-303,4,0
-375,76,0
21,5,1
-137,163,1
-339,40,0
-17,43,1
20,6,1
-80,106,1
17,9,1
17,9,1
11,15,1
-10,36,1
-300,1,0
-49,75,1
-329,30,0
-300,1,0
-15,41,1
-5,31,1
-8,34,1
-367,68,0
-46,72,1
-314,15,0
-101,127,1
-456,157,0
-530,231,0
-516,217,0
24,2,1
-455,156,0
17,9,1
23,3,1
-350,51,0
-369,70,0
25,1,1
-543,244,0
-336,37,0
-300,1,0
23,3,1
25,1,1
25,1,1
5,21,1
-332,33,0
-77,103,1
-300,1,0
-518,219,0
23,3,1
-386,87,0
-12,38,1
-85,111,1
-319,20,0
9,17,1
11,15,1
-303,4,0
-401,102,0
25,1,1
-450,151,0
12,14,1
-361,62,0
-489,190,0
-320,21,0
24,2,1
14,12,1
25,1,1
-393,94,0
-484,185,0
-581,282,0
6,20,1
-5,31,1
-423,124,0
19,7,1
-305,6,0
-329,30,0
17,9,1
-63,89,1
-4,30,1
11,15,1
-339,40,0
25,1,1
-74,100,1
-321,22,0
14,12,1
-371,72,0
-337,38,0
-304,5,0
-406,107,0
-323,24,0
-172,198,1
-344,45,0
-451,152,0
23,3,1
-336,37,0
-327,28,0
-375,76,0
-4,30,1
4,22,1
-370,71,0
-457,158,0
-303,4,0
19,7,1
-16,42,1
-4,30,1
-386,87,0
-326,27,0
22,4,1
-325,26,0
22,4,1
19,7,1
-14,40,1
-313,14,0
-100,126,1
-306,7,0
-358,59,0
19,7,1
16,10,1
-318,19,0
-332,33,0
-114,140,1
-207,233,1
15,11,1
-335,36,0
24,2,1
-63,89,1
2,24,1
14,12,1
21,5,1
-39,65,1
-304,5,0
-572,273,0
20,6,1
-379,80,0
-327,28,0
-302,3,0
24,2,1
23,3,1
-178,204,1
-75,101,1
-347,48,0
-300,1,0
25,1,1
14,12,1
-69,95,1
23,3,1
-49,75,1
-1,27,1
17,9,1
-440,141,0
-311,12,0
-340,41,0
15,11,1
-339,40,0
-31,57,1
-312,13,0
10,16,1
9,17,1
-432,133,0
-318,19,0
24,2,1
25,1,1
-145,171,1
-311,12,0
-320,21,0
-309,10,0
17,9,1
-306,7,0
-328,29,0
-364,65,0
-101,127,1
-399,100,0
-25,51,1
-437,138,0
-315,16,0
-19,45,1
-43,69,1
23,3,1
-387,88,0
-303,4,0
21,5,1
-338,39,0
-127,153,1
-311,12,0
-741,442,0
-311,12,0
-316,17,0
-307,8,0
-10,36,1
-340,41,0
-323,24,0
-385,86,0
-48,74,1
-333,34,0
17,9,1
19,7,1
-43,69,1
18,8,1
-319,20,0
-317,18,0
17,9,1
-398,99,0
-341,42,0
-1,27,1
-28,54,1
-366,67,0
-319,20,0
25,1,1
25,1,1
24,2,1
12,14,1
1,25,1
25,1,1
-6,32,1
-317,18,0
4,22,1
24,2,1
-68,94,1
-1,27,1
-413,114,0
-11,37,1
-22,48,1
3,23,1
24,2,1
-327,28,0
-470,171,0
-10,36,1
-26,52,1
-396,97,0
-431,132,0
25,1,1
-209,235,1
23,3,1
8,18,1
25,1,1
-315,16,0
-302,3,0
18,8,1
22,4,1
-301,2,0
-342,43,0
-321,22,0
-315,16,0
-10,36,1
-383,84,0
-357,58,0
-312,13,0
-326,27,0
-425,126,0
-333,34,0
15,11,1
-329,30,0
-17,43,1
-537,238,0
-318,19,0
-448,149,0
-352,53,0
-301,2,0
-310,11,0
-305,6,0
-300,1,0
-37,63,1
-322,23,0
-344,45,0
-354,55,0
24,2,1
6,20,1
-326,27,0
19,7,1
24,2,1
22,4,1
-309,10,0
-538,239,0
-42,68,1
-388,89,0
-382,83,0
-345,46,0
19,7,1
-306,7,0
-315,16,0
-23,49,1
-376,77,0
-486,187,0
22,4,1
21,5,1
-307,8,0
-306,7,0
-350,51,0
11,15,1
-311,12,0
-301,2,0
-42,68,1
6,20,1
-354,55,0
-349,50,0
18,8,1
25,1,1
-17,43,1
14,12,1
-506,207,0
-329,30,0
-54,80,1
-399,100,0
19,7,1
23,3,1
-359,60,0
-386,87,0
-11,37,1
-12,38,1
-44,70,1
-82,108,1
-68,94,1
-311,12,0
-49,75,1
-50,76,1
-304,5,0
-347,48,0
-307,8,0
-147,173,1
6,20,1
12,14,1
-305,6,0
-327,28,0
-370,71,0
-82,108,1
-302,3,0
-388,89,0
17,9,1
12,14,1
-337,38,0
-424,125,0
-231,257,1
0,26,1
-524,225,0
-407,108,0
-330,31,0
-354,55,0
21,5,1
-312,13,0
10,16,1
-313,14,0
22,4,1
-352,53,0
-18,44,1
22,4,1
21,5,1
-347,48,0
21,5,1
-339,40,0
18,8,1
-437,138,0
-349,50,0
-311,12,0
18,8,1
23,3,1
23,3,1
-93,119,1
-338,39,0
-313,14,0
-29,55,1
15,11,1
-365,66,0
-348,49,0
-319,20,0
-342,43,0
-9,35,1
-315,16,0
-48,74,1
-352,53,0
-386,87,0
-343,44,0
-301,2,0
-303,4,0
-307,8,0
-331,32,0
-355,56,0
-365,66,0
-401,102,0
-330,31,0
9,17,1
-374,75,0
-301,2,0
-303,4,0
-329,30,0
19,7,1
-317,18,0
-357,58,0
-317,18,0
2,24,1
-334,35,0
-367,68,0
-366,67,0
-326,27,0
-348,49,0
-482,183,0
22,4,1
-301,2,0
-352,53,0
-17,43,1
-62,88,1
-421,122,0
-366,67,0
-385,86,0
21,5,1
-10,36,1
-90,116,1
25,1,1
-364,65,0
-374,75,0
17,9,1
-54,80,1
25,1,1
-210,236,1
-305,6,0
-4,30,1
24,2,1
-349,50,0
11,15,1
-121,147,1
-383,84,0
-375,76,0
13,13,1
-321,22,0
-371,72,0
-48,74,1
-346,47,0
18,8,1
-408,109,0
-91,117,1
-328,29,0
-351,52,0
-366,67,0
-339,40,0
-48,74,1
-324,25,0
-301,2,0
-182,208,1
-64,90,1
22,4,1
-57,83,1
25,1,1
-68,94,1
-584,285,0
-305,6,0
-39,65,1
-334,35,0
-11,37,1
-340,41,0
-42,68,1
-155,181,1
-528,229,0
-139,165,1
24,2,1
10,16,1
14,12,1
-301,2,0
-342,43,0
20,6,1
13,13,1
-337,38,0
-309,10,0
11,15,1
19,7,1
-318,19,0
-509,210,0
-11,37,1
-301,2,0
5,21,1
-70,96,1
-300,1,0
-366,67,0
14,12,1
-304,5,0
-15,41,1
-360,61,0
-6,32,1
-82,108,1
21,5,1
-4,30,1
-310,11,0
25,1,1
-338,39,0
-30,56,1
25,1,1
-364,65,0
-339,40,0
-36,62,1
17,9,1
-81,107,1
-1,27,1
-329,30,0
-413,114,0
22,4,1
-310,11,0
3,23,1
3,23,1
-460,161,0
23,3,1
-459,160,0
-24,50,1
-64,90,1
-311,12,0
-117,143,1
-612,313,0
-505,206,0
22,4,1
-300,1,0
25,1,1
-80,106,1
-389,90,0
-339,40,0
-346,47,0
-31,57,1
-318,19,0
-302,3,0
16,10,1
-400,101,0
-305,6,0
-390,91,0
-357,58,0
-351,52,0
-7,33,1
-335,36,0
-305,6,0
22,4,1
-387,88,0
-91,117,1
10,16,1
25,1,1
-316,17,0
-320,21,0
-359,60,0
-324,25,0
-319,20,0
-300,1,0
-30,56,1
25,1,1
24,2,1
-315,16,0
15,11,1
23,3,1
-328,29,0
15,11,1
-358,59,0
-19,45,1
0,26,1
-7,33,1
-405,106,0
-302,3,0
-313,14,0
21,5,1
-423,124,0
-324,25,0
-338,39,0
-59,85,1
-330,31,0
22,4,1
14,12,1
-358,59,0
-332,33,0
-396,97,0
-39,65,1
-526,227,0
20,6,1
-309,10,0
5,21,1
-301,2,0
20,6,1
7,19,1
-303,4,0
-315,16,0
16,10,1
25,1,1
-332,33,0
-303,4,0
-360,61,0
-341,42,0
-315,16,0
-361,62,0
-316,17,0
-318,19,0
-419,120,0
23,3,1
-302,3,0
-302,3,0
-510,211,0
-300,1,0
-302,3,0
-389,90,0
-353,54,0
-328,29,0
-7,33,1
16,10,1
-304,5,0
-5,31,1
25,1,1
-335,36,0
-380,81,0
21,5,1
-485,186,0
-328,29,0
-307,8,0
-619,320,0
-383,84,0
-1,27,1
-356,57,0
-305,6,0
-22,48,1
23,3,1
-455,156,0
21,5,1
-334,35,0
-19,45,1
-15,41,1
-496,197,0
-336,37,0
16,10,1
-344,45,0
-12,38,1
25,1,1
13,13,1
-320,21,0
-362,63,0
-4,30,1
17,9,1
-304,5,0
-42,68,1
22,4,1
-361,62,0
-27,53,1
-413,114,0
-383,84,0
-379,80,0
-318,19,0
-37,63,1
-54,80,1
-11,37,1
-303,4,0
-300,1,0
-401,102,0
0,26,1
-478,179,0
-442,143,0
-302,3,0
-19,45,1
-374,75,0
-348,49,0
-311,12,0
-375,76,0
24,2,1
-327,28,0
-353,54,0
-7,33,1
21,5,1
-327,28,0
24,2,1
-22,48,1
-319,20,0
-303,4,0
-69,95,1
-303,4,0
-323,24,0
-356,57,0
-56,82,1
-101,127,1
11,15,1
-325,26,0
-316,17,0
24,2,1
-398,99,0
-381,82,0
5,21,1
-394,95,0
6,20,1
-320,21,0
-320,21,0
-12,38,1
-13,39,1
12,14,1
22,4,1
-326,27,0
-9,35,1
-27,53,1
-9,35,1
22,4,1
-407,108,0
-140,166,1
-86,112,1
25,1,1
-314,15,0
-109,135,1
10,16,1
-309,10,0
-43,69,1
-316,17,0
-350,51,0
-328,29,0
-5,31,1
-312,13,0
14,12,1
25,1,1
-314,15,0
-381,82,0
5,21,1
-303,4,0
14,12,1
-393,94,0
-89,115,1
-301,2,0
-332,33,0
-39,65,1
-303,4,0
25,1,1
-382,83,0
19,7,1
25,1,1
-46,72,1
1,25,1
19,7,1
-301,2,0
10,16,1
20,6,1
19,7,1
23,3,1
-347,48,0
20,6,1
-394,95,0
10,16,1
-58,84,1
-404,105,0
-19,45,1
25,1,1
-305,6,0
-323,24,0
22,4,1
15,11,1
-304,5,0
21,5,1
-11,37,1
25,1,1
-302,3,0
-303,4,0
0,26,1
-310,11,0
-302,3,0
11,15,1
-324,25,0
-335,36,0
-356,57,0
-555,256,0
23,3,1
24,2,1
-408,109,0
-121,147,1
-478,179,0
-524,225,0
-148,174,1
-314,15,0
-516,217,0
24,2,1
24,2,1
-188,214,1
-343,44,0
20,6,1
-326,27,0
-46,72,1
17,9,1
-168,194,1
-310,11,0
-79,105,1
-36,62,1
25,1,1
-315,16,0
-325,26,0
20,6,1
-8,34,1
-352,53,0
-314,15,0
-34,60,1
17,9,1
-380,81,0
-79,105,1
-3,29,1
-303,4,0
-68,94,1
24,2,1
25,1,1
4,22,1
-45,71,1
-36,62,1
-5,31,1
-361,62,0
-301,2,0
-330,31,0
-305,6,0
15,11,1
-241,267,1
-323,24,0
25,1,1
-12,38,1
-301,2,0
21,5,1
-313,14,0
-314,15,0
0,26,1
-300,1,0
-328,29,0
-2,28,1
-317,18,0
-347,48,0
14,12,1
-323,24,0
17,9,1
-338,39,0
-328,29,0
-388,89,0
-312,13,0
-310,11,0
-382,83,0
24,2,1
-67,93,1
-477,178,0
-4,30,1
25,1,1
-31,57,1
-143,169,1
-417,118,0
6,20,1
8,18,1
-396,97,0
-303,4,0
-405,106,0
-19,45,1
19,7,1
-11,37,1
-341,42,0
-4,30,1
-20,46,1
-300,1,0
-40,66,1
-359,60,0
-1,27,1
-457,158,0
-130,156,1
16,10,1
-27,53,1
-13,39,1
-64,90,1
-362,63,0
-30,56,1
-34,60,1
-319,20,0
22,4,1
-340,41,0
0,26,1
-84,110,1
21,5,1
-316,17,0
-768,469,0
-151,177,1
13,13,1
-377,78,0
-304,5,0
-315,16,0
19,7,1
-317,18,0
-13,39,1
25,1,1
-356,57,0
-403,104,0
-333,34,0
-72,98,1
-307,8,0
13,13,1
-22,48,1
-22,48,1
-319,20,0
-11,37,1
-29,55,1
-389,90,0
15,11,1
-406,107,0
-301,2,0
-395,96,0
-517,218,0
-350,51,0
-82,108,1
-47,73,1
-325,26,0
-385,86,0
-305,6,0
-124,150,1
-300,1,0
-115,141,1
-383,84,0
25,1,1
-26,52,1
-306,7,0
-20,46,1
-314,15,0
-442,143,0
-339,40,0
-3,29,1
-178,204,1
-327,28,0
12,14,1
-396,97,0
-374,75,0
25,1,1
10,16,1
-328,29,0
-388,89,0
20,6,1
12,14,1
21,5,1
-303,4,0
-28,54,1
22,4,1
-2,28,1
-328,29,0
13,13,1
1,25,1
-340,41,0
25,1,1
-341,42,0
-305,6,0
20,6,1
25,1,1
-337,38,0
17,9,1
23,3,1
-75,101,1
13,13,1
-85,111,1
-440,141,0
25,1,1
-301,2,0
14,12,1
-360,61,0
24,2,1
-114,140,1
-300,1,0
18,8,1
-104,130,1
-455,156,0
-126,152,1
21,5,1
-152,178,1
-497,198,0
-357,58,0
-348,49,0
-23,49,1
4,22,1
-334,35,0
25,1,1
22,4,1
19,7,1
-340,41,0
-4,30,1
-361,62,0
-16,42,1
-377,78,0
-303,4,0
-335,36,0
-323,24,0
-305,6,0
-314,15,0
-80,106,1
-382,83,0
-365,66,0
24,2,1
12,14,1
7,19,1
-206,232,1
-306,7,0
24,2,1
-516,217,0
18,8,1
21,5,1
-11,37,1
-151,177,1
-340,41,0
-332,33,0
-15,41,1
-540,241,0
11,15,1
20,6,1
-397,98,0
-327,28,0
-417,118,0
-324,25,0
-306,7,0
-21,47,1
-14,40,1
-309,10,0
-15,41,1
-448,149,0
-479,180,0
24,2,1
19,7,1
-1,27,1
-343,44,0
-304,5,0
23,3,1
19,7,1
-57,83,1
-12,38,1
-3,29,1
-300,1,0
8,18,1
19,7,1
-405,106,0
9,17,1
-46,72,1
-22,48,1
-341,42,0
-358,59,0
24,2,1
-58,84,1
-317,18,0
15,11,1
-89,115,1
-149,175,1
-10,36,1
25,1,1
-302,3,0
14,12,1
21,5,1
-315,16,0
-422,123,0
-301,2,0
-311,12,0
-97,123,1
-338,39,0
-25,51,1
22,4,1
-437,138,0
-40,66,1
-10,36,1
5,21,1
-8,34,1
20,6,1
-209,235,1
8,18,1
-447,148,0
-38,64,1
-313,14,0
-70,96,1
-360,61,0
23,3,1
25,1,1
14,12,1
-531,232,0
-300,1,0
-311,12,0
16,10,1
-355,56,0
-311,12,0
15,11,1
24,2,1
-304,5,0
-333,359,1
-361,62,0
-79,105,1
-11,37,1
-6,32,1
21,5,1
-319,20,0
-242,268,1
2,24,1
5,21,1
24,2,1
-313,14,0
-323,24,0
20,6,1
-350,51,0
-14,40,1
-318,19,0
-344,45,0
24,2,1
21,5,1
-672,373,0
-331,32,0
-363,64,0
-8,34,1
20,6,1
2,24,1
-396,97,0
15,11,1
25,1,1
-16,42,1
-305,6,0
-24,50,1
-368,69,0
-37,63,1
23,3,1
-150,176,1
24,2,1
-393,94,0
-306,7,0
-34,60,1
-73,99,1
20,6,1
24,2,1
-3,29,1
-354,55,0
15,11,1
9,17,1
-479,180,0
-358,59,0
-433,134,0
-508,209,0
-315,16,0
17,9,1
-310,11,0
-316,17,0
-343,44,0
14,12,1
-336,37,0
-314,15,0
25,1,1
-377,78,0
10,16,1
25,1,1
22,4,1
-5,31,1
-371,72,0
25,1,1
-388,89,0
-142,168,1
23,3,1
22,4,1
-370,71,0
24,2,1
-300,1,0
25,1,1
-457,158,0
-453,154,0
5,21,1
-358,59,0
-96,122,1
12,14,1
25,1,1
-334,35,0
-314,15,0
-301,2,0
14,12,1
-309,10,0
17,9,1
-91,117,1
-268,294,1
-352,53,0
8,18,1
24,2,1
25,1,1
25,1,1
-59,85,1
6,20,1
-416,117,0
-32,58,1
1,25,1
22,4,1
-391,92,0
-15,41,1
0,26,1
21,5,1
24,2,1
25,1,1
-153,179,1
-345,46,0
-300,1,0
-301,2,0
10,16,1
23,3,1
-78,104,1
-374,75,0
24,2,1
9,17,1
-315,16,0
-330,31,0
0,26,1
-380,81,0
-123,149,1
8,18,1
-331,32,0
24,2,1
-7,33,1
-300,1,0
-121,147,1
-302,3,0
-322,23,0
-423,124,0
-381,82,0
-310,11,0
-332,33,0
-307,8,0
13,13,1
-306,7,0
16,10,1
4,22,1
22,4,1
23,3,1
-312,13,0
-36,62,1
-302,3,0
22,4,1
-307,8,0
-354,55,0
21,5,1
24,2,1
-342,43,0
-32,58,1
-377,78,0
-366,67,0
-533,234,0
-51,77,1
-397,98,0
-307,8,0
-44,70,1
-304,5,0
25,1,1
-370,71,0
-303,4,0
-305,6,0
-309,10,0
12,14,1
-320,21,0
-117,143,1
12,14,1
24,2,1
-388,89,0
17,9,1
-304,5,0
-314,15,0
24,2,1
18,8,1
-31,57,1
-100,126,1
7,19,1
-318,19,0
25,1,1
-430,131,0
-353,54,0
-501,202,0
-334,35,0
2,24,1
25,1,1
23,3,1
23,3,1
23,3,1
-378,79,0
-42,68,1
-303,4,0
-53,79,1
22,4,1
-369,70,0
-356,57,0
-16,42,1
-17,43,1
23,3,1
-300,1,0
-313,14,0
21,5,1
11,15,1
-333,34,0
-456,157,0
17,9,1
-44,70,1
-115,141,1
-57,83,1
-384,85,0
-382,83,0
-424,125,0
-315,16,0
10,16,1
-318,19,0
-376,77,0
25,1,1
-39,65,1
-303,4,0
-540,241,0
-9,35,1
-357,58,0
-174,200,1
-318,19,0
-316,17,0
-382,83,0
19,7,1
24,2,1
-12,38,1
-346,47,0
-6,32,1
-440,141,0
-301,2,0
25,1,1
12,14,1
-329,30,0
-321,22,0
24,2,1
9,17,1
-319,20,0
-57,83,1
-83,109,1
-24,50,1
-618,319,0
-333,34,0
-470,171,0
-366,67,0
25,1,1
-150,176,1
-307,8,0
-517,218,0
-393,94,0
-302,3,0
9,17,1
-369,70,0
-373,74,0
-26,52,1
-495,196,0
-103,129,1
-15,41,1
-303,4,0
-351,52,0
-46,72,1
-338,39,0
-448,149,0
23,3,1
-10,36,1
-301,2,0
25,1,1
-322,23,0
-314,15,0
-302,3,0
-44,70,1
21,5,1
14,12,1
24,2,1
-373,74,0
21,5,1
21,5,1
-132,158,1
-306,7,0
-306,7,0
-55,81,1
-30,56,1
-361,62,0
-333,34,0
22,4,1
-105,131,1
-302,3,0
20,6,1
-415,116,0
25,1,1
-244,270,1
-591,292,0
25,1,1
-342,43,0
-326,27,0
-40,66,1
-354,55,0
-20,46,1
-307,8,0
-332,33,0
-397,98,0
-11,37,1
-331,32,0
-314,15,0
-44,70,1
-301,2,0
23,3,1
10,16,1
-309,10,0
20,6,1
16,10,1
-449,150,0
-317,18,0
-365,66,0
-337,38,0
-328,29,0
6,20,1
13,13,1
-307,8,0
-309,10,0
23,3,1
-311,12,0
-33,59,1
-21,47,1
-320,21,0
24,2,1
-72,98,1
-315,16,0
-304,5,0
-459,160,0
-300,1,0
-85,111,1
-328,29,0
17,9,1
-16,42,1
-340,41,0
-317,18,0
-334,35,0
-406,107,0
-336,37,0
-367,68,0
-47,73,1
-379,80,0
-139,165,1
-356,57,0
18,8,1
-460,161,0
-353,54,0
-27,53,1
15,11,1
-316,17,0
25,1,1
-332,33,0
-53,79,1
19,7,1
5,21,1
25,1,1
-338,39,0
-312,13,0
-2,28,1
-303,4,0
24,2,1
-331,32,0
-150,176,1
25,1,1
23,3,1
2,24,1
-449,150,0
24,2,1
8,18,1
-315,16,0
22,4,1
-5,31,1
-302,3,0
24,2,1
25,1,1
-357,58,0
-381,82,0
-330,31,0
-48,74,1
-395,96,0
-326,27,0
12,14,1
25,1,1
-342,43,0
-323,24,0
-356,57,0
-7,33,1
-411,112,0
-339,40,0
-379,80,0
-3,29,1
-312,13,0
-12,38,1
-3,29,1
14,12,1
-383,84,0
-304,5,0
-390,91,0
-304,5,0
-313,14,0
-356,57,0
-334,35,0
-318,19,0
-383,84,0
23,3,1
-86,112,1
7,19,1
17,9,1
-328,29,0
-327,28,0
25,1,1
-23,49,1
-318,19,0
-300,1,0
-9,35,1
-305,6,0
2,24,1
-52,78,1
-314,15,0
24,2,1
25,1,1
-353,54,0
-354,55,0
13,13,1
23,3,1
22,4,1
-12,38,1
-451,152,0
5,21,1
-10,36,1
-341,42,0
-1,27,1
-14,40,1
24,2,1
-369,70,0
-318,19,0
16,10,1
-1,27,1
25,1,1
20,6,1
-238,264,1
-324,25,0
-324,25,0
-158,184,1
25,1,1
-373,74,0
24,2,1
-416,117,0
-442,143,0
-14,40,1
-353,54,0
24,2,1
25,1,1
14,12,1
-405,106,0
-325,26,0
2,24,1
-9,35,1
-406,107,0
23,3,1
-380,81,0
20,6,1
-492,193,0
-158,184,1
22,4,1
-51,77,1
-48,74,1
1,25,1
-300,1,0
-314,15,0
6,20,1
8,18,1
-12,38,1
19,7,1
-305,6,0
-301,2,0
7,19,1
24,2,1
-57,83,1
-147,173,1
5,21,1
-334,35,0
23,3,1
-10,36,1
-465,166,0
-183,209,1
18,8,1
23,3,1
-316,17,0
-313,14,0
-51,77,1
-334,35,0
-315,16,0
-22,48,1
-417,118,0
-465,166,0
11,15,1
-29,55,1
-322,23,0
-17,43,1
1,25,1
25,1,1
-54,80,1
-40,66,1
-400,101,0
-311,12,0
-379,80,0
23,3,1
-32,58,1
-39,65,1
-47,73,1
5,21,1
25,1,1
19,7,1
22,4,1
-337,38,0
-341,42,0
-3,29,1
25,1,1
22,4,1
25,1,1
-27,53,1
-83,109,1
-321,22,0
21,5,1
-382,83,0
-4,30,1
-305,6,0
-341,42,0
-129,155,1
-314,15,0
-301,2,0
15,11,1
-358,59,0
-300,1,0
-330,31,0
-4,30,1
-68,94,1
25,1,1
-78,104,1
-10,36,1
-202,228,1
-313,14,0
-28,54,1
-333,34,0
20,6,1
-360,61,0
-447,148,0
-368,69,0
-71,97,1
-309,10,0
-300,1,0
-304,5,0
3,23,1
-6,32,1
25,1,1
-26,52,1
-347,48,0
-326,27,0
13,13,1
-77,103,1
-302,3,0
-13,39,1
-323,24,0
4,22,1
-356,57,0
-20,46,1
-355,56,0
-113,139,1
25,1,1
-362,63,0
-92,118,1
-86,112,1
24,2,1
23,3,1
21,5,1
-63,89,1
-307,8,0
20,6,1
25,1,1
-306,7,0
11,15,1
-317,18,0
25,1,1
-75,101,1
-11,37,1
-308,9,0
-317,18,0
-332,33,0
-515,216,0
24,2,1
-308,334,1
-105,131,1
-335,36,0
-354,55,0
-491,192,0
-451,152,0
18,8,1
-317,18,0
-487,188,0
-46,72,1
23,3,1
5,21,1
-360,61,0
-314,15,0
25,1,1
-29,55,1
25,1,1
-336,37,0
22,4,1
13,13,1
-170,196,1
25,1,1
-17,43,1
-313,14,0
-304,5,0
11,15,1
-302,3,0
-16,42,1
-340,41,0
-300,1,0
-311,12,0
15,11,1
25,1,1
-324,25,0
-300,1,0
-425,126,0
22,4,1
-303,4,0
-316,17,0
-313,14,0
-376,77,0
-337,38,0
-301,2,0
24,2,1
-324,25,0
-334,35,0
-49,75,1
-4,30,1
2,24,1
19,7,1
-15,41,1
19,7,1
-332,33,0
12,14,1
-300,1,0
-41,67,1
8,18,1
-436,137,0
-303,4,0
-313,14,0
-490,191,0
8,18,1
-302,3,0
25,1,1
-53,79,1
-487,188,0
-553,254,0
-306,7,0
21,5,1
21,5,1
-308,9,0
-304,5,0
-300,1,0
-497,198,0
-400,101,0
1,25,1
-7,33,1
-20,46,1
23,3,1
-39,65,1
20,6,1
-305,6,0
-383,84,0
-86,112,1
-129,155,1
13,13,1
-319,20,0
-328,29,0
-348,49,0
-372,73,0
-4,30,1
-447,148,0
-314,15,0
20,6,1
-301,2,0
-425,126,0
-360,61,0
-309,10,0
-315,16,0
-13,39,1
22,4,1
-305,6,0
-363,64,0
9,17,1
-166,192,1
18,8,1
-410,111,0
-68,94,1
-44,70,1
-367,68,0
-12,38,1
-305,6,0
23,3,1
18,8,1
20,6,1
-357,58,0
-352,53,0
-352,53,0
25,1,1
-7,33,1
20,6,1
25,1,1
-301,2,0
-308,9,0
-8,34,1
1,25,1
-119,145,1
-300,1,0
14,12,1
-80,106,1
-67,93,1
25,1,1
-300,1,0
-303,4,0
19,7,1
-320,21,0
-75,101,1
-362,63,0
24,2,1
-19,45,1
-343,44,0
-325,26,0
-323,24,0
-301,2,0
-308,9,0
-461,162,0
-22,48,1
-360,61,0
-342,43,0
12,14,1
-113,139,1
25,1,1
-386,87,0
-365,66,0
-321,22,0
-124,150,1
22,4,1
-306,7,0
-346,47,0
24,2,1
16,10,1
20,6,1
-300,1,0
-459,160,0
-311,12,0
-459,160,0
-367,68,0
-31,57,1
-334,35,0
-2,28,1
-315,16,0
-9,35,1
-51,77,1
-201,227,1
20,6,1
-20,46,1
-76,102,1
-301,2,0
-505,206,0
17,9,1
13,13,1
-460,161,0
-14,40,1
-373,74,0
23,3,1
24,2,1
-338,39,0
-37,63,1
-46,72,1
-331,32,0
-17,43,1
14,12,1
-331,32,0
-525,226,0
-11,37,1
-325,26,0
4,22,1
25,1,1
-11,37,1
11,15,1
21,5,1
-318,19,0
25,1,1
-36,62,1
-353,54,0
-385,86,0
25,1,1
-21,47,1
-333,34,0
-311,12,0
-4,30,1
-321,22,0
-535,236,0
-503,204,0
4,22,1
-53,79,1
24,2,1
25,1,1
-447,148,0
-379,80,0
-53,79,1
-357,58,0
-337,38,0
13,13,1
24,2,1
-100,126,1
-444,145,0
-257,283,1
-304,5,0
-28,54,1
-94,120,1
-17,43,1
-46,72,1
24,2,1
-49,75,1
-303,4,0
-339,40,0
-321,22,0
-345,46,0
-8,34,1
-40,66,1
-471,172,0
-306,7,0
-5,31,1
22,4,1
-27,53,1
-309,10,0
-315,16,0
-38,64,1
4,22,1
-122,148,1
9,17,1
-28,54,1
23,3,1
-12,38,1
-343,44,0
18,8,1
13,13,1
-79,105,1
-6,32,1
-360,61,0
-347,48,0
-468,169,0
-45,71,1
-448,149,0
-310,11,0
-398,99,0
-8,34,1
-303,4,0
-359,60,0
-304,5,0
-476,177,0
-394,95,0
-300,1,0
25,1,1
-412,113,0
-302,3,0
25,1,1
25,1,1
-369,70,0
25,1,1
-106,132,1
21,5,1
-161,187,1
-619,320,0
-76,102,1
24,2,1
-427,128,0
-478,179,0
-361,62,0
24,2,1
15,11,1
11,15,1
22,4,1
-329,30,0
25,1,1
-327,28,0
24,2,1
-175,201,1
-329,30,0
-315,16,0
-65,91,1
-316,17,0
-300,1,0
22,4,1
-389,90,0
-12,38,1
-302,3,0
-378,79,0
-6,32,1
14,12,1
-64,90,1
-74,100,1
-324,25,0
24,2,1
-352,53,0
-300,1,0
-302,3,0
0,26,1
-325,26,0
21,5,1
-337,38,0
-308,9,0
-13,39,1
19,7,1
-302,3,0
-44,70,1
-322,23,0
-514,215,0
25,1,1
-49,75,1
-381,82,0
-437,138,0
-314,15,0
-309,10,0
-306,7,0
-303,4,0
-60,86,1
-416,117,0
-327,28,0
-451,152,0
-303,4,0
-314,15,0
21,5,1
-316,17,0
-82,108,1
-300,1,0
-10,36,1
11,15,1
-367,68,0
-300,1,0
-92,118,1
11,15,1
14,12,1
14,12,1
-411,112,0
-1,27,1
-85,111,1
22,4,1
22,4,1
-331,32,0
-6,32,1
-56,82,1
-301,2,0
11,15,1
22,4,1
-397,98,0
-301,2,0
-364,65,0
25,1,1
-17,43,1
15,11,1
-376,77,0
-301,2,0
-350,51,0
-11,37,1
-301,2,0
11,15,1
-75,101,1
17,9,1
-361,62,0
7,19,1
-377,78,0
16,10,1
-160,186,1
-322,23,0
25,1,1
-40,66,1
-10,36,1
-27,53,1
-305,6,0
-420,121,0
-32,58,1
-68,94,1
20,6,1
-362,63,0
22,4,1
-321,22,0
-9,35,1
4,22,1
-301,2,0
23,3,1
-300,1,0
-388,89,0
-142,168,1
-408,109,0
-316,17,0
-438,139,0
-328,29,0
25,1,1
25,1,1
-348,49,0
-49,75,1
-65,91,1
11,15,1
-362,63,0
-329,30,0
25,1,1
-328,29,0
-1,27,1
22,4,1
-46,72,1
21,5,1
-340,41,0
7,19,1
-320,21,0
-126,152,1
8,18,1
-341,42,0
-372,73,0
-5,31,1
-344,45,0
-357,58,0
23,3,1
-366,67,0
25,1,1
-464,165,0
15,11,1
-374,75,0
25,1,1
25,1,1
-583,284,0
22,4,1
-10,36,1
13,13,1
-65,91,1
-305,6,0
-435,136,0
-350,51,0
-32,58,1
-304,5,0
-306,7,0
-317,18,0
-13,39,1
-380,81,0
25,1,1
-6,32,1
21,5,1
-6,32,1
-65,91,1
-397,98,0
-333,34,0
-307,8,0
-362,63,0
3,23,1
-303,4,0
-26,52,1
-107,133,1
-368,69,0
-119,145,1
-39,65,1
-30,56,1
-343,44,0
-174,200,1
5,21,1
19,7,1
-45,71,1
-330,31,0
24,2,1
-26,52,1
-300,1,0
20,6,1
-459,160,0
-315,16,0
23,3,1
22,4,1
-302,3,0
-403,104,0
-335,36,0
-330,31,0
-57,83,1
-320,21,0
-304,5,0
-389,90,0
-303,4,0
-50,76,1
-422,123,0
-317,18,0
-4,30,1
-11,37,1
-317,18,0
21,5,1
-2,28,1
-320,21,0
12,14,1
-354,55,0
-314,15,0
-382,83,0
-312,13,0
22,4,1
-336,37,0
-405,106,0
24,2,1
-319,20,0
6,20,1
24,2,1
-301,2,0
-22,48,1
-104,130,1
-323,24,0
-300,1,0
-323,24,0
-475,176,0
-47,73,1
5,21,1
-398,99,0
-321,22,0
-396,97,0
-613,314,0
-453,154,0
21,5,1
-3,29,1
25,1,1
-320,21,0
-353,54,0
-2,28,1
-91,117,1
-376,77,0
23,3,1
-303,4,0
-342,43,0
-31,57,1
-121,147,1
8,18,1
-306,7,0
9,17,1
18,8,1
-1,27,1
-304,5,0
24,2,1
23,3,1
-321,22,0
-407,108,0
-382,83,0
-150,176,1
-325,26,0
21,5,1
-391,92,0
20,6,1
-313,14,0
-432,133,0
24,2,1
-322,23,0
-2,28,1
-375,76,0
23,3,1
-4,30,1
-91,117,1
-347,48,0
-306,7,0
-300,1,0
-304,5,0
-16,42,1
-2,28,1
-321,22,0
-10,36,1
10,16,1
23,3,1
-339,40,0
-20,46,1
18,8,1
-117,143,1
-196,222,1
-72,98,1
-394,95,0
0,26,1
-314,15,0
-401,102,0
-300,1,0
-376,77,0
0,26,1
24,2,1
15,11,1
-385,86,0
22,4,1
-11,37,1
-7,33,1
25,1,1
-344,45,0
-328,29,0
-94,120,1
-53,79,1
-349,50,0
-313,14,0
25,1,1
-54,80,1
-372,73,0
-334,35,0
-328,29,0
6,20,1
25,1,1
-313,14,0
-444,145,0
-400,101,0
25,1,1
-57,83,1
-302,3,0
-458,159,0
15,11,1
-363,64,0
11,15,1
-349,50,0
-19,45,1
-395,96,0
-99,125,1
-376,77,0
25,1,1
-32,58,1
-55,81,1
-394,95,0
25,1,1
8,18,1
-519,220,0
15,11,1
-315,16,0
25,1,1
-304,5,0
-41,67,1
-369,70,0
24,2,1
-332,33,0
-65,91,1
24,2,1
-329,30,0
15,11,1
-35,61,1
-332,33,0
2,24,1
21,5,1
-315,16,0
-319,20,0
-61,87,1
-447,148,0
20,6,1
25,1,1
-77,103,1
-340,41,0
-5,31,1
-46,72,1
-56,82,1
-49,75,1
-7,33,1
-182,208,1
-7,33,1
25,1,1
-5,31,1
24,2,1
-16,42,1
-23,49,1
15,11,1
-354,55,0
-457,158,0
-70,96,1
-395,96,0
-191,217,1
-356,57,0
-44,70,1
-401,102,0
-330,31,0
-301,2,0
-125,151,1
-146,172,1
25,1,1
25,1,1
-318,19,0
-335,36,0
19,7,1
12,14,1
-301,2,0
-301,2,0
-413,114,0
-407,108,0
24,2,1
2,24,1
-358,59,0
-9,35,1
-118,144,1
24,2,1
24,2,1
-34,60,1
-314,15,0
-330,31,0
-324,25,0
-307,8,0
-307,8,0
20,6,1
24,2,1
-373,74,0
-369,70,0
-426,127,0
-353,54,0
-4,30,1
-387,88,0
-477,178,0
-307,8,0
-303,4,0
-325,26,0
24,2,1
25,1,1
-342,43,0
23,3,1
-305,6,0
-20,46,1
16,10,1
-16,42,1
-302,3,0
-319,20,0
-411,112,0
-13,39,1
5,21,1
21,5,1
-301,2,0
-437,138,0
-324,25,0
-3,29,1
-80,106,1
-330,31,0
3,23,1
-327,28,0
-333,34,0
-35,61,1
-351,52,0
13,13,1
-5,31,1
11,15,1
-313,14,0
23,3,1
25,1,1
24,2,1
-148,174,1
-5,31,1
22,4,1
-6,32,1
25,1,1
-345,46,0
14,12,1
24,2,1
-321,22,0
-301,2,0
-333,34,0
-334,35,0
-302,3,0
-360,61,0
25,1,1
22,4,1
-36,62,1
-313,14,0
-51,77,1
24,2,1
25,1,1
-526,227,0
-23,49,1
-304,5,0
-4,30,1
21,5,1
-11,37,1
7,19,1
18,8,1
25,1,1
-32,58,1
-44,70,1
1,25,1
20,6,1
-35,61,1
-216,242,1
-301,2,0
25,1,1
-354,55,0
-36,62,1
-305,6,0
-84,110,1
-395,96,0
-120,146,1
-505,206,0
-422,123,0
-327,28,0
-312,13,0
-300,1,0
-320,21,0
0,26,1
-421,122,0
-302,3,0
-301,2,0
-311,12,0
-4,30,1
-310,11,0
3,23,1
-356,57,0
21,5,1
-28,54,1
-429,130,0
-353,54,0
18,8,1
21,5,1
-232,258,1
15,11,1
2,24,1
-301,2,0
-467,168,0
-398,99,0
25,1,1
-72,98,1
-383,84,0
-62,88,1
-3,29,1
9,17,1
-111,137,1
-396,97,0
-392,93,0
-221,247,1
-52,78,1
8,18,1
-7,33,1
-390,91,0
-323,24,0
-307,8,0
-13,39,1
-235,261,1
25,1,1
0,26,1
-13,39,1
24,2,1
-22,48,1
1,25,1
-87,113,1
-300,1,0
25,1,1
18,8,1
24,2,1
12,14,1
-306,7,0
-9,35,1
-3,29,1
16,10,1
-366,67,0
-127,153,1
-44,70,1
-318,19,0
24,2,1
-14,40,1
24,2,1
-16,42,1
-6,32,1
25,1,1
25,1,1
25,1,1
-310,11,0
23,3,1
24,2,1
-25,51,1
0,26,1
-314,15,0
-391,92,0
-310,11,0
10,16,1
-322,23,0
-310,11,0
-310,11,0
19,7,1
18,8,1
-308,9,0
-6,32,1
24,2,1
24,2,1
-329,30,0
-411,112,0
-5,31,1
-304,5,0
-14,40,1
4,22,1
-496,197,0
-462,163,0
-118,144,1
-506,207,0
-319,20,0
22,4,1
15,11,1
14,12,1
21,5,1
-377,78,0
25,1,1
-139,165,1
-3,29,1
-300,1,0
15,11,1
-330,31,0
-410,111,0
21,5,1
6,20,1
-369,70,0
-304,5,0
-367,68,0
-129,155,1
-438,139,0
-25,51,1
-378,79,0
-387,88,0
13,13,1
-452,153,0
-34,60,1
-441,142,0
-8,34,1
-315,16,0
-340,41,0
-339,40,0
-10,36,1
25,1,1
-326,27,0
16,10,1
-314,15,0
-33,59,1
-306,7,0
-306,7,0
-69,95,1
-26,52,1
-110,136,1
-400,101,0
-301,2,0
-99,125,1
19,7,1
5,21,1
-23,49,1
24,2,1
19,7,1
-423,124,0
-353,54,0
25,1,1
25,1,1
-302,3,0
-329,30,0
-322,23,0
-316,17,0
25,1,1
-63,89,1
-522,223,0
-311,12,0
-326,27,0
19,7,1
-324,25,0
15,11,1
20,6,1
-424,125,0
-316,17,0
13,13,1
-302,3,0
-378,79,0
-306,7,0
-305,6,0
11,15,1
-14,40,1
24,2,1
-401,102,0
-354,55,0
-335,36,0
3,23,1
-302,3,0
-97,123,1
-8,34,1
2,24,1
-102,128,1
11,15,1
-319,20,0
16,10,1
-58,84,1
25,1,1
-354,55,0
14,12,1
-372,73,0
1,25,1
-85,111,1
-348,49,0
21,5,1
-35,61,1
-6,32,1
-4,30,1
-322,23,0
-114,140,1
23,3,1
-307,8,0
-429,130,0
-644,345,0
-42,68,1
-358,59,0
24,2,1
-333,34,0
-26,52,1
-412,113,0
-41,67,1
25,1,1
19,7,1
24,2,1
8,18,1
-42,68,1
-94,120,1
-337,38,0
3,23,1
-55,81,1
-501,202,0
13,13,1
16,10,1
-42,68,1
24,2,1
-2,28,1
-415,116,0
12,14,1
24,2,1
-304,5,0
-312,13,0
-117,143,1
-53,79,1
-303,4,0
17,9,1
20,6,1
25,1,1
-119,145,1
21,5,1
-410,111,0
-330,31,0
25,1,1
-54,80,1
-513,214,0
-314,15,0
-317,18,0
-406,107,0
25,1,1
-300,1,0
20,6,1
9,17,1
25,1,1
-686,387,0
-383,84,0
-142,168,1
-331,32,0
-38,64,1
-303,4,0
19,7,1
-320,21,0
-341,42,0
-381,82,0
-220,246,1
-501,202,0
-304,5,0
-306,7,0
-80,106,1
-301,2,0
25,1,1
-546,247,0
25,1,1
-453,154,0
-323,24,0
-429,130,0
25,1,1
-45,71,1
-6,32,1
25,1,1
-316,17,0
-372,73,0
22,4,1
-3,29,1
19,7,1
-33,59,1
-327,28,0
-300,1,0
25,1,1
-352,53,0
-77,103,1
-350,51,0
-317,18,0
-218,244,1
10,16,1
-38,64,1
12,14,1
-320,21,0
25,1,1
-395,96,0
-321,22,0
-403,104,0
-142,168,1
3,23,1
25,1,1
19,7,1
25,1,1
-344,45,0
-403,104,0
-345,371,1
21,5,1
-33,59,1
-115,141,1
22,4,1
6,20,1
-51,77,1
23,3,1
-477,178,0
-48,74,1
-300,1,0
-31,57,1
-329,30,0
-300,1,0
-100,126,1
-346,47,0
22,4,1
0,26,1
25,1,1
24,2,1
22,4,1
25,1,1
25,1,1
7,19,1
21,5,1
-352,53,0
-353,54,0
20,6,1
25,1,1
-15,41,1
-305,6,0
-82,108,1
24,2,1
2,24,1
24,2,1
-351,52,0
-53,79,1
-301,2,0
-320,21,0
-303,4,0
-350,51,0
25,1,1
-314,15,0
-2,28,1
-321,22,0
-28,54,1
24,2,1
-342,43,0
15,11,1
23,3,1
-93,119,1
-116,142,1
25,1,1
-5,31,1
-373,74,0
-14,40,1
-414,115,0
-33,59,1
-368,69,0
-3,29,1
-29,55,1
-48,74,1
12,14,1
16,10,1
-127,153,1
-43,69,1
-25,51,1
-346,47,0
-320,21,0
19,7,1
24,2,1
-120,146,1
-377,78,0
-44,70,1
-301,2,0
25,1,1
-36,62,1
19,7,1
-396,97,0
-23,49,1
-301,2,0
-318,19,0
-67,93,1
-311,12,0
-303,4,0
-317,18,0
24,2,1
19,7,1
-395,96,0
-335,36,0
-40,66,1
16,10,1
24,2,1
-320,21,0
14,12,1
-527,228,0
-301,2,0
-51,77,1
14,12,1
-466,167,0
-316,17,0
-310,11,0
-327,28,0
-303,4,0
-304,5,0
24,2,1
-16,42,1
11,15,1
-120,146,1
-530,231,0
-302,3,0
23,3,1
-308,9,0
-308,9,0
3,23,1
-325,26,0
-50,76,1
-56,82,1
24,2,1
24,2,1
-4,30,1
-305,6,0
-111,137,1
-15,41,1
-361,62,0
-332,33,0
-313,14,0
17,9,1
13,13,1
-305,6,0
-377,78,0
-211,237,1
-304,5,0
-365,66,0
24,2,1
-423,124,0
-394,95,0
-9,35,1
-44,70,1
21,5,1
-338,39,0
20,6,1
21,5,1
12,14,1
-358,59,0
0,26,1
10,16,1
-316,17,0
-343,44,0
-29,55,1
25,1,1
-378,79,0
-433,134,0
24,2,1
-84,110,1
-318,19,0
-90,116,1
-398,99,0
25,1,1
-21,47,1
-432,133,0
7,19,1
-27,53,1
-324,25,0
17,9,1
6,20,1
-13,39,1
-37,63,1
17,9,1
-34,60,1
25,1,1
2,24,1
-585,286,0
-688,389,0
-35,61,1
-362,63,0
25,1,1
25,1,1
-346,47,0
-377,78,0
-303,4,0
-31,57,1
24,2,1
-312,13,0
-538,239,0
13,13,1
-309,10,0
-349,50,0
-313,14,0
-334,35,0
-461,162,0
24,2,1
-339,40,0
3,23,1
-379,80,0
-343,44,0
-312,13,0
-4,30,1
25,1,1
-11,37,1
-348,49,0
23,3,1
-333,34,0
-4,30,1
-19,45,1
25,1,1
25,1,1
-348,49,0
16,10,1
-469,170,0
23,3,1
-70,96,1
-216,242,1
12,14,1
-595,296,0
25,1,1
23,3,1
19,7,1
10,16,1
-151,177,1
-97,123,1
-478,179,0
24,2,1
24,2,1
-16,42,1
19,7,1
-462,163,0
-52,78,1
20,6,1
-11,37,1
19,7,1
-306,7,0
-320,21,0
20,6,1
-351,52,0
12,14,1
-301,2,0
-623,324,0
-356,57,0
-323,24,0
22,4,1
-339,40,0
-394,95,0
-307,8,0
21,5,1
-327,28,0
-369,70,0
18,8,1
21,5,1
17,9,1
-368,69,0
-29,55,1
11,15,1
-360,61,0
-21,47,1
19,7,1
16,10,1
-401,102,0
-15,41,1
-368,69,0
-325,26,0
20,6,1
-12,38,1
-361,62,0
25,1,1
-315,16,0
20,6,1
-27,53,1
-80,106,1
-302,3,0
7,19,1
-23,49,1
-300,1,0
-366,67,0
25,1,1
-12,38,1
-373,74,0
-316,17,0
-132,158,1
-80,106,1
17,9,1
-9,35,1
22,4,1
-343,44,0
2,24,1
-61,87,1
25,1,1
11,15,1
-335,36,0
-74,100,1
-3,29,1
-176,202,1
10,16,1
-389,90,0
10,16,1
-51,77,1
-425,126,0
25,1,1
24,2,1
24,2,1
20,6,1
-12,38,1
-27,53,1
-77,103,1
-68,94,1
16,10,1
24,2,1
-301,2,0
14,12,1
-318,19,0
25,1,1
-329,30,0
8,18,1
-316,17,0
23,3,1
-1,27,1
25,1,1
-356,57,0
-77,103,1
10,16,1
-409,110,0
-10,36,1
25,1,1
-25,51,1
-423,124,0
5,21,1
-338,39,0
-82,108,1
-309,10,0
-379,80,0
19,7,1
-321,22,0
22,4,1
-338,39,0
-305,6,0
-51,77,1
20,6,1
5,21,1
19,7,1
-324,25,0
-302,3,0
-58,84,1
-349,50,0
-15,41,1
-169,195,1
-49,75,1
-403,104,0
-157,183,1
25,1,1
-64,90,1
-113,139,1
-303,4,0
4,22,1
-365,66,0
14,12,1
-79,105,1
25,1,1
-443,144,0
-228,254,1
-306,7,0
-47,73,1
-332,33,0
-23,49,1
-40,66,1
-775,476,0
22,4,1
-345,46,0
-303,4,0
-597,298,0
-365,66,0
-113,139,1
-535,236,0
6,20,1
-302,3,0
-96,122,1
9,17,1
-18,44,1
-11,37,1
16,10,1
-140,166,1
13,13,1
15,11,1
-309,10,0
-316,17,0
11,15,1
25,1,1
-344,45,0
3,23,1
-312,13,0
24,2,1
-2,28,1
-18,44,1
-714,415,0
10,16,1
-328,29,0
-595,296,0
6,20,1
-354,55,0
-304,5,0
-153,179,1
-331,32,0
-31,57,1
-197,223,1
-1,27,1
-36,62,1
-305,6,0
-359,60,0
24,2,1
-593,294,0
-156,182,1
13,13,1
24,2,1
22,4,1
-20,46,1
24,2,1
2,24,1
-15,41,1
-33,59,1
19,7,1
-415,116,0
-14,40,1
-15,41,1
-402,103,0
-349,50,0
-1,27,1
-15,41,1
-308,9,0
-133,159,1
-309,10,0
-351,52,0
-305,6,0
19,7,1
1,25,1
-335,36,0
25,1,1
-7,33,1
-400,101,0
24,2,1
15,11,1
-303,4,0
-302,3,0
-395,96,0
-35,61,1
-300,1,0
-312,13,0
-334,35,0
21,5,1
-339,40,0
-379,80,0
-19,45,1
-302,3,0
-312,13,0
-395,96,0
20,6,1
-36,62,1
-302,3,0
16,10,1
-48,74,1
-311,12,0
-390,91,0
-30,56,1
24,2,1
-354,55,0
-355,56,0
-303,4,0
-9,35,1
-483,184,0
4,22,1
21,5,1
-336,37,0
-510,211,0
-318,19,0
23,3,1
-22,48,1
19,7,1
22,4,1
-304,5,0
24,2,1
0,26,1
-388,89,0
-342,43,0
-359,60,0
-34,60,1
-213,239,1
25,1,1
-300,1,0
16,10,1
-309,10,0
-53,79,1
25,1,1
-300,1,0
-58,84,1
-342,43,0
-6,32,1
-311,12,0
-37,63,1
21,5,1
-340,41,0
-482,183,0
-357,58,0
-18,44,1
-303,4,0
-24,50,1
-87,113,1
8,18,1
-302,3,0
4,22,1
-3,29,1
15,11,1
-329,30,0
-436,137,0
-332,33,0
-260,286,1
-392,93,0
-346,47,0
15,11,1
-317,18,0
-530,231,0
-316,17,0
-10,36,1
-301,2,0
-49,75,1
-46,72,1
-620,321,0
-23,49,1
-301,2,0
-25,51,1
21,5,1
24,2,1
23,3,1
-304,5,0
23,3,1
22,4,1
24,2,1
24,2,1
-309,10,0
-23,49,1
14,12,1
-338,39,0
25,1,1
-30,56,1
-337,38,0
-379,80,0
-318,19,0
23,3,1
11,15,1
22,4,1
0,26,1
24,2,1
-1,27,1
25,1,1
-383,84,0
-321,22,0
15,11,1
-300,1,0
-471,172,0
23,3,1
19,7,1
-430,131,0
-152,178,1
24,2,1
-88,114,1
-76,102,1
-300,1,0
-743,444,0
19,7,1
12,14,1
22,4,1
-517,218,0
-36,62,1
23,3,1
-363,64,0
-9,35,1
24,2,1
-23,49,1
-27,53,1
-318,19,0
-302,3,0
-353,54,0
-322,23,0
25,1,1
-13,39,1
-323,24,0
-329,30,0
21,5,1
-318,19,0
-300,1,0
-308,9,0
-483,184,0
25,1,1
-107,133,1
-338,39,0
-26,52,1
-305,6,0
25,1,1
12,14,1
9,17,1
-304,5,0
15,11,1
-97,123,1
-239,265,1
24,2,1
14,12,1
-349,50,0
-355,56,0
25,1,1
-352,53,0
-157,183,1
-441,142,0
4,22,1
14,12,1
-348,49,0
5,21,1
9,17,1
-239,265,1
-1,27,1
4,22,1
8,18,1
-362,63,0
21,5,1
-334,35,0
-100,126,1
-529,230,0
-302,3,0
24,2,1
-341,42,0
-510,211,0
24,2,1
-314,15,0
-394,95,0
24,2,1
-482,183,0
-395,96,0
-326,27,0
-31,57,1
12,14,1
-109,135,1
18,8,1
-303,4,0
24,2,1
14,12,1
24,2,1
-306,7,0
18,8,1
14,12,1
7,19,1
-30,56,1
-305,6,0
-499,200,0
-389,90,0
-485,186,0
0,26,1
-408,109,0
-329,30,0
8,18,1
17,9,1
0,26,1
-351,52,0
-383,84,0
-217,243,1
-115,141,1
-359,60,0
25,1,1
-529,230,0
7,19,1
-348,49,0
-471,172,0
-301,2,0
-351,52,0
-14,40,1
-301,2,0
-373,74,0
-1,27,1
-31,57,1
-380,81,0
-5,31,1
-313,14,0
-86,112,1
22,4,1
24,2,1
21,5,1
-310,11,0
-305,6,0
-342,43,0
25,1,1
-73,99,1
-23,49,1
-300,1,0
14,12,1
24,2,1
-403,104,0
24,2,1
6,20,1
1,25,1
24,2,1
-139,165,1
16,10,1
24,2,1
-36,62,1
14,12,1
-312,13,0
12,14,1
-328,29,0
-3,29,1
-310,11,0
-306,7,0
20,6,1
-84,110,1
18,8,1
-556,257,0
24,2,1
25,1,1
19,7,1
-300,1,0
-308,9,0
-68,94,1
24,2,1
25,1,1
5,21,1
-300,1,0
20,6,1
-15,41,1
-319,20,0
-426,127,0
10,16,1
-333,34,0
25,1,1
1,25,1
-14,40,1
-402,103,0
25,1,1
-303,4,0
13,13,1
-347,48,0
23,3,1
-28,54,1
-385,86,0
-118,144,1
-333,34,0
13,13,1
14,12,1
-34,60,1
-302,3,0
-308,334,1
-8,34,1
-311,12,0
8,18,1
24,2,1
-8,34,1
-49,75,1
19,7,1
-79,105,1
-337,38,0
-379,80,0
5,21,1
24,2,1
-386,87,0
18,8,1
18,8,1
8,18,1
-69,95,1
3,23,1
-397,98,0
23,3,1
20,6,1
25,1,1
-303,4,0
-365,66,0
-75,101,1
-143,169,1
-18,44,1
1,25,1
-396,97,0
-305,6,0
9,17,1
25,1,1
-325,26,0
24,2,1
-66,92,1
14,12,1
-6,32,1
-306,7,0
-331,32,0
16,10,1
25,1,1
-40,66,1
25,1,1
19,7,1
-28,54,1
-12,38,1
-64,90,1
15,11,1
-11,37,1
-361,62,0
-83,109,1
2,24,1
-394,95,0
25,1,1
8,18,1
11,15,1
22,4,1
-361,62,0
-316,17,0
-35,61,1
24,2,1
-305,6,0
-393,94,0
24,2,1
13,13,1
-315,16,0
20,6,1
-23,49,1
-51,77,1
-356,57,0
-39,65,1
-45,71,1
10,16,1
-63,89,1
19,7,1
-317,18,0
-23,49,1
-370,71,0
20,6,1
23,3,1
-357,58,0
-4,30,1
-347,48,0
19,7,1
25,1,1
25,1,1
24,2,1
4,22,1
-459,160,0
25,1,1
25,1,1
-306,7,0
-304,5,0
-319,20,0
-26,52,1
-5,31,1
-305,6,0
25,1,1
21,5,1
-79,105,1
12,14,1
-390,91,0
-77,103,1
-352,53,0
-31,57,1
25,1,1
-10,36,1
-528,229,0
-311,12,0
18,8,1
-304,5,0
-302,3,0
-15,41,1
-457,158,0
-345,46,0
-13,39,1
17,9,1
-338,39,0
18,8,1
-408,109,0
-31,57,1
10,16,1
24,2,1
25,1,1
25,1,1
-321,22,0
10,16,1
-48,74,1
-80,106,1
-370,71,0
25,1,1
-328,29,0
-84,110,1
1,25,1
7,19,1
20,6,1
24,2,1
-339,40,0
13,13,1
-1,27,1
18,8,1
-498,199,0
23,3,1
-323,24,0
-169,195,1
-84,110,1
-335,36,0
-306,7,0
-382,83,0
22,4,1
-357,58,0
21,5,1
-352,53,0
15,11,1
-6,32,1
-354,55,0
22,4,1
21,5,1
-335,36,0
-61,87,1
-312,13,0
-5,31,1
24,2,1
-103,129,1
-46,72,1
-317,18,0
-582,283,0
-365,66,0
25,1,1
-32,58,1
-349,50,0
6,20,1
18,8,1
19,7,1
-46,72,1
-418,119,0
22,4,1
24,2,1
8,18,1
-18,44,1
-312,13,0
24,2,1
-402,103,0
-18,44,1
-311,12,0
-363,64,0
-448,149,0
-400,101,0
-146,172,1
-340,41,0
-26,52,1
-331,32,0
-313,14,0
-313,14,0
-542,243,0
20,6,1
-390,91,0
-81,107,1
-37,63,1
-126,152,1
11,15,1
-341,42,0
-324,25,0
-343,44,0
-88,114,1
-306,7,0
-413,114,0
20,6,1
-344,45,0
-374,75,0
-313,14,0
-421,122,0
-303,4,0
-382,83,0
-321,22,0
-309,10,0
24,2,1
-305,6,0
-104,130,1
-424,125,0
-348,49,0
-39,65,1
-27,53,1
-8,34,1
-353,54,0
-3,29,1
-339,40,0
-107,133,1
-14,40,1
15,11,1
-332,33,0
25,1,1
-7,33,1
0,26,1
-16,42,1
-153,179,1
18,8,1
-123,149,1
5,21,1
-5,31,1
-14,40,1
6,20,1
-318,19,0
-84,110,1
22,4,1
19,7,1
-623,324,0
-32,58,1
-344,45,0
25,1,1
2,24,1
24,2,1
19,7,1
-394,95,0
-467,168,0
23,3,1
-309,10,0
-68,94,1
-601,302,0
-335,36,0
-439,140,0
23,3,1
16,10,1
-159,185,1
-44,70,1
-200,226,1
13,13,1
25,1,1
18,8,1
16,10,1
-30,56,1
23,3,1
12,14,1
19,7,1
-317,18,0
-314,15,0
-22,48,1
24,2,1
-131,157,1
3,23,1
-112,138,1
-302,3,0
-314,15,0
-5,31,1
-10,36,1
-117,143,1
-319,20,0
-80,106,1
-321,22,0
-352,53,0
-67,93,1
20,6,1
-340,41,0
-364,65,0
-320,21,0
-26,52,1
9,17,1
24,2,1
-104,130,1
-78,104,1
-25,51,1
25,1,1
23,3,1
-308,9,0
-115,141,1
-19,45,1
-322,23,0
-313,14,0
-438,139,0
-344,45,0
-336,37,0
8,18,1
-338,39,0
1,25,1
4,22,1
-92,118,1
-5,31,1
-391,92,0
17,9,1
25,1,1
6,20,1
25,1,1
-42,68,1
-576,277,0
-330,31,0
23,3,1
-56,82,1
-300,1,0
24,2,1
4,22,1
-74,100,1
-443,144,0
-337,38,0
-322,23,0
-337,38,0
-341,42,0
25,1,1
-84,110,1
-154,180,1
-53,79,1
-322,23,0
-341,42,0
-306,7,0
-439,140,0
-403,104,0
-318,19,0
3,23,1
25,1,1
-311,12,0
-131,157,1
-62,88,1
25,1,1
-28,54,1
-345,46,0
-60,86,1
21,5,1
-362,63,0
25,1,1
-38,64,1
-312,13,0
12,14,1
-32,58,1
22,4,1
1,25,1
-450,151,0
13,13,1
-302,3,0
-87,113,1
-38,64,1
-61,87,1
-16,42,1
-300,1,0
-15,41,1
25,1,1
13,13,1
-347,48,0
-378,79,0
-373,74,0
-307,8,0
-463,164,0
-314,15,0
21,5,1
5,21,1
-331,32,0
-486,187,0
-464,165,0
-22,48,1
-78,104,1
-4,30,1
-466,167,0
-330,31,0
23,3,1
25,1,1
18,8,1
10,16,1
-308,9,0
0,26,1
20,6,1
-99,125,1
-38,64,1
-335,36,0
25,1,1
-358,59,0
10,16,1
-361,62,0
19,7,1
-323,24,0
9,17,1
-326,27,0
-415,116,0
-70,96,1
9,17,1
-78,104,1
16,10,1
25,1,1
24,2,1
-324,25,0
13,13,1
-78,104,1
-354,55,0
-84,110,1
3,23,1
-34,60,1
-320,21,0
-6,32,1
24,2,1
-231,257,1
-455,156,0
21,5,1
-311,12,0
0,26,1
-405,106,0
-61,87,1
-351,52,0
18,8,1
-383,84,0
-311,12,0
-7,33,1
23,3,1
15,11,1
23,3,1
-338,39,0
24,2,1
-508,209,0
23,3,1
-364,65,0
22,4,1
-35,61,1
-95,121,1
-417,443,1
-343,44,0
-310,11,0
-105,131,1
-321,22,0
4,22,1
19,7,1
23,3,1
-349,50,0
20,6,1
7,19,1
19,7,1
-301,2,0
23,3,1
-302,3,0
-6,32,1
-396,97,0
-3,29,1
13,13,1
-300,1,0
6,20,1
17,9,1
-366,67,0
-415,116,0
7,19,1
12,14,1
4,22,1
-317,18,0
-169,195,1
-159,185,1
11,15,1
25,1,1
-335,36,0
-389,90,0
-356,57,0
19,7,1
-23,49,1
-364,65,0
-4,30,1
13,13,1
-353,54,0
20,6,1
-363,64,0
-380,81,0
1,25,1
-42,68,1
-62,88,1
23,3,1
-302,3,0
17,9,1
24,2,1
-361,62,0
16,10,1
-335,36,0
-349,50,0
23,3,1
14,12,1
-415,116,0
-574,275,0
-314,15,0
-2,28,1
-98,124,1
-336,37,0
-60,86,1
14,12,1
-60,86,1
25,1,1
-328,29,0
18,8,1
9,17,1
-302,3,0
-18,44,1
3,23,1
-21,47,1
-302,3,0
-58,84,1
22,4,1
-420,121,0
-334,35,0
-79,105,1
-300,1,0
-17,43,1
-39,65,1
20,6,1
13,13,1
-312,13,0
24,2,1
25,1,1
-471,172,0
0,26,1
-26,52,1
19,7,1
-318,19,0
-109,135,1
-17,43,1
-108,134,1
25,1,1
21,5,1
19,7,1
-358,59,0
25,1,1
-64,90,1
-330,31,0
-3,29,1
25,1,1
-6,32,1
-384,85,0
25,1,1
-6,32,1
17,9,1
-87,113,1
5,21,1
-450,151,0
21,5,1
-56,82,1
-435,136,0
22,4,1
-60,86,1
-4,30,1
-9,35,1
-324,25,0
-397,98,0
4,22,1
-182,208,1
-353,54,0
-7,33,1
-301,2,0
18,8,1
-207,233,1
-321,22,0
-20,46,1
-28,54,1
-154,180,1
-21,47,1
6,20,1
19,7,1
23,3,1
-105,131,1
25,1,1
-4,30,1
-20,46,1
-303,4,0
-179,205,1
-12,38,1
16,10,1
-319,20,0
-132,158,1
-377,78,0
6,20,1
25,1,1
-333,34,0
-447,148,0
-56,82,1
-306,7,0
-332,33,0
24,2,1
-19,45,1
-25,51,1
-495,196,0
14,12,1
-43,69,1
24,2,1
18,8,1
-27,53,1
-396,97,0
-302,3,0
-349,50,0
24,2,1
-341,42,0
21,5,1
1,25,1
21,5,1
25,1,1
-29,55,1
21,5,1
1,25,1
25,1,1
25,1,1
23,3,1
23,3,1
23,3,1
-320,21,0
-306,7,0
-5,31,1
-55,81,1
25,1,1
-318,19,0
-121,147,1
-397,98,0
-322,23,0
16,10,1
22,4,1
22,4,1
-2,28,1
8,18,1
-494,195,0
-356,382,1
-409,110,0
23,3,1
-4,30,1
-339,40,0
11,15,1
25,1,1
-312,13,0
-23,49,1
-15,41,1
10,16,1
11,15,1
12,14,1
23,3,1
14,12,1
-309,10,0
-457,158,0
21,5,1
-131,157,1
25,1,1
25,1,1
-342,43,0
-408,109,0
-10,36,1
25,1,1
-101,127,1
-303,4,0
-1,27,1
18,8,1
-63,89,1
-101,127,1
21,5,1
-5,31,1
4,22,1
11,15,1
11,15,1
10,16,1
-34,60,1
-348,49,0
-350,51,0
15,11,1
-319,20,0
-389,90,0
-347,48,0
-494,195,0
-20,46,1
-317,18,0
-5,31,1
-343,44,0
23,3,1
22,4,1
-14,40,1
-330,31,0
24,2,1
23,3,1
6,20,1
-321,22,0
-470,171,0
6,20,1
-71,97,1
-394,95,0
24,2,1
-338,39,0
-318,19,0
6,20,1
-78,104,1
-75,101,1
13,13,1
25,1,1
24,2,1
-326,27,0
-429,130,0
23,3,1
17,9,1
-145,171,1
-1,27,1
25,1,1
-312,13,0
-57,83,1
15,11,1
-346,47,0
-343,44,0
-172,198,1
-599,300,0
-27,53,1
-34,60,1
14,12,1
-219,245,1
17,9,1
-33,59,1
24,2,1
19,7,1
-83,109,1
-306,7,0
-307,8,0
23,3,1
-11,37,1
15,11,1
11,15,1
-35,61,1
-348,49,0
-22,48,1
9,17,1
25,1,1
-70,96,1
21,5,1
23,3,1
-20,46,1
17,9,1
-13,39,1
24,2,1
-35,61,1
-27,53,1
17,9,1
-307,8,0
7,19,1
17,9,1
-332,33,0
25,1,1
24,2,1
20,6,1
-362,63,0
-383,84,0
-431,132,0
15,11,1
25,1,1
-1,27,1
-344,45,0
25,1,1
24,2,1
-344,45,0
-303,4,0
-426,127,0
25,1,1
10,16,1
-320,21,0
-463,164,0
-2,28,1
24,2,1
-300,1,0
-387,88,0
-287,313,1
-300,1,0
24,2,1
-234,260,1
-11,37,1
-46,72,1
13,13,1
-315,16,0
-10,36,1
-311,12,0
-100,126,1
10,16,1
-380,81,0
12,14,1
25,1,1
-624,325,0
-227,253,1
-302,3,0
-4,30,1
-329,30,0
-334,35,0
-422,123,0
-316,17,0
-437,138,0
3,23,1
24,2,1
-467,168,0
11,15,1
22,4,1
-8,34,1
-315,16,0
-396,97,0
-25,51,1
-24,50,1
24,2,1
-335,36,0
-55,81,1
-17,43,1
-303,4,0
-455,156,0
23,3,1
25,1,1
13,13,1
-14,40,1
11,15,1
-309,10,0
-39,65,1
-301,2,0
-459,160,0
-156,182,1
14,12,1
-6,32,1
-128,154,1
-117,143,1
13,13,1
21,5,1
23,3,1
-460,161,0
-351,52,0
-311,12,0
-328,29,0
-91,117,1
-32,58,1
-518,219,0
-331,32,0
-330,31,0
-295,321,1
-75,101,1
-51,77,1
15,11,1
-378,79,0
-315,16,0
-148,174,1
15,11,1
-13,39,1
25,1,1
-23,49,1
-356,57,0
-380,81,0
3,23,1
0,26,1
20,6,1
9,17,1
-337,38,0
-307,8,0
24,2,1
-3,29,1
-515,216,0
-59,85,1
-331,32,0
17,9,1
-495,196,0
-465,166,0
-42,68,1
25,1,1
-144,170,1
-157,183,1
16,10,1
-36,62,1
-430,131,0
-342,43,0
-50,76,1
12,14,1
-124,150,1
2,24,1
-89,115,1
-302,3,0
-338,39,0
-389,90,0
-8,34,1
-95,121,1
-366,67,0
-391,92,0
-318,19,0
23,3,1
-105,131,1
13,13,1
-435,136,0
25,1,1
-240,266,1
-308,9,0
20,6,1
-12,38,1
4,22,1
-326,27,0
20,6,1
-398,99,0
-367,68,0
4,22,1
25,1,1
25,1,1
-58,84,1
14,12,1
-150,176,1
13,13,1
-309,10,0
-362,63,0
-326,27,0
16,10,1
-312,13,0
25,1,1
-483,184,0
20,6,1
-335,36,0
-398,99,0
0,26,1
-49,75,1
4,22,1
3,23,1
21,5,1
-372,73,0
-365,66,0
24,2,1
-334,35,0
-112,138,1
-321,22,0
5,21,1
-319,20,0
24,2,1
-411,112,0
-7,33,1
-308,9,0
-35,61,1
-354,55,0
-12,38,1
-136,162,1
25,1,1
-17,43,1
-90,116,1
25,1,1
-437,138,0
13,13,1
-305,6,0
-509,210,0
-506,207,0
-375,76,0
21,5,1
-379,80,0
18,8,1
-48,74,1
-30,56,1
-309,10,0
-23,49,1
-301,2,0
-475,176,0
25,1,1
-342,43,0
-322,23,0
-346,47,0
-302,3,0
13,13,1
4,22,1
-213,239,1
21,5,1
-331,32,0
-329,30,0
13,13,1
5,21,1
-300,1,0
-355,56,0
-12,38,1
-25,51,1
-301,2,0
-19,45,1
-10,36,1
-9,35,1
-303,4,0
-305,6,0
-359,60,0
-343,44,0
-310,11,0
25,1,1
-18,44,1
13,13,1
-32,58,1
17,9,1
-61,87,1
16,10,1
25,1,1
-38,64,1
-35,61,1
25,1,1
20,6,1
1,25,1
11,15,1
23,3,1
1,25,1
-522,223,0
-17,43,1
-575,276,0
22,4,1
-346,47,0
-15,41,1
14,12,1
18,8,1
-432,133,0
23,3,1
-38,64,1
25,1,1
-69,95,1
9,17,1
-22,48,1
-372,73,0
-312,13,0
-321,22,0
-348,49,0
-306,7,0
-308,9,0
-312,13,0
-480,181,0
-304,5,0
23,3,1
-22,48,1
-311,12,0
24,2,1
24,2,1
-344,45,0
-359,60,0
-47,73,1
-539,240,0
-2,28,1
-51,77,1
24,2,1
-334,35,0
-336,37,0
-94,120,1
23,3,1
-534,235,0
9,17,1
-19,45,1
-3,29,1
19,7,1
22,4,1
8,18,1
-100,126,1
-16,42,1
20,6,1
25,1,1
8,18,1
-415,116,0
-149,175,1
23,3,1
-79,105,1
23,3,1
-241,267,1
-38,64,1
-140,166,1
-438,139,0
-344,45,0
-330,356,1
-304,5,0
-368,69,0
-523,224,0
2,24,1
-28,54,1
-312,13,0
-379,80,0
0,26,1
18,8,1
-94,120,1
-2,28,1
-12,38,1
-16,42,1
22,4,1
25,1,1
-119,145,1
-374,75,0
-301,2,0
19,7,1
23,3,1
14,12,1
8,18,1
25,1,1
-305,6,0
-42,68,1
-327,28,0
-7,33,1
-372,73,0
-315,16,0
12,14,1
14,12,1
-5,31,1
20,6,1
-49,75,1
-66,92,1
-300,1,0
25,1,1
-2,28,1
-304,5,0
-311,12,0
25,1,1
3,23,1
24,2,1
-303,4,0
-35,61,1
25,1,1
-491,192,0
10,16,1
2,24,1
18,8,1
-416,117,0
-407,108,0
24,2,1
-322,23,0
24,2,1
-185,211,1
7,19,1
-71,97,1
-330,31,0
-179,205,1
-322,23,0
-301,2,0
-46,72,1
24,2,1
19,7,1
21,5,1
-52,78,1
20,6,1
23,3,1
-322,23,0
17,9,1
25,1,1
25,1,1
-300,1,0
16,10,1
-182,208,1
25,1,1
-119,145,1
1,25,1
23,3,1
-161,187,1
-368,69,0
9,17,1
-472,173,0
-461,162,0
-31,57,1
-318,19,0
-313,14,0
-24,50,1
20,6,1
-371,72,0
16,10,1
-25,51,1
-400,101,0
-428,129,0
25,1,1
-310,11,0
25,1,1
-323,24,0
25,1,1
-71,97,1
-5,31,1
-56,82,1
-302,3,0
-312,13,0
-84,110,1
-333,34,0
10,16,1
-392,93,0
-10,36,1
-328,29,0
15,11,1
-41,67,1
15,11,1
24,2,1
-417,118,0
3,23,1
-420,121,0
1,25,1
-303,4,0
-14,40,1
-357,58,0
-90,116,1
-32,58,1
25,1,1
25,1,1
-461,162,0
-54,80,1
-34,60,1
-1,27,1
20,6,1
21,5,1
-375,76,0
-19,45,1
16,10,1
9,17,1
21,5,1
18,8,1
-5,31,1
-15,41,1
15,11,1
-607,308,0
-102,128,1
25,1,1
-100,126,1
-303,4,0
7,19,1
21,5,1
17,9,1
-55,81,1
25,1,1
6,20,1
17,9,1
25,1,1
-9,35,1
-10,36,1
20,6,1
-15,41,1
-413,114,0
-302,3,0
-330,31,0
-48,74,1
-78,104,1
-30,56,1
23,3,1
0,26,1
-33,59,1
-332,33,0
-322,23,0
-48,74,1
-8,34,1
-31,57,1
5,21,1
15,11,1
-331,32,0
23,3,1
17,9,1
16,10,1
2,24,1
-36,62,1
22,4,1
-328,29,0
14,12,1
-395,96,0
19,7,1
-55,81,1
-300,1,0
21,5,1
-41,67,1
-157,183,1
-47,73,1
24,2,1
10,16,1
-333,34,0
-444,145,0
-349,50,0
-370,71,0
-26,52,1
-26,52,1
-320,21,0
-73,99,1
3,23,1
-306,7,0
7,19,1
-121,147,1
18,8,1
24,2,1
-145,171,1
-302,3,0
-340,41,0
7,19,1
-3,29,1
17,9,1
19,7,1
-46,72,1
-13,39,1
-34,60,1
-358,59,0
-75,101,1
23,3,1
-12,38,1
-61,87,1
16,10,1
-447,148,0
-142,168,1
-303,4,0
23,3,1
-365,66,0
-303,4,0
1,25,1
1,25,1
20,6,1
-13,39,1
20,6,1
-28,54,1
21,5,1
-224,250,1
-361,62,0
24,2,1
22,4,1
-41,67,1
-259,285,1
18,8,1
-163,189,1
-41,67,1
-362,63,0
-303,4,0
25,1,1
-309,10,0
-12,38,1
-325,26,0
-301,2,0
-307,8,0
22,4,1
-309,10,0
-13,39,1
-58,84,1
22,4,1
-349,50,0
-300,1,0
-383,84,0
-363,64,0
-23,49,1
4,22,1
17,9,1
-368,69,0
-316,342,1
-404,105,0
-80,106,1
0,26,1
-307,8,0
-8,34,1
9,17,1
25,1,1
8,18,1
-361,62,0
3,23,1
24,2,1
16,10,1
-325,26,0
-315,16,0
25,1,1
-8,34,1
-308,9,0
-70,96,1
-533,234,0
13,13,1
-1,27,1
-83,109,1
-315,16,0
12,14,1
-338,39,0
14,12,1
-63,89,1
24,2,1
24,2,1
24,2,1
25,1,1
7,19,1
24,2,1
-70,96,1
19,7,1
-533,234,0
-576,277,0
21,5,1
-52,78,1
-9,35,1
-303,4,0
23,3,1
-40,66,1
-342,43,0
-306,7,0
10,16,1
21,5,1
-341,42,0
-40,66,1
8,18,1
-380,81,0
21,5,1
25,1,1
4,22,1
-330,31,0
-20,46,1
-115,141,1
10,16,1
17,9,1
-127,153,1
-369,70,0
25,1,1
-327,28,0
25,1,1
-14,40,1
-99,125,1
24,2,1
2,24,1
22,4,1
-476,177,0
-357,58,0
19,7,1
-37,63,1
13,13,1
-49,75,1
7,19,1
25,1,1
-12,38,1
6,20,1
-320,21,0
24,2,1
-1,27,1
-304,5,0
-357,58,0
-1,27,1
-315,16,0
-300,1,0
-531,232,0
25,1,1
-373,74,0
23,3,1
11,15,1
19,7,1
-303,4,0
24,2,1
10,16,1
-154,180,1
19,7,1
-2,28,1
-476,177,0
-375,76,0
24,2,1
-330,31,0
-58,84,1
-301,2,0
-351,52,0
-372,73,0
-436,137,0
10,16,1
-413,114,0
7,19,1
-303,4,0
25,1,1
-304,5,0
-164,190,1
-374,75,0
-71,97,1
-646,672,1
-86,112,1
-3,29,1
25,1,1
4,22,1
18,8,1
-339,40,0
-16,42,1
-28,54,1
-324,25,0
-59,85,1
20,6,1
25,1,1
-72,98,1
-2,28,1
23,3,1
24,2,1
-371,72,0
-313,14,0
22,4,1
-354,55,0
-226,252,1
-14,40,1
13,13,1
-19,45,1
19,7,1
-27,53,1
25,1,1
-16,42,1
25,1,1
-91,117,1
-88,114,1
21,5,1
12,14,1
-305,6,0
-95,121,1
-400,426,1
-382,83,0
-311,12,0
23,3,1
-308,9,0
17,9,1
-8,34,1
-309,10,0
10,16,1
19,7,1
0,26,1
25,1,1
-302,3,0
16,10,1
-383,84,0
-449,150,0
-91,117,1
-314,15,0
6,20,1
-33,59,1
-11,37,1
-368,69,0
-361,62,0
18,8,1
10,16,1
-350,51,0
5,21,1
-7,33,1
-20,46,1
-320,21,0
-348,49,0
17,9,1
24,2,1
6,20,1
-329,30,0
8,18,1
-59,85,1
-27,53,1
-39,65,1
-27,53,1
-17,43,1
25,1,1
-53,79,1
-301,2,0
-311,12,0
8,18,1
-312,13,0
20,6,1
-36,62,1
-424,125,0
-312,13,0
-303,4,0
-6,32,1
10,16,1
21,5,1
-465,166,0
-349,50,0
-321,22,0
0,26,1
-451,152,0
11,15,1
11,15,1
17,9,1
-315,16,0
-408,109,0
-301,2,0
23,3,1
14,12,1
-381,82,0
-306,7,0
-398,99,0
-37,63,1
-344,45,0
23,3,1
23,3,1
-385,86,0
25,1,1
-11,37,1
-290,316,1
-77,103,1
19,7,1
21,5,1
17,9,1
16,10,1
-308,9,0
-412,113,0
19,7,1
-321,22,0
-403,104,0
-17,43,1
-48,74,1
0,26,1
-7,33,1
22,4,1
25,1,1
-18,44,1
-114,140,1
-309,10,0
-320,21,0
17,9,1
19,7,1
25,1,1
-466,167,0
19,7,1
24,2,1
25,1,1
-51,77,1
7,19,1
8,18,1
4,22,1
-214,240,1
-340,41,0
-475,176,0
18,8,1
-325,26,0
25,1,1
24,2,1
24,2,1
16,10,1
-2,28,1
-1,27,1
8,18,1
25,1,1
8,18,1
-54,80,1
21,5,1
-378,79,0
-321,22,0
-35,61,1
-353,54,0
25,1,1
-460,161,0
-156,182,1
-39,65,1
-520,221,0
-345,46,0
10,16,1
-304,5,0
-293,319,1
-31,57,1
-306,7,0
24,2,1
-379,80,0
-29,55,1
-44,70,1
24,2,1
16,10,1
-309,10,0
-305,6,0
-396,97,0
-305,6,0
-311,12,0
-376,77,0
-314,15,0
-195,221,1
13,13,1
-34,60,1
-95,121,1
-375,76,0
23,3,1
23,3,1
-33,59,1
-303,4,0
25,1,1
-81,107,1
-628,329,0
-105,131,1
-54,80,1
-31,57,1
24,2,1
-317,18,0
-192,218,1
-355,56,0
-87,113,1
-114,140,1
-322,23,0
10,16,1
-16,42,1
-320,21,0
-144,170,1
12,14,1
20,6,1
23,3,1
-349,50,0
-310,11,0
25,1,1
-17,43,1
22,4,1
8,18,1
-303,4,0
4,22,1
-305,6,0
-395,96,0
14,12,1
-303,4,0
-12,38,1
3,23,1
-593,294,0
-130,156,1
-7,33,1
-301,2,0
8,18,1
-444,145,0
24,2,1
17,9,1
-389,90,0
-347,48,0
-320,21,0
-309,10,0
-367,68,0
-355,56,0
-2,28,1
-23,49,1
-3,29,1
14,12,1
19,7,1
-34,60,1
-525,226,0
-302,3,0
24,2,1
24,2,1
-422,123,0
-24,50,1
25,1,1
-319,20,0
-463,164,0
-97,123,1
6,20,1
-350,51,0
-167,193,1
-476,177,0
-137,163,1
16,10,1
25,1,1
25,1,1
9,17,1
4,22,1
-175,201,1
-302,3,0
21,5,1
-13,39,1
24,2,1
22,4,1
-314,15,0
15,11,1
-87,113,1
-10,36,1
18,8,1
24,2,1
20,6,1
-328,29,0
-60,86,1
20,6,1
17,9,1
-6,32,1
-50,76,1
25,1,1
25,1,1
-91,117,1
-417,118,0
-66,92,1
-132,158,1
22,4,1
-304,5,0
-12,38,1
-12,38,1
-306,7,0
20,6,1
17,9,1
15,11,1
-514,215,0
-301,2,0
25,1,1
-399,100,0
-34,60,1
-423,124,0
-339,365,1
-286,312,1
-38,64,1
-307,8,0
-30,56,1
25,1,1
-314,15,0
-8,34,1
-389,90,0
20,6,1
-21,47,1
-118,144,1
13,13,1
-319,20,0
-410,111,0
6,20,1
0,26,1
-1,27,1
-557,258,0
-24,50,1
21,5,1
-322,23,0
-392,93,0
-382,83,0
-44,70,1
-391,92,0
-345,46,0
24,2,1
15,11,1
9,17,1
23,3,1
25,1,1
-388,89,0
-17,43,1
-354,55,0
-12,38,1
-367,68,0
6,20,1
-16,42,1
23,3,1
-14,40,1
24,2,1
-37,63,1
-4,30,1
8,18,1
-491,192,0
25,1,1
-326,27,0
9,17,1
-355,56,0
-486,187,0
-361,62,0
-300,1,0
-309,10,0
-335,36,0
-68,94,1
-771,472,0
-304,5,0
4,22,1
-371,72,0
-44,70,1
21,5,1
-319,20,0
-81,107,1
7,19,1
-351,52,0
-159,185,1
-300,1,0
14,12,1
-138,164,1
-304,5,0
-313,14,0
25,1,1
-328,29,0
-324,25,0
-339,40,0
-304,330,1
22,4,1
12,14,1
-231,257,1
-85,111,1
-240,266,1
11,15,1
24,2,1
23,3,1
-304,5,0
-355,56,0
-203,229,1
-405,106,0
-43,69,1
-377,78,0
-60,86,1
16,10,1
-81,107,1
25,1,1
-4,30,1
-70,96,1
-69,95,1
-10,36,1
-536,237,0
-302,3,0
20,6,1
13,13,1
9,17,1
-407,108,0
20,6,1
-583,284,0
-69,95,1
-46,72,1
-348,49,0
-423,124,0
-45,71,1
21,5,1
-318,19,0
-332,33,0
-300,1,0
10,16,1
0,26,1
-303,4,0
-26,52,1
2,24,1
-88,114,1
24,2,1
-311,12,0
-353,54,0
-34,60,1
-572,273,0
-43,69,1
-304,5,0
-310,11,0
-344,45,0
-19,45,1
21,5,1
-304,5,0
-307,8,0
-64,90,1
12,14,1
11,15,1
-33,59,1
-314,15,0
16,10,1
15,11,1
16,10,1
-329,30,0
-96,122,1
-345,46,0
-69,95,1
5,21,1
-422,123,0
6,20,1
21,5,1
24,2,1
-109,135,1
23,3,1
24,2,1
-653,354,0
10,16,1
-41,67,1
9,17,1
-1,27,1
25,1,1
-550,251,0
4,22,1
-106,132,1
-396,97,0
11,15,1
-336,37,0
-16,42,1
21,5,1
0,26,1
12,14,1
23,3,1
-336,37,0
24,2,1
-323,24,0
-68,94,1
-15,41,1
17,9,1
-326,27,0
-8,34,1
3,23,1
-317,18,0
-358,59,0
-452,153,0
-12,38,1
25,1,1
-594,295,0
-98,124,1
-42,68,1
25,1,1
-24,50,1
11,15,1
-432,133,0
-628,329,0
22,4,1
-383,84,0
21,5,1
21,5,1
8,18,1
25,1,1
-80,106,1
22,4,1
-317,18,0
23,3,1
14,12,1
-150,176,1
25,1,1
22,4,1
-333,34,0
25,1,1
4,22,1
-140,166,1
6,20,1
17,9,1
-96,122,1
25,1,1
-308,9,0
25,1,1
-371,72,0
-229,255,1
24,2,1
1,25,1
-136,162,1
19,7,1
-31,57,1
23,3,1
-107,133,1
-346,47,0
7,19,1
25,1,1
12,14,1
-207,233,1
-405,106,0
20,6,1
-36,62,1
-324,25,0
19,7,1
22,4,1
-339,40,0
24,2,1
-18,44,1
-35,61,1
-304,5,0
20,6,1
10,16,1
-80,106,1
21,5,1
23,3,1
1,25,1
-300,1,0
-311,12,0
-239,265,1
-15,41,1
-6,32,1
-8,34,1
0,26,1
-314,15,0
-121,147,1
25,1,1
22,4,1
19,7,1
12,14,1
-307,8,0
-307,8,0
-22,48,1
-440,141,0
25,1,1
-336,37,0
-20,46,1
-13,39,1
-561,262,0
22,4,1
-17,43,1
-305,6,0
-323,24,0
-357,58,0
8,18,1
10,16,1
-329,30,0
11,15,1
-305,6,0
-19,45,1
17,9,1
-61,87,1
20,6,1
-49,75,1
25,1,1
-171,197,1
-5,31,1
-9,35,1
-35,61,1
-38,64,1
18,8,1
25,1,1
19,7,1
19,7,1
-360,61,0
-100,126,1
-22,48,1
-68,94,1
-64,90,1
25,1,1
-20,46,1
21,5,1
23,3,1
-81,107,1
-59,85,1
-409,110,0
25,1,1
-378,79,0
8,18,1
-145,171,1
-48,74,1
17,9,1
25,1,1
20,6,1
-425,126,0
-330,31,0
23,3,1
-74,100,1
24,2,1
-5,31,1
-310,11,0
-506,207,0
25,1,1
-20,46,1
-327,28,0
-306,7,0
17,9,1
-372,73,0
-320,21,0
-363,64,0
-322,23,0
-305,6,0
-336,37,0
-412,113,0
-3,29,1
-317,18,0
-317,18,0
14,12,1
-12,38,1
-351,52,0
-357,58,0
-417,118,0
-557,258,0
-2,28,1
-145,171,1
-302,3,0
-448,149,0
25,1,1
-308,9,0
24,2,1
-315,16,0
24,2,1
4,22,1
-502,203,0
-39,65,1
22,4,1
21,5,1
19,7,1
23,3,1
15,11,1
5,21,1
19,7,1
-18,44,1
-301,2,0
-379,80,0
-109,135,1
-13,39,1
22,4,1
24,2,1
-353,54,0
-25,51,1
-24,50,1
-334,35,0
24,2,1
-307,8,0
18,8,1
15,11,1
11,15,1
16,10,1
20,6,1
-468,169,0
-305,6,0
4,22,1
12,14,1
25,1,1
-389,90,0
11,15,1
-466,167,0
18,8,1
25,1,1
-179,205,1
18,8,1
12,14,1
-86,112,1
-2,28,1
9,17,1
-316,17,0
25,1,1
-58,84,1
-303,4,0
-349,50,0
25,1,1
-300,1,0
8,18,1
-361,62,0
24,2,1
-2,28,1
21,5,1
-301,2,0
-14,40,1
0,26,1
-386,87,0
25,1,1
25,1,1
-48,74,1
25,1,1
13,13,1
-47,73,1
-46,72,1
-318,19,0
19,7,1
-47,73,1
-21,47,1
-83,109,1
23,3,1
-70,96,1
-537,238,0
20,6,1
25,1,1
-52,78,1
3,23,1
-343,44,0
-41,67,1
-25,51,1
17,9,1
-115,141,1
-369,70,0
-50,76,1
17,9,1
-1,27,1
14,12,1
-5,31,1
3,23,1
-23,49,1
-52,78,1
-324,25,0
-141,167,1
-1,27,1
-465,166,0
23,3,1
24,2,1
-360,61,0
-355,56,0
24,2,1
-49,75,1
-318,19,0
-23,49,1
-98,124,1
-52,78,1
-29,55,1
19,7,1
-324,25,0
-52,78,1
14,12,1
-309,10,0
3,23,1
-178,204,1
-84,110,1
-11,37,1
-300,1,0
24,2,1
-7,33,1
-301,2,0
21,5,1
-307,8,0
16,10,1
12,14,1
24,2,1
24,2,1
-305,6,0
18,8,1
-301,2,0
-347,48,0
-336,37,0
-2,28,1
-323,24,0
-421,122,0
-10,36,1
-23,49,1
-355,56,0
25,1,1
18,8,1
-27,53,1
-318,19,0
-312,13,0
-175,201,1
-327,28,0
-487,188,0
-378,79,0
9,17,1
-11,37,1
-340,41,0
-9,35,1
10,16,1
-152,178,1
18,8,1
-20,46,1
-577,278,0
23,3,1
11,15,1
17,9,1
25,1,1
7,19,1
1,25,1
25,1,1
-358,59,0
23,3,1
10,16,1
9,17,1
-2,28,1
-174,200,1
8,18,1
-9,35,1
-37,63,1
-314,15,0
-18,44,1
-344,45,0
19,7,1
17,9,1
-311,12,0
13,13,1
-27,53,1
-31,57,1
14,12,1
-5,31,1
-366,67,0
-133,159,1
-354,55,0
25,1,1
-20,46,1
-27,53,1
-17,43,1
21,5,1
24,2,1
-310,11,0
-352,53,0
8,18,1
-2,28,1
11,15,1
17,9,1
-52,78,1
-106,132,1
22,4,1
-110,136,1
21,5,1
25,1,1
5,21,1
-77,103,1
-24,50,1
-12,38,1
-127,153,1
-3,29,1
-12,38,1
24,2,1
-91,117,1
-302,3,0
-473,174,0
-18,44,1
0,26,1
-179,205,1
-313,14,0
-206,232,1
17,9,1
-4,30,1
20,6,1
23,3,1
24,2,1
11,15,1
-55,81,1
-37,63,1
-35,61,1
-2,28,1
25,1,1
-332,33,0
-41,67,1
4,22,1
9,17,1
13,13,1
22,4,1
-65,91,1
-333,34,0
15,11,1
-319,20,0
-60,86,1
-44,70,1
-320,21,0
-314,15,0
-402,103,0
-327,28,0
22,4,1
-59,85,1
-31,57,1
-326,27,0
21,5,1
-77,103,1
23,3,1
19,7,1
-437,138,0
-100,126,1
-331,32,0
-259,285,1
-125,151,1
18,8,1
21,5,1
-340,41,0
-300,1,0
-313,14,0
-301,2,0
18,8,1
-23,49,1
-103,129,1
-65,91,1
25,1,1
-91,117,1
2,24,1
25,1,1
-38,64,1
24,2,1
-315,16,0
-464,165,0
-82,108,1
-10,36,1
-365,66,0
-12,38,1
21,5,1
12,14,1
24,2,1
-308,9,0
23,3,1
13,13,1
-352,53,0
11,15,1
-97,123,1
-41,67,1
-131,157,1
2,24,1
24,2,1
-385,86,0
-382,83,0
9,17,1
25,1,1
-26,52,1
-300,1,0
-38,64,1
-324,25,0
-12,38,1
-311,12,0
15,11,1
-300,1,0
24,2,1
14,12,1
-347,48,0
6,20,1
-43,69,1
8,18,1
-372,73,0
-30,56,1
-398,99,0
19,7,1
25,1,1
-300,1,0
-53,79,1
-303,4,0
25,1,1
18,8,1
-422,123,0
-454,155,0
25,1,1
24,2,1
24,2,1
-18,44,1
-368,69,0
-375,76,0
-316,17,0
11,15,1
-7,33,1
-464,165,0
20,6,1
-323,24,0
-8,34,1
-248,274,1
-144,170,1
20,6,1
-11,37,1
20,6,1
23,3,1
-110,136,1
-312,13,0
-353,54,0
22,4,1
-318,19,0
22,4,1
20,6,1
-327,28,0
-46,72,1
21,5,1
-39,65,1
-48,74,1
-300,1,0
-329,30,0
-3,29,1
-141,167,1
8,18,1
-540,241,0
21,5,1
-534,235,0
-305,6,0
15,11,1
12,14,1
-17,43,1
-52,78,1
24,2,1
-344,45,0
25,1,1
-316,17,0
7,19,1
-303,4,0
-26,52,1
-304,5,0
19,7,1
25,1,1
-612,313,0
-370,71,0
23,3,1
-15,41,1
-322,23,0
-344,45,0
-37,63,1
3,23,1
-359,60,0
-23,49,1
-62,88,1
-4,30,1
-110,136,1
-423,124,0
4,22,1
-54,80,1
22,4,1
-186,212,1
-305,6,0
11,15,1
-4,30,1
19,7,1
-76,102,1
-344,45,0
-383,84,0
-29,55,1
24,2,1
-312,13,0
16,10,1
16,10,1
-345,46,0
24,2,1
-308,9,0
19,7,1
-368,69,0
-3,29,1
21,5,1
13,13,1
-303,4,0
-66,92,1
-148,174,1
-45,71,1
-306,7,0
-481,182,0
-348,49,0
11,15,1
-85,111,1
15,11,1
25,1,1
-301,2,0
-310,11,0
4,22,1
17,9,1
-141,167,1
19,7,1
25,1,1
15,11,1
-302,3,0
-301,2,0
-28,54,1
23,3,1
-9,35,1
-379,80,0
-373,74,0
0,26,1
-1,27,1
-447,148,0
-525,226,0
16,10,1
24,2,1
-442,143,0
25,1,1
-442,143,0
2,24,1
-301,2,0
19,7,1
-39,65,1
-314,15,0
17,9,1
23,3,1
-304,5,0
25,1,1
-564,265,0
18,8,1
10,16,1
-25,51,1
24,2,1
15,11,1
23,3,1
-411,112,0
19,7,1
-478,179,0
-329,30,0
16,10,1
20,6,1
-22,48,1
-496,197,0
-365,66,0
24,2,1
-344,45,0
-10,36,1
-88,114,1
-80,106,1
24,2,1
24,2,1
23,3,1
-150,176,1
21,5,1
-11,37,1
21,5,1
-154,180,1
-306,7,0
-403,104,0
-378,79,0
10,16,1
-339,40,0
22,4,1
25,1,1
-307,8,0
24,2,1
21,5,1
-41,67,1
8,18,1
-350,51,0
5,21,1
-301,2,0
-343,44,0
24,2,1
-14,40,1
-74,100,1
-60,86,1
-22,48,1
20,6,1
-323,24,0
23,3,1
24,2,1
-313,14,0
1,25,1
5,21,1
-301,2,0
-409,110,0
9,17,1
-340,41,0
8,18,1
1,25,1
-8,34,1
-373,74,0
22,4,1
25,1,1
-574,275,0
-46,72,1
-113,139,1
-65,91,1
-67,93,1
-520,221,0
-24,50,1
25,1,1
-305,6,0
25,1,1
-10,36,1
4,22,1
-467,168,0
-13,39,1
-357,58,0
20,6,1
2,24,1
-45,71,1
-12,38,1
-300,1,0
-318,19,0
11,15,1
-72,98,1
10,16,1
-338,39,0
25,1,1
18,8,1
3,23,1
-16,42,1
-205,231,1
-4,30,1
-21,47,1
8,18,1
19,7,1
24,2,1
-387,88,0
-205,231,1
-397,98,0
-80,106,1
-5,31,1
-300,1,0
-175,201,1
-300,1,0
-326,27,0
-307,8,0
-351,52,0
-17,43,1
-345,46,0
-311,12,0
4,22,1
-306,7,0
17,9,1
-121,147,1
-208,234,1
25,1,1
25,1,1
25,1,1
-401,102,0
-168,194,1
25,1,1
14,12,1
10,16,1
-441,467,1
-364,65,0
25,1,1
7,19,1
-18,44,1
25,1,1
-127,153,1
24,2,1
-300,1,0
-468,169,0
13,13,1
12,14,1
12,14,1
-375,76,0
-23,49,1
-342,43,0
-51,77,1
-301,2,0
-158,184,1
23,3,1
12,14,1
-368,69,0
10,16,1
-454,155,0
-360,61,0
-327,28,0
-100,126,1
-339,40,0
19,7,1
-343,44,0
-510,211,0
21,5,1
1,25,1
-337,38,0
25,1,1
-53,79,1
-366,67,0
-134,160,1
-468,169,0
-353,54,0
-326,27,0
24,2,1
-335,36,0
24,2,1
-5,31,1
14,12,1
15,11,1
-3,29,1
17,9,1
-102,128,1
24,2,1
-343,44,0
14,12,1
-395,96,0
-312,13,0
21,5,1
-359,60,0
10,16,1
2,24,1
21,5,1
-359,60,0
-300,1,0
13,13,1
20,6,1
-373,74,0
-87,113,1
-585,286,0
-301,2,0
-355,56,0
-315,16,0
17,9,1
24,2,1
-433,134,0
-39,65,1
-45,71,1
-222,248,1
-418,119,0
25,1,1
-352,53,0
-124,150,1
-19,45,1
24,2,1
-309,10,0
-18,44,1
-104,130,1
-127,153,1
-345,46,0
18,8,1
-98,124,1
-317,18,0
-2,28,1
-11,37,1
-320,21,0
-300,1,0
-163,189,1
22,4,1
-128,154,1
-302,3,0
25,1,1
-307,8,0
-76,102,1
-18,44,1
5,21,1
-442,143,0
-46,72,1
22,4,1
25,1,1
5,21,1
25,1,1
22,4,1
-346,47,0
-63,89,1
-377,78,0
-60,86,1
-483,184,0
18,8,1
-384,85,0
-338,39,0
-306,7,0
-158,184,1
21,5,1
-312,13,0
4,22,1
14,12,1
-309,10,0
-329,30,0
-108,134,1
5,21,1
-345,46,0
25,1,1
-41,67,1
-18,44,1
12,14,1
12,14,1
-305,6,0
-300,1,0
-38,64,1
-118,144,1
-321,22,0
24,2,1
-104,130,1
25,1,1
21,5,1
20,6,1
25,1,1
11,15,1
-325,26,0
-369,70,0
13,13,1
20,6,1
-8,34,1
-35,61,1
-69,95,1
25,1,1
-402,103,0
25,1,1
-58,84,1
-60,86,1
-310,11,0
-308,9,0
-472,173,0
7,19,1
-135,161,1
-131,157,1
-139,165,1
-162,188,1
-19,45,1
19,7,1
-301,2,0
7,19,1
5,21,1
25,1,1
-412,113,0
-371,72,0
4,22,1
-374,75,0
20,6,1
24,2,1
-366,67,0
22,4,1
10,16,1
25,1,1
20,6,1
-76,102,1
15,11,1
23,3,1
-300,1,0
-8,34,1
19,7,1
11,15,1
-53,79,1
-31,57,1
-4,30,1
-354,55,0
-23,49,1
25,1,1
-433,134,0
9,17,1
-27,53,1
-18,44,1
7,19,1
1,25,1
-428,129,0
-378,79,0
-27,53,1
23,3,1
-314,15,0
-1,27,1
25,1,1
-28,54,1
-218,244,1
-21,47,1
23,3,1
25,1,1
-3,29,1
7,19,1
25,1,1
-349,50,0
-430,131,0
-2,28,1
-309,10,0
-354,55,0
-361,62,0
1,25,1
-23,49,1
24,2,1
5,21,1
-300,1,0
-11,37,1
24,2,1
-70,96,1
4,22,1
-385,86,0
-165,191,1
-442,468,1
-304,5,0
19,7,1
25,1,1
24,2,1
21,5,1
12,14,1
-28,54,1
-386,87,0
21,5,1
-46,72,1
-24,50,1
23,3,1
-143,169,1
-300,1,0
-113,139,1
-300,1,0
-14,40,1
-25,51,1
-337,38,0
13,13,1
-329,30,0
-51,77,1
14,12,1
-317,18,0
25,1,1
-413,114,0
-329,30,0
-301,2,0
25,1,1
23,3,1
-116,142,1
-340,366,1
-357,58,0
25,1,1
-61,87,1
-490,191,0
-7,33,1
4,22,1
12,14,1
-312,13,0
10,16,1
-109,135,1
-115,141,1
17,9,1
-340,41,0
-411,112,0
20,6,1
-341,42,0
-340,41,0
-350,51,0
-3,29,1
18,8,1
5,21,1
-3,29,1
24,2,1
-15,41,1
16,10,1
-64,90,1
-338,39,0
-160,186,1
-810,511,0
4,22,1
19,7,1
-301,2,0
18,8,1
24,2,1
-92,118,1
21,5,1
-4,30,1
24,2,1
0,26,1
-48,74,1
-35,61,1
23,3,1
25,1,1
20,6,1
25,1,1
24,2,1
12,14,1
-94,120,1
-68,94,1
19,7,1
25,1,1
-325,26,0
-60,86,1
-95,121,1
20,6,1
25,1,1
-171,197,1
-344,45,0
-314,15,0
-312,13,0
25,1,1
-154,180,1
19,7,1
25,1,1
-450,151,0
-310,11,0
-24,50,1
25,1,1
-314,15,0
-92,118,1
-505,206,0
-22,48,1
-312,13,0
-307,8,0
-365,66,0
22,4,1
-477,503,1
-84,110,1
-364,65,0
17,9,1
-63,89,1
4,22,1
18,8,1
-132,158,1
-20,46,1
18,8,1
-337,38,0
-676,702,1
25,1,1
9,17,1
-50,76,1
-109,135,1
-343,44,0
-26,52,1
25,1,1
24,2,1
-526,227,0
-4,30,1
-320,21,0
-63,89,1
-144,170,1
19,7,1
-318,19,0
25,1,1
9,17,1
-59,85,1
22,4,1
-319,20,0
-343,44,0
-35,61,1
-359,60,0
20,6,1
17,9,1
-75,101,1
16,10,1
-40,66,1
-134,160,1
-315,16,0
-146,172,1
12,14,1
-43,69,1
10,16,1
-342,43,0
-316,17,0
12,14,1
-348,49,0
-362,63,0
21,5,1
-7,33,1
-27,53,1
-765,466,0
24,2,1
-302,3,0
20,6,1
25,1,1
13,13,1
-360,61,0
24,2,1
-29,55,1
-230,256,1
-15,41,1
13,13,1
-316,17,0
1,25,1
-25,51,1
-495,196,0
-21,47,1
19,7,1
12,14,1
-301,2,0
-565,591,1
25,1,1
-312,13,0
18,8,1
-12,38,1
-304,5,0
23,3,1
-61,87,1
-100,126,1
25,1,1
-475,176,0
-107,133,1
-366,67,0
-304,5,0
19,7,1
-36,62,1
10,16,1
14,12,1
16,10,1
19,7,1
14,12,1
20,6,1
-165,191,1
23,3,1
-301,2,0
-8,34,1
-30,56,1
9,17,1
25,1,1
-374,75,0
15,11,1
-39,65,1
-362,388,1
25,1,1
-39,65,1
24,2,1
17,9,1
-8,34,1
-381,82,0
-376,77,0
-319,20,0
25,1,1
-302,3,0
-310,11,0
-375,76,0
-353,54,0
-313,14,0
21,5,1
-72,98,1
24,2,1
15,11,1
25,1,1
-88,114,1
-301,2,0
4,22,1
-22,48,1
-305,6,0
-316,17,0
25,1,1
22,4,1
-414,115,0
-331,32,0
-89,115,1
8,18,1
17,9,1
5,21,1
-10,36,1
-30,56,1
-11,37,1
-300,1,0
23,3,1
-17,43,1
-307,8,0
-359,60,0
-340,41,0
-325,26,0
8,18,1
11,15,1
-383,84,0
5,21,1
-114,140,1
-10,36,1
-25,51,1
-4,30,1
-10,36,1
18,8,1
-300,1,0
-557,258,0
-319,20,0
-372,73,0
-33,59,1
-305,6,0
12,14,1
12,14,1
-3,29,1
-63,89,1
13,13,1
21,5,1
23,3,1
-311,12,0
-11,37,1
-329,30,0
-36,62,1
-313,14,0
-66,92,1
-340,41,0
25,1,1
14,12,1
-83,109,1
-355,56,0
20,6,1
22,4,1
24,2,1
-63,89,1
-300,1,0
-48,74,1
-35,61,1
25,1,1
8,18,1
-300,1,0
-13,39,1
-474,175,0
16,10,1
15,11,1
-56,82,1
-7,33,1
-57,83,1
-30,56,1
12,14,1
23,3,1
2,24,1
6,20,1
-387,88,0
-509,210,0
-1,27,1
24,2,1
-378,79,0
13,13,1
-10,36,1
-356,57,0
-25,51,1
-29,55,1
4,22,1
15,11,1
-26,52,1
6,20,1
-54,80,1
25,1,1
21,5,1
-134,160,1
-309,10,0
4,22,1
-300,1,0
19,7,1
21,5,1
3,23,1
25,1,1
-13,39,1
20,6,1
-15,41,1
-85,111,1
-72,98,1
-551,252,0
-168,194,1
-331,32,0
25,1,1
-13,39,1
-136,162,1
-185,211,1
-125,151,1
-324,25,0
23,3,1
-36,62,1
-93,119,1
25,1,1
25,1,1
-13,39,1
14,12,1
-9,35,1
22,4,1
-376,77,0
4,22,1
11,15,1
25,1,1
-67,93,1
19,7,1
21,5,1
17,9,1
24,2,1
22,4,1
-332,33,0
-19,45,1
19,7,1
-319,20,0
-309,10,0
16,10,1
22,4,1
12,14,1
-364,65,0
-38,64,1
-301,2,0
18,8,1
14,12,1
23,3,1
25,1,1
-443,144,0
-12,38,1
15,11,1
24,2,1
-25,51,1
-53,79,1
-10,36,1
-21,47,1
-1,27,1
-86,112,1
-40,66,1
22,4,1
15,11,1
-300,1,0
-318,19,0
-45,71,1
-304,5,0
-6,32,1
-329,30,0
5,21,1
24,2,1
-6,32,1
14,12,1
23,3,1
-315,16,0
13,13,1
7,19,1
25,1,1
8,18,1
-28,54,1
16,10,1
-15,41,1
24,2,1
-105,131,1
-2,28,1
-2,28,1
-337,38,0
21,5,1
-379,80,0
19,7,1
-386,87,0
21,5,1
-5,31,1
-362,63,0
-326,27,0
1,25,1
21,5,1
-33,59,1
-252,278,1
23,3,1
-4,30,1
2,24,1
12,14,1
18,8,1
21,5,1
-71,97,1
25,1,1
25,1,1
-103,129,1
18,8,1
22,4,1
24,2,1
-348,49,0
-500,201,0
-193,219,1
-303,4,0
-174,200,1
-2,28,1
-347,48,0
-311,12,0
-83,109,1
-250,276,1
-467,168,0
-318,19,0
-64,90,1
-312,13,0
-320,21,0
-11,37,1
-332,33,0
-98,124,1
-404,105,0
-17,43,1
14,12,1
-370,71,0
-360,61,0
22,4,1
15,11,1
24,2,1
19,7,1
24,2,1
23,3,1
15,11,1
23,3,1
25,1,1
-91,117,1
-74,100,1
-300,1,0
-93,119,1
-52,78,1
25,1,1
22,4,1
-32,58,1
13,13,1
24,2,1
-232,258,1
-336,37,0
-369,70,0
24,2,1
-334,35,0
24,2,1
15,11,1
25,1,1
-350,51,0
-349,50,0
-351,52,0
22,4,1
-344,45,0
-446,147,0
-341,42,0
-360,61,0
16,10,1
-434,135,0
-42,68,1
-17,43,1
-42,68,1
-16,42,1
-359,60,0
17,9,1
-367,68,0
-18,44,1
24,2,1
16,10,1
11,15,1
-51,77,1
19,7,1
-8,34,1
-313,14,0
-88,114,1
9,17,1
-627,328,0
16,10,1
-308,9,0
-8,34,1
0,26,1
23,3,1
-5,31,1
23,3,1
-307,8,0
-31,57,1
14,12,1
14,12,1
-322,23,0
-307,8,0
-300,1,0
-166,192,1
23,3,1
-387,88,0
-372,73,0
-33,59,1
-306,7,0
23,3,1
23,3,1
-477,178,0
16,10,1
-311,12,0
3,23,1
-340,41,0
16,10,1
23,3,1
-302,328,1
-18,44,1
-32,58,1
-30,56,1
25,1,1
-77,103,1
-28,54,1
19,7,1
25,1,1
-7,33,1
-51,77,1
3,23,1
-497,198,0
21,5,1
-8,34,1
3,23,1
-365,66,0
-305,6,0
23,3,1
-363,64,0
-55,81,1
-68,94,1
-448,149,0
-22,48,1
8,18,1
21,5,1
-316,17,0
-413,114,0
-314,15,0
-14,40,1
23,3,1
24,2,1
-22,48,1
21,5,1
8,18,1
13,13,1
-313,14,0
9,17,1
18,8,1
-8,34,1
-50,76,1
-213,239,1
-44,70,1
-413,114,0
-5,31,1
-119,145,1
-344,45,0
-359,60,0
-326,27,0
-59,85,1
12,14,1
-365,66,0
9,17,1
-16,42,1
-8,34,1
18,8,1
-85,111,1
-7,33,1
-343,44,0
25,1,1
22,4,1
-178,204,1
-42,68,1
22,4,1
12,14,1
-303,4,0
-304,5,0
-20,46,1
13,13,1
-447,148,0
-352,53,0
-34,60,1
-335,36,0
23,3,1
12,14,1
-376,77,0
-311,12,0
-311,12,0
19,7,1
23,3,1
24,2,1
-10,36,1
-21,47,1
-312,13,0
-335,36,0
-148,174,1
-350,51,0
20,6,1
-479,180,0
25,1,1
-7,33,1
-300,1,0
17,9,1
12,14,1
-348,49,0
-308,9,0
-313,14,0
20,6,1
-33,59,1
8,18,1
-28,54,1
-135,161,1
3,23,1
14,12,1
25,1,1
-67,93,1
13,13,1
-55,81,1
-401,102,0
11,15,1
-404,105,0
-13,39,1
-131,157,1
-305,6,0
-403,104,0
-328,29,0
11,15,1
-435,136,0
25,1,1
-110,136,1
-472,173,0
-21,47,1
-32,58,1
-363,64,0
19,7,1
-324,25,0
-31,57,1
-515,216,0
24,2,1
25,1,1
-306,7,0
7,19,1
-533,234,0
5,21,1
23,3,1
-48,74,1
-512,213,0
11,15,1
-328,29,0
-52,78,1
-300,1,0
-99,125,1
11,15,1
25,1,1
4,22,1
-490,191,0
-10,36,1
-306,7,0
-368,69,0
-21,47,1
-48,74,1
-35,61,1
-349,50,0
-373,74,0
17,9,1
13,13,1
-429,130,0
11,15,1
15,11,1
-446,147,0
14,12,1
-159,185,1
-1,27,1
5,21,1
-15,41,1
25,1,1
-3,29,1
-2,28,1
-67,93,1
-352,53,0
-111,137,1
-303,4,0
-364,65,0
25,1,1
-184,210,1
8,18,1
13,13,1
25,1,1
-26,52,1
-36,62,1
-387,88,0
12,14,1
25,1,1
11,15,1
-310,11,0
-317,18,0
-314,15,0
-1,27,1
24,2,1
2,24,1
-322,23,0
-56,82,1
-464,165,0
21,5,1
-8,34,1
-136,162,1
21,5,1
-325,26,0
-402,103,0
-4,30,1
12,14,1
-360,61,0
25,1,1
-311,12,0
24,2,1
22,4,1
22,4,1
-379,80,0
-145,171,1
24,2,1
-161,187,1
4,22,1
-98,124,1
25,1,1
22,4,1
-406,107,0
-446,147,0
-310,11,0
-1,27,1
24,2,1
24,2,1
-27,53,1
18,8,1
-301,2,0
-219,245,1
-275,301,1
2,24,1
-114,140,1
24,2,1
23,3,1
-363,64,0
-414,115,0
-61,87,1
24,2,1
-59,85,1
24,2,1
-41,67,1
-340,41,0
22,4,1
24,2,1
5,21,1
23,3,1
25,1,1
9,17,1
0,26,1
-7,33,1
24,2,1
-89,115,1
20,6,1
-54,80,1
-61,87,1
24,2,1
-341,42,0
-52,78,1
-306,7,0
-396,97,0
-307,8,0
12,14,1
4,22,1
-322,23,0
-317,18,0
-304,5,0
25,1,1
-59,85,1
-351,52,0
4,22,1
23,3,1
-46,72,1
15,11,1
-325,26,0
-227,253,1
24,2,1
-321,22,0
-448,149,0
19,7,1
-6,32,1
-10,36,1
25,1,1
10,16,1
19,7,1
12,14,1
-314,15,0
6,20,1
-320,21,0
9,17,1
-110,136,1
15,11,1
-318,19,0
22,4,1
-143,169,1
1,25,1
-80,106,1
23,3,1
-300,1,0
-333,34,0
24,2,1
-58,84,1
18,8,1
20,6,1
-174,200,1
-108,134,1
-10,36,1
-73,99,1
5,21,1
-50,76,1
18,8,1
-375,76,0
-11,37,1
-4,30,1
-398,99,0
-140,166,1
24,2,1
-57,83,1
25,1,1
-376,77,0
24,2,1
-14,40,1
23,3,1
-28,54,1
-314,15,0
21,5,1
13,13,1
-19,45,1
-46,72,1
-47,73,1
25,1,1
23,3,1
-43,69,1
6,20,1
-24,50,1
-407,108,0
-375,76,0
-359,60,0
2,24,1
-171,197,1
-77,103,1
-19,45,1
-574,275,0
-96,122,1
-20,46,1
23,3,1
-41,67,1
1,25,1
-356,57,0
18,8,1
13,13,1
-402,103,0
-89,115,1
20,6,1
24,2,1
20,6,1
25,1,1
20,6,1
-300,1,0
-15,41,1
-344,45,0
4,22,1
-402,103,0
22,4,1
-48,74,1
25,1,1
24,2,1
16,10,1
24,2,1
22,4,1
13,13,1
-163,189,1
-304,5,0
-26,52,1
22,4,1
13,13,1
24,2,1
-304,5,0
-15,41,1
-39,65,1
25,1,1
19,7,1
-208,234,1
-37,63,1
-386,87,0
-360,61,0
-26,52,1
25,1,1
-9,35,1
-303,4,0
23,3,1
-20,46,1
17,9,1
-16,42,1
1,25,1
-80,106,1
-391,92,0
16,10,1
24,2,1
25,1,1
3,23,1
23,3,1
-315,16,0
24,2,1
2,24,1
-5,31,1
23,3,1
-6,32,1
-21,47,1
-6,32,1
-300,1,0
25,1,1
-307,8,0
-38,64,1
24,2,1
-308,9,0
5,21,1
20,6,1
-34,60,1
-10,36,1
-404,105,0
-11,37,1
24,2,1
-331,32,0
25,1,1
-3,29,1
22,4,1
-3,29,1
-422,123,0
-339,40,0
-19,45,1
-320,21,0
-310,11,0
-6,32,1
-66,92,1
23,3,1
0,26,1
10,16,1
8,18,1
-544,245,0
-19,45,1
-314,15,0
-419,120,0
-300,1,0
6,20,1
-7,33,1
-316,17,0
16,10,1
-360,61,0
-324,25,0
25,1,1
-379,80,0
-453,154,0
15,11,1
21,5,1
-339,40,0
-65,91,1
-35,61,1
-308,9,0
-62,88,1
-322,23,0
25,1,1
6,20,1
-20,46,1
24,2,1
-191,217,1
15,11,1
10,16,1
-300,1,0
-464,165,0
-300,1,0
-300,1,0
-586,287,0
22,4,1
22,4,1
22,4,1
25,1,1
23,3,1
14,12,1
-304,330,1
-26,52,1
18,8,1
-198,224,1
-364,65,0
13,13,1
22,4,1
-166,192,1
25,1,1
25,1,1
-300,1,0
15,11,1
-429,130,0
24,2,1
-36,62,1
21,5,1
-6,32,1
9,17,1
-365,66,0
21,5,1
-193,219,1
-3,29,1
-27,53,1
19,7,1
2,24,1
-37,63,1
22,4,1
25,1,1
10,16,1
18,8,1
-324,25,0
17,9,1
-313,14,0
-28,54,1
-463,164,0
-398,99,0
19,7,1
-11,37,1
-5,31,1
-228,254,1
12,14,1
-24,50,1
-121,147,1
20,6,1
-11,37,1
-266,292,1
-317,18,0
-11,37,1
-14,40,1
23,3,1
16,10,1
-24,50,1
-355,56,0
-545,246,0
24,2,1
-302,3,0
25,1,1
-47,73,1
-307,8,0
16,10,1
23,3,1
23,3,1
8,18,1
-321,22,0
25,1,1
-311,12,0
16,10,1
22,4,1
14,12,1
-50,76,1
-304,5,0
-3,29,1
-17,43,1
21,5,1
23,3,1
-338,39,0
25,1,1
14,12,1
-4,30,1
-370,71,0
25,1,1
20,6,1
3,23,1
-115,141,1
-821,522,0
12,14,1
-4,30,1
-78,104,1
19,7,1
-11,37,1
25,1,1
-6,32,1
-340,41,0
-267,293,1
-359,60,0
-262,288,1
25,1,1
-309,10,0
14,12,1
-14,40,1
25,1,1
-52,78,1
-491,192,0
-357,58,0
-450,151,0
-60,86,1
-4,30,1
-46,72,1
-322,23,0
-419,120,0
-5,31,1
20,6,1
16,10,1
-300,1,0
25,1,1
22,4,1
-21,47,1
-315,16,0
24,2,1
18,8,1
-313,14,0
-49,75,1
21,5,1
-19,45,1
8,18,1
25,1,1
-303,4,0
24,2,1
-288,314,1
-12,38,1
14,12,1
-327,28,0
24,2,1
-82,108,1
-6,32,1
-314,15,0
-345,46,0
23,3,1
-41,67,1
0,26,1
19,7,1
24,2,1
3,23,1
-334,35,0
22,4,1
-25,51,1
-336,37,0
-439,140,0
-30,56,1
-390,91,0
-431,132,0
-24,50,1
-90,116,1
23,3,1
23,3,1
-348,49,0
-62,88,1
4,22,1
22,4,1
-230,256,1
9,17,1
-624,325,0
-20,46,1
0,26,1
-303,4,0
-317,18,0
24,2,1
20,6,1
-313,14,0
8,18,1
-31,57,1
-57,83,1
7,19,1
-434,135,0
5,21,1
-348,49,0
-16,42,1
-26,52,1
24,2,1
1,25,1
25,1,1
22,4,1
-333,34,0
0,26,1
-190,216,1
19,7,1
-158,184,1
-160,186,1
-96,122,1
-423,124,0
-19,45,1
11,15,1
25,1,1
-222,248,1
12,14,1
-321,22,0
-319,20,0
15,11,1
10,16,1
-98,124,1
-370,71,0
15,11,1
16,10,1
24,2,1
-11,37,1
23,3,1
6,20,1
25,1,1
-15,41,1
-203,229,1
19,7,1
-18,44,1
-100,126,1
6,20,1
-74,100,1
-34,60,1
-127,153,1
21,5,1
7,19,1
-342,43,0
-41,67,1
-44,70,1
-2,28,1
11,15,1
2,24,1
16,10,1
24,2,1
15,11,1
-6,32,1
-89,115,1
-507,208,0
2,24,1
23,3,1
24,2,1
-371,72,0
-348,49,0
-316,17,0
14,12,1
-14,40,1
25,1,1
25,1,1
-177,203,1
11,15,1
22,4,1
-381,82,0
25,1,1
-21,47,1
-1,27,1
-5,31,1
12,14,1
-44,70,1
11,15,1
-434,135,0
24,2,1
23,3,1
20,6,1
-22,48,1
19,7,1
-310,11,0
20,6,1
-101,127,1
-429,455,1
-11,37,1
-50,76,1
25,1,1
-479,180,0
-21,47,1
-89,115,1
-320,21,0
-302,3,0
-20,46,1
-339,40,0
-356,57,0
-624,325,0
-229,255,1
25,1,1
-333,34,0
-54,80,1
-63,89,1
-8,34,1
-27,53,1
-560,261,0
25,1,1
-351,52,0
11,15,1
21,5,1
-301,2,0
13,13,1
-10,36,1
-340,41,0
9,17,1
-131,157,1
9,17,1
25,1,1
24,2,1
9,17,1
-34,60,1
-404,105,0
-310,11,0
