-262,54,0
-247,57,0
70,52,1
43,61,1
72,110,1
-299,7,0
39,60,1
33,5,1
-299,6,0
-231,113,0
28,2,1
100,102,1
47,14,1
-293,8,0
55,46,1
-284,59,0
-284,19,0
-299,4,0
-300,1,0
-309,11,0
-301,5,0
-293,34,0
-294,33,0
61,57,1
-279,52,0
-234,152,0
125,176,1
-312,42,0
-292,10,0
37,11,1
41,13,1
-251,94,0
-295,6,0
33,18,1
-132,334,0
-297,2,0
-165,235,0
-276,55,0
-288,55,0
85,62,1
-289,55,0
-254,104,0
34,4,1
28,2,1
-292,31,0
156,151,1
105,147,1
24,2,1
42,27,1
-197,223,0
-300,68,0
68,38,1
-298,12,0
36,29,1
25,1,1
43,16,1
-285,15,0
-267,41,0
-303,13,0
-275,43,0
-16,474,0
-300,1,0
-222,249,0
-280,32,0
38,10,1
30,7,1
-210,108,0
34,7,1
-299,6,0
55,20,1
50,14,1
171,257,1
-259,100,0
-291,8,0
-263,59,0
-300,1,0
80,72,1
-298,5,0
-300,15,0
39,17,1
-270,45,0
25,1,1
-267,62,0
80,56,1
63,37,1
-303,17,0
-265,66,0
-280,17,0
-287,73,0
-300,1,0
-280,41,0
-207,146,0
-245,61,0
25,1,1
64,67,1
45,9,1
44,13,1
-300,7,0
-199,114,0
25,1,1
-298,6,0
-249,103,0
-262,46,0
-190,165,0
-286,13,0
-278,63,0
-265,63,0
-278,17,0
-285,23,0
-265,38,0
-297,7,0
33,8,1
-302,2,0
-290,44,0
-300,1,0
-194,194,0
-304,6,0
65,40,1
40,11,1
-276,54,0
-298,5,0
-253,66,0
-299,3,0
40,12,1
-265,41,0
-281,44,0
43,19,1
-303,26,0
-287,37,0
-300,4,0
-251,79,0
96,146,1
25,1,1
-273,76,0
28,2,1
40,18,1
-220,119,0
57,28,1
49,22,1
67,59,1
64,53,1
37,10,1
37,14,1
51,27,1
92,72,1
29,4,1
-262,106,0
-301,10,0
-301,2,0
75,60,1
105,128,1
-227,100,0
-289,104,0
37,8,1
-277,35,0
110,99,1
75,108,1
36,11,1
-275,11,0
40,6,1
-287,25,0
92,161,1
47,20,1
-267,77,0
59,40,1
-289,39,0
21,3,1
-284,30,0
66,36,1
-248,95,0
25,1,1
26,6,1
-294,8,0
26,3,1
50,25,1
-297,8,0
-291,26,0
34,17,1
-123,238,0
44,23,1
47,34,1
31,9,1
28,2,1
-284,14,0
49,20,1
-288,14,0
34,14,1
-280,60,0
-254,100,0
46,43,1
-229,145,0
-259,51,0
-286,54,0
-290,15,0
57,28,1
77,54,1
-268,56,0
25,1,1
-275,31,0
-177,202,0
-289,19,0
150,159,1
-305,10,0
-296,8,0
-281,12,0
189,226,1
25,1,1
-253,89,0
86,67,1
-118,403,0
-288,66,0
-273,86,0
-108,288,0
-266,92,0
-293,14,0
-266,41,0
-274,38,0
-217,106,0
42,16,1
68,35,1
45,42,1
-125,293,0
-236,63,0
37,14,1
-262,66,0
76,91,1
-297,8,0
-262,42,0
35,13,1
-250,36,0
25,1,1
-307,7,0
-305,36,0
34,7,1
-284,50,0
-227,164,0
-299,12,0
-213,144,0
55,50,1
-237,122,0
32,9,1
38,8,1
63,52,1
-297,10,0
56,76,1
-291,68,0
68,95,1
-265,94,0
-296,7,0
-286,27,0
28,2,1
-260,94,0
-300,1,0
31,3,1
-302,2,0
44,21,1
55,47,1
-293,30,0
-293,8,0
25,1,1
-189,180,0
-272,56,0
-301,2,0
-222,135,0
64,56,1
23,2,1
-252,86,0
34,4,1
-293,8,0
-270,54,0
-272,85,0
-245,81,0
-236,126,0
-284,15,0
-281,32,0
28,7,1
58,44,1
57,73,1
31,3,1
55,28,1
-293,12,0
-270,52,0
-157,264,0
-300,6,0
30,7,1
-268,63,0
59,54,1
-281,23,0
-300,9,0
45,31,1
25,1,1
25,1,1
-298,8,0
-258,62,0
25,1,1
-271,34,0
-302,12,0
-165,273,0
-298,3,0
-300,1,0
94,111,1
-300,18,0
72,53,1
-186,286,0
42,8,1
133,152,1
-297,13,0
27,17,1
-297,2,0
54,28,1
-307,16,0
-297,2,0
-226,162,0
39,16,1
-267,107,0
90,83,1
72,39,1
-281,25,0
-297,7,0
-252,59,0
-301,16,0
37,18,1
-307,5,0
97,90,1
-296,7,0
116,136,1
26,3,1
-280,63,0
-274,27,0
27,5,1
-283,25,0
63,37,1
37,10,1
62,36,1
-158,289,0
-296,53,0
38,7,1
-305,7,0
-255,111,0
-292,11,0
25,1,1
-281,10,0
-243,135,0
-272,72,0
-300,1,0
-297,5,0
-300,1,0
-273,58,0
74,67,1
-280,33,0
183,257,1
-278,40,0
36,24,1
36,9,1
-279,23,0
-300,1,0
-238,119,0
32,8,1
-297,11,0
-296,16,0
-267,45,0
-248,76,0
43,33,1
37,12,1
-273,28,0
-180,211,0
-286,12,0
68,35,1
32,15,1
37,8,1
-285,20,0
-272,64,0
-298,30,0
42,11,1
53,50,1
55,21,1
33,13,1
74,76,1
-254,55,0
-286,17,0
-251,65,0
28,2,1
34,4,1
-294,30,0
130,140,1
-282,52,0
-218,190,0
75,62,1
60,35,1
-284,18,0
149,188,1
55,29,1
127,125,1
33,14,1
33,8,1
-274,63,0
62,41,1
-245,83,0
-288,25,0
-272,30,0
77,56,1
30,10,1
-241,140,0
-275,50,0
-290,24,0
69,35,1
25,1,1
-246,170,0
-293,28,0
56,38,1
-289,93,0
-283,17,0
-286,14,0
-300,10,0
-303,30,0
-255,142,0
27,19,1
-305,13,0
25,1,1
-266,37,0
-281,29,0
48,30,1
-303,3,0
25,1,1
86,111,1
-288,16,0
58,38,1
-286,30,0
69,45,1
24,2,1
-176,188,0
-299,3,0
25,1,1
-274,27,0
-295,6,0
104,108,1
-260,37,0
24,2,1
24,9,1
-288,22,0
40,12,1
-292,34,0
-299,4,0
-305,13,0
-297,5,0
-267,40,0
69,62,1
-299,3,0
-268,101,0
-311,19,0
-296,8,0
-301,11,0
33,8,1
25,1,1
-244,142,0
155,195,1
54,51,1
-296,7,0
-268,57,0
-300,40,0
49,22,1
-252,90,0
76,122,1
42,47,1
25,1,1
-266,58,0
25,1,1
53,40,1
-232,98,0
-300,13,0
31,9,1
25,1,1
-294,14,0
-300,1,0
58,67,1
37,16,1
97,136,1
82,62,1
-274,25,0
48,10,1
-186,194,0
-179,216,0
52,38,1
-273,42,0
-299,3,0
-264,61,0
-307,21,0
-304,7,0
25,1,1
-282,41,0
-281,38,0
22,6,1
104,128,1
61,29,1
-283,39,0
32,8,1
-216,114,0
-276,83,0
107,172,1
39,10,1
-273,46,0
106,120,1
81,52,1
30,28,1
-267,41,0
83,90,1
52,19,1
-222,72,0
-288,5,0
-255,74,0
40,28,1
-298,9,0
45,31,1
53,35,1
25,1,1
117,154,1
-247,135,0
-300,1,0
50,25,1
131,163,1
-304,6,0
-290,20,0
41,12,1
-260,54,0
-299,3,0
70,109,1
-263,75,0
-269,34,0
-292,5,0
-276,51,0
-290,23,0
30,18,1
53,18,1
-269,130,0
26,3,1
-299,3,0
-273,47,0
25,1,1
47,21,1
-294,8,0
33,5,1
-284,20,0
-285,29,0
-299,3,0
41,14,1
23,2,1
28,2,1
-293,40,0
121,160,1
31,3,1
69,103,1
-96,361,0
-290,28,0
-293,8,0
-278,50,0
80,65,1
-266,49,0
99,118,1
31,9,1
48,13,1
-300,6,0
-302,2,0
-297,18,0
-300,1,0
-250,134,0
106,96,1
-283,14,0
-290,18,0
28,2,1
147,180,1
-267,35,0
-150,378,0
-264,92,0
78,96,1
-299,4,0
-262,129,0
39,7,1
-277,30,0
-259,34,0
-277,47,0
-291,9,0
-257,76,0
-259,58,0
-298,3,0
38,33,1
33,19,1
-306,41,0
-300,1,0
25,1,1
-300,1,0
44,15,1
-290,19,0
34,11,1
25,1,1
29,10,1
-277,30,0
-274,86,0
-278,17,0
51,43,1
25,1,1
-307,21,0
-274,28,0
28,2,1
-289,8,0
-296,14,0
25,1,1
71,58,1
-301,7,0
32,5,1
222,307,1
-285,6,0
-290,19,0
-288,39,0
-294,15,0
-200,136,0
107,116,1
42,15,1
118,115,1
33,7,1
166,213,1
25,1,1
87,91,1
-300,14,0
-295,66,0
-296,38,0
-302,2,0
25,1,1
61,35,1
-260,46,0
-287,14,0
25,1,1
-306,18,0
-293,6,0
-280,31,0
-295,15,0
46,48,1
-293,8,0
60,44,1
64,63,1
-282,11,0
23,2,1
83,72,1
-311,15,0
25,1,1
-266,41,0
-279,24,0
-243,90,0
-189,197,0
-225,181,0
-253,83,0
-277,43,0
-246,87,0
-297,8,0
-242,69,0
111,192,1
-256,58,0
-228,149,0
-290,39,0
34,19,1
-301,2,0
25,1,1
-277,51,0
-301,4,0
-145,204,0
102,102,1
31,9,1
34,25,1
41,49,1
26,3,1
-234,108,0
-260,80,0
-277,31,0
72,41,1
-283,13,0
-300,1,0
39,30,1
-286,25,0
40,9,1
73,48,1
31,3,1
-298,6,0
-130,307,0
-282,13,0
89,121,1
-299,3,0
37,8,1
-290,12,0
33,5,1
-299,3,0
-297,28,0
-298,3,0
-301,15,0
56,38,1
25,1,1
-306,10,0
30,4,1
66,53,1
-289,25,0
-280,16,0
-301,18,0
25,1,1
38,19,1
39,57,1
-250,115,0
-270,24,0
114,152,1
-240,106,0
-288,64,0
31,16,1
-251,75,0
-271,54,0
46,23,1
-211,163,0
28,11,1
-300,1,0
-300,26,0
156,232,1
80,78,1
25,1,1
29,4,1
-284,16,0
-299,25,0
72,71,1
-251,77,0
99,87,1
68,50,1
42,20,1
-281,21,0
-276,49,0
-226,137,0
-286,21,0
88,95,1
24,2,1
-274,33,0
80,74,1
34,4,1
-280,21,0
-292,30,0
57,23,1
51,31,1
-248,91,0
-288,49,0
36,10,1
-297,21,0
-257,61,0
-276,31,0
-296,7,0
48,20,1
-300,1,0
-283,31,0
-204,132,0
-300,1,0
75,64,1
25,1,1
-262,87,0
56,30,1
-300,10,0
-300,1,0
85,69,1
-280,78,0
-287,27,0
-281,19,0
-282,40,0
28,2,1
32,6,1
-293,20,0
-263,41,0
-242,111,0
39,25,1
-297,5,0
25,1,1
-298,3,0
48,32,1
28,2,1
-301,4,0
73,86,1
25,1,1
36,11,1
-282,32,0
-274,31,0
-302,2,0
67,36,1
34,4,1
47,13,1
77,102,1
49,34,1
-293,6,0
64,50,1
80,56,1
25,1,1
-245,73,0
-288,14,0
62,37,1
40,9,1
25,1,1
-293,24,0
68,65,1
25,1,1
32,23,1
100,119,1
35,6,1
36,6,1
-206,183,0
89,107,1
-269,31,0
47,22,1
86,73,1
-317,20,0
39,17,1
-250,41,0
-267,54,0
-297,2,0
26,15,1
-259,69,0
-294,12,0
-207,129,0
25,1,1
93,89,1
-289,17,0
40,21,1
25,1,1
25,1,1
-287,32,0
-294,3,0
38,28,1
44,23,1
41,9,1
-298,22,0
-286,14,0
61,31,1
26,3,1
-290,13,0
-298,20,0
-288,47,0
115,122,1
-218,121,0
-306,4,0
40,15,1
-293,14,0
-279,66,0
55,38,1
50,20,1
50,25,1
38,8,1
25,1,1
-264,153,0
-299,3,0
60,36,1
91,95,1
-286,66,0
-218,141,0
57,38,1
67,39,1
28,2,1
22,8,1
-249,99,0
-280,70,0
-119,352,0
54,66,1
59,35,1
-276,51,0
47,11,1
-297,35,0
26,3,1
35,9,1
-288,11,0
-276,13,0
118,96,1
77,66,1
-282,29,0
77,65,1
-206,239,0
-259,97,0
42,28,1
-297,5,0
-279,16,0
42,21,1
-271,40,0
-261,66,0
-287,10,0
38,14,1
-264,61,0
25,4,1
-239,110,0
38,11,1
64,57,1
25,1,1
-300,1,0
-286,18,0
-271,73,0
-311,17,0
52,36,1
97,93,1
-317,15,0
44,64,1
36,11,1
25,1,1
-266,93,0
36,11,1
36,9,1
-243,154,0
44,22,1
-282,54,0
-292,15,0
40,15,1
82,83,1
45,25,1
25,1,1
-244,111,0
57,50,1
41,41,1
37,10,1
80,69,1
-269,100,0
53,24,1
36,6,1
47,38,1
30,4,1
-293,11,0
50,48,1
-274,40,0
-294,11,0
-276,33,0
-276,44,0
-269,27,0
23,2,1
33,5,1
32,15,1
-259,40,0
50,21,1
-275,51,0
95,84,1
-296,11,0
79,103,1
-256,119,0
-247,96,0
-287,58,0
28,2,1
-297,2,0
25,1,1
36,14,1
-273,62,0
93,86,1
-289,9,0
-241,84,0
24,8,1
81,80,1
-279,18,0
-282,27,0
134,155,1
-278,33,0
33,7,1
-288,18,0
-273,97,0
42,26,1
208,382,1
70,39,1
-291,9,0
67,47,1
103,92,1
25,1,1
-265,47,0
-285,25,0
31,3,1
-288,59,0
-293,59,0
31,6,1
-300,1,0
-300,1,0
93,131,1
-237,138,0
-275,23,0
52,72,1
-299,9,0
-289,13,0
22,6,1
26,4,1
-282,37,0
112,156,1
-296,4,0
-198,153,0
48,18,1
-257,80,0
-243,125,0
92,57,1
-294,3,0
-291,26,0
-248,92,0
37,5,1
-304,23,0
47,27,1
-252,39,0
-278,52,0
35,50,1
87,59,1
-291,19,0
-158,238,0
-272,57,0
-296,7,0
-292,24,0
-265,49,0
37,11,1
82,57,1
24,4,1
-266,94,0
88,96,1
56,28,1
-239,77,0
36,11,1
-262,78,0
55,32,1
66,36,1
-301,9,0
47,14,1
142,150,1
25,1,1
24,4,1
29,4,1
-134,208,0
51,24,1
-252,69,0
-300,1,0
97,80,1
28,5,1
-118,311,0
-300,25,0
50,22,1
-304,13,0
-280,38,0
-214,113,0
-230,122,0
51,38,1
-272,39,0
-248,116,0
-292,14,0
-277,37,0
-298,5,0
54,64,1
-300,1,0
26,3,1
133,209,1
-277,55,0
77,105,1
-274,30,0
35,7,1
-279,14,0
-282,24,0
53,26,1
-298,6,0
42,13,1
42,51,1
-213,144,0
-285,33,0
31,3,1
39,32,1
74,48,1
-296,13,0
-285,103,0
-274,75,0
40,25,1
31,6,1
-272,100,0
26,13,1
105,98,1
-302,3,0
85,92,1
-291,30,0
-288,8,0
-291,4,0
79,96,1
86,65,1
-282,21,0
-291,28,0
-247,49,0
25,1,1
-287,10,0
-292,25,0
-280,28,0
101,110,1
-237,108,0
-277,22,0
58,41,1
42,29,1
-259,67,0
31,3,1
-261,85,0
-294,22,0
-263,116,0
-266,81,0
36,8,1
23,14,1
57,42,1
23,5,1
-301,32,0
-184,169,0
-287,21,0
-293,10,0
-226,140,0
-300,1,0
27,3,1
-298,24,0
-242,90,0
-267,67,0
-276,50,0
-232,90,0
25,1,1
-302,2,0
-297,22,0
-247,124,0
19,14,1
-271,49,0
-268,35,0
-273,30,0
-303,10,0
-239,85,0
31,8,1
-297,13,0
-278,19,0
-280,12,0
46,22,1
70,56,1
-272,56,0
28,2,1
-190,230,0
-244,67,0
-297,11,0
-286,12,0
24,7,1
-283,31,0
57,21,1
61,38,1
-282,25,0
92,100,1
40,43,1
47,20,1
-258,43,0
25,1,1
52,30,1
-302,8,0
28,2,1
-243,98,0
-280,33,0
-264,43,0
28,2,1
-253,84,0
-305,32,0
-302,19,0
66,45,1
-208,134,0
35,9,1
-257,104,0
-281,46,0
-300,37,0
-286,27,0
52,30,1
-282,19,0
-186,194,0
87,59,1
-264,38,0
-263,83,0
-278,48,0
53,22,1
25,1,1
45,42,1
51,40,1
33,7,1
25,1,1
-275,87,0
42,34,1
-290,19,0
-208,163,0
217,251,1
32,25,1
-252,91,0
65,55,1
-299,26,0
-302,2,0
-277,47,0
-302,2,0
-215,138,0
-301,5,0
57,34,1
-272,41,0
63,46,1
23,2,1
-214,209,0
-300,1,0
-297,10,0
-138,235,0
50,18,1
-270,46,0
-300,1,0
-293,11,0
-291,4,0
-288,29,0
-272,56,0
28,2,1
-296,8,0
-307,5,0
-178,167,0
-221,145,0
42,23,1
36,9,1
86,135,1
30,13,1
69,42,1
127,104,1
77,64,1
29,5,1
29,4,1
23,2,1
-258,44,0
-294,15,0
38,32,1
25,1,1
-267,55,0
-276,23,0
51,47,1
32,11,1
-274,21,0
-297,2,0
101,97,1
25,4,1
-272,45,0
-197,162,0
-300,15,0
-244,131,0
100,201,1
-183,180,0
-297,2,0
39,11,1
31,3,1
-300,1,0
-300,1,0
162,203,1
-245,127,0
-266,54,0
-291,44,0
-293,10,0
-278,86,0
65,39,1
91,74,1
-319,33,0
32,8,1
61,37,1
-261,43,0
-278,49,0
-307,5,0
-292,29,0
-287,52,0
32,6,1
50,31,1
-301,17,0
-235,108,0
-296,13,0
-251,93,0
-158,158,0
43,14,1
65,75,1
-288,35,0
36,43,1
-285,32,0
72,82,1
131,175,1
30,26,1
90,49,1
-288,22,0
82,128,1
72,61,1
-259,52,0
-298,13,0
-259,76,0
35,9,1
-289,16,0
39,17,1
-231,148,0
-292,21,0
27,3,1
-285,6,0
81,86,1
-294,26,0
-281,27,0
-228,106,0
-297,21,0
49,16,1
64,64,1
-306,13,0
-274,41,0
46,21,1
-305,13,0
78,62,1
40,18,1
31,15,1
44,37,1
25,1,1
-298,3,0
25,1,1
-297,2,0
-308,8,0
-262,65,0
-266,62,0
28,5,1
-304,19,0
69,42,1
-284,19,0
-293,6,0
79,90,1
27,3,1
-236,153,0
-283,32,0
-295,15,0
29,5,1
-296,7,0
29,17,1
-152,202,0
89,123,1
40,32,1
74,107,1
-298,3,0
-304,9,0
-296,21,0
25,1,1
27,3,1
-305,5,0
-296,4,0
126,155,1
24,2,1
51,67,1
-296,7,0
58,27,1
-245,68,0
-204,150,0
-288,15,0
160,174,1
25,4,1
-268,73,0
-277,23,0
-284,70,0
-290,18,0
33,5,1
43,13,1
45,22,1
-302,8,0
-270,70,0
48,15,1
137,151,1
-265,116,0
-263,69,0
25,1,1
25,1,1
27,3,1
-273,58,0
-244,144,0
-252,137,0
-250,60,0
25,1,1
41,20,1
60,45,1
38,11,1
50,44,1
-248,185,0
49,30,1
-256,43,0
27,3,1
-290,14,0
68,57,1
-280,20,0
-283,49,0
-296,4,0
25,1,1
82,92,1
-291,12,0
142,148,1
33,5,1
53,29,1
96,101,1
-301,5,0
-285,74,0
81,81,1
91,81,1
84,89,1
-277,35,0
-178,200,0
-297,2,0
-293,24,0
64,45,1
28,2,1
36,34,1
53,28,1
-224,139,0
-281,39,0
-276,42,0
-202,136,0
-258,111,0
-231,94,0
-292,13,0
-278,27,0
31,3,1
-284,34,0
-211,128,0
-274,46,0
-239,101,0
-146,365,0
-295,43,0
-163,227,0
58,57,1
35,11,1
31,6,1
119,120,1
-215,97,0
79,59,1
73,118,1
27,12,1
24,2,1
-247,88,0
-302,20,0
33,23,1
91,156,1
75,81,1
28,5,1
-276,91,0
-269,57,0
-285,19,0
-304,29,0
-289,19,0
72,49,1
33,40,1
34,24,1
25,1,1
-297,2,0
-238,79,0
-300,1,0
38,7,1
-296,4,0
-271,77,0
106,173,1
-304,23,0
110,122,1
27,56,1
-204,169,0
-277,60,0
-231,146,0
25,1,1
49,29,1
-293,5,0
-288,12,0
70,107,1
38,33,1
51,29,1
70,66,1
38,12,1
40,6,1
-270,32,0
45,54,1
42,23,1
-246,86,0
34,4,1
58,41,1
-173,151,0
55,37,1
-266,51,0
-270,60,0
23,2,1
-302,29,0
108,95,1
28,2,1
-233,100,0
30,9,1
133,159,1
-304,19,0
51,67,1
59,23,1
100,108,1
-214,135,0
-250,81,0
25,1,1
-277,32,0
-170,207,0
111,178,1
-301,4,0
-281,122,0
-298,3,0
-288,16,0
73,53,1
-140,217,0
47,21,1
25,1,1
-302,8,0
-150,196,0
51,42,1
28,2,1
-296,4,0
-259,154,0
35,6,1
-251,72,0
50,27,1
231,396,1
49,39,1
53,33,1
-275,75,0
27,6,1
25,1,1
55,46,1
-307,26,0
-299,4,0
-296,10,0
-299,11,0
-219,126,0
-276,29,0
82,62,1
-253,84,0
-267,50,0
-288,16,0
-290,15,0
-285,11,0
42,33,1
-223,180,0
60,43,1
27,5,1
-275,26,0
77,73,1
-250,96,0
-300,1,0
-262,61,0
25,1,1
-291,13,0
-300,4,0
25,1,1
-300,1,0
25,1,1
-238,106,0
31,33,1
-288,31,0
-284,19,0
-297,13,0
31,3,1
-220,160,0
31,11,1
-257,35,0
111,146,1
-245,91,0
53,18,1
24,2,1
83,46,1
-300,10,0
-154,302,0
-286,19,0
25,1,1
-191,282,0
-237,90,0
-254,66,0
71,62,1
47,28,1
49,22,1
74,50,1
-291,13,0
-206,142,0
26,8,1
68,56,1
88,103,1
112,111,1
87,91,1
-252,64,0
-232,93,0
89,65,1
-216,166,0
-286,15,0
91,101,1
70,48,1
-297,2,0
-277,80,0
-300,6,0
44,16,1
-297,29,0
67,40,1
52,25,1
-300,5,0
48,29,1
-228,84,0
-304,3,0
42,11,1
123,186,1
-291,37,0
-273,31,0
-298,24,0
-302,2,0
54,51,1
43,17,1
-277,48,0
71,40,1
42,17,1
29,4,1
-294,12,0
174,276,1
63,73,1
-281,12,0
-285,23,0
-237,108,0
-300,1,0
55,42,1
79,78,1
-201,227,0
47,10,1
31,3,1
-268,31,0
-276,26,0
-139,263,0
-281,17,0
67,72,1
39,10,1
-293,34,0
-275,75,0
34,13,1
-244,75,0
-254,67,0
-304,16,0
-212,129,0
94,79,1
-274,27,0
-225,133,0
44,9,1
62,51,1
61,37,1
25,1,1
-274,45,0
25,1,1
-307,7,0
52,30,1
25,1,1
-283,27,0
46,24,1
-245,92,0
-254,56,0
33,7,1
-251,72,0
-294,8,0
-304,22,0
-283,16,0
-264,56,0
-248,72,0
-300,1,0
28,2,1
-270,123,0
-295,14,0
-284,8,0
70,123,1
-300,18,0
102,103,1
25,1,1
-269,32,0
31,3,1
90,101,1
-289,10,0
54,21,1
72,76,1
89,63,1
-300,1,0
-246,96,0
59,39,1
79,76,1
-296,10,0
32,39,1
-247,97,0
-297,2,0
-267,52,0
-297,2,0
83,121,1
35,15,1
68,52,1
28,2,1
-301,9,0
-292,12,0
24,2,1
49,27,1
-275,25,0
-300,1,0
33,10,1
-293,5,0
25,1,1
-278,13,0
35,7,1
39,13,1
64,49,1
-294,6,0
55,85,1
63,39,1
66,65,1
74,61,1
-291,4,0
63,34,1
-270,47,0
-229,86,0
-264,70,0
-255,50,0
-282,58,0
-292,20,0
-295,15,0
-140,279,0
-300,4,0
79,55,1
112,104,1
-288,12,0
-246,72,0
-300,1,0
-292,13,0
59,51,1
47,21,1
29,4,1
34,16,1
49,27,1
-215,125,0
-298,3,0
34,4,1
49,24,1
65,50,1
-293,6,0
96,98,1
28,2,1
111,86,1
25,1,1
-289,11,0
-281,9,0
-297,2,0
-286,41,0
-289,12,0
38,25,1
-234,225,0
34,8,1
-300,7,0
102,168,1
28,2,1
-265,42,0
-305,7,0
-299,9,0
25,1,1
33,5,1
-294,3,0
65,30,1
125,138,1
-234,126,0
-240,112,0
-287,14,0
-227,98,0
-278,28,0
-301,2,0
64,42,1
-295,20,0
-266,43,0
-286,10,0
25,1,1
24,10,1
-247,65,0
-299,9,0
30,6,1
28,2,1
-302,2,0
-250,61,0
-260,89,0
53,30,1
-285,26,0
-287,25,0
-298,9,0
-254,44,0
33,17,1
-267,54,0
127,135,1
-263,71,0
31,3,1
28,2,1
119,137,1
59,56,1
-209,155,0
58,44,1
30,4,1
-296,15,0
66,49,1
58,58,1
25,1,1
-301,4,0
-223,68,0
24,2,1
29,10,1
-289,11,0
70,82,1
31,22,1
25,1,1
68,47,1
47,19,1
-272,68,0
50,37,1
65,44,1
-228,151,0
52,43,1
-286,30,0
41,9,1
-165,292,0
68,39,1
49,62,1
-300,1,0
101,92,1
66,37,1
-279,49,0
106,98,1
92,97,1
79,104,1
32,8,1
-280,67,0
36,12,1
52,22,1
41,14,1
-251,101,0
-273,31,0
-281,25,0
-300,5,0
-301,7,0
64,61,1
45,40,1
-280,45,0
-307,8,0
-294,8,0
56,37,1
-299,9,0
32,9,1
23,2,1
57,29,1
63,38,1
-225,197,0
-297,2,0
-278,35,0
-306,69,0
-296,43,0
-269,41,0
26,3,1
38,8,1
-293,17,0
-302,2,0
34,20,1
29,21,1
64,40,1
-276,26,0
55,49,1
-296,4,0
80,64,1
178,280,1
24,2,1
-249,73,0
77,46,1
52,35,1
-300,1,0
-275,94,0
28,2,1
-300,1,0
-280,25,0
-255,80,0
-302,2,0
-300,1,0
-299,3,0
49,12,1
-279,39,0
-267,52,0
-280,79,0
28,2,1
53,34,1
-240,57,0
55,28,1
28,2,1
-275,29,0
76,105,1
50,28,1
54,31,1
83,74,1
25,1,1
-289,78,0
27,8,1
25,1,1
-289,37,0
61,38,1
-162,255,0
89,88,1
22,34,1
-264,37,0
28,2,1
139,169,1
28,2,1
26,16,1
56,45,1
-271,123,0
31,6,1
32,9,1
-270,95,0
-294,3,0
-252,76,0
46,11,1
25,1,1
-293,26,0
47,19,1
-276,38,0
71,74,1
-257,56,0
80,131,1
40,24,1
-284,28,0
-288,16,0
-242,80,0
-297,20,0
-248,78,0
-247,108,0
40,6,1
116,150,1
-290,12,0
-290,16,0
107,123,1
52,23,1
-300,1,0
-289,9,0
-294,14,0
-251,79,0
34,10,1
-297,14,0
-233,61,0
29,4,1
79,38,1
55,50,1
32,5,1
-299,3,0
-279,17,0
137,136,1
-300,1,0
59,67,1
31,3,1
37,5,1
97,82,1
140,141,1
52,43,1
79,104,1
-249,54,0
-279,75,0
78,89,1
-292,19,0
39,26,1
-249,119,0
35,21,1
28,2,1
-258,38,0
-293,25,0
-294,12,0
-291,62,0
54,33,1
-299,9,0
27,3,1
55,20,1
96,76,1
-300,1,0
46,54,1
-262,29,0
-283,100,0
41,48,1
-294,3,0
-205,188,0
-324,51,0
52,21,1
-255,89,0
55,31,1
110,88,1
70,64,1
-289,11,0
80,79,1
25,1,1
107,130,1
-300,4,0
-308,12,0
25,1,1
63,43,1
-198,243,0
100,83,1
28,2,1
44,22,1
59,62,1
91,69,1
57,35,1
34,10,1
-263,74,0
-295,15,0
-281,19,0
-288,24,0
-299,17,0
-285,58,0
-300,1,0
-291,15,0
29,35,1
-284,25,0
-300,1,0
70,60,1
47,10,1
-302,23,0
31,9,1
-287,27,0
-284,25,0
-295,9,0
-272,28,0
23,2,1
-272,74,0
-228,97,0
30,6,1
-226,129,0
28,2,1
142,227,1
-277,41,0
48,19,1
25,1,1
-286,13,0
-300,1,0
68,90,1
42,14,1
-216,134,0
-297,2,0
73,37,1
-301,18,0
-291,36,0
102,99,1
-239,85,0
-230,129,0
76,51,1
35,6,1
-274,68,0
-281,15,0
24,2,1
109,114,1
-308,18,0
43,10,1
-268,37,0
71,63,1
59,61,1
-300,1,0
-302,2,0
-256,52,0
71,43,1
84,61,1
32,15,1
-291,7,0
25,1,1
76,44,1
-303,3,0
46,38,1
46,11,1
115,122,1
23,2,1
-267,88,0
-302,2,0
25,1,1
57,51,1
-249,59,0
-294,3,0
52,16,1
22,3,1
62,39,1
30,4,1
50,36,1
42,17,1
-285,49,0
25,1,1
-286,55,0
25,1,1
-245,60,0
-268,36,0
-266,73,0
-283,26,0
-255,63,0
80,55,1
-217,92,0
54,65,1
46,11,1
74,60,1
-293,5,0
68,44,1
29,4,1
-287,13,0
-282,66,0
-155,254,0
-298,5,0
98,68,1
-301,20,0
-292,9,0
50,15,1
-223,144,0
28,2,1
50,33,1
-224,91,0
25,1,1
25,1,1
-292,13,0
31,3,1
56,33,1
28,2,1
87,102,1
56,32,1
73,48,1
55,31,1
60,45,1
-248,81,0
-295,22,0
62,43,1
-300,1,0
-284,66,0
124,165,1
-307,5,0
25,1,1
25,15,1
55,37,1
-239,72,0
106,112,1
25,1,1
61,43,1
-235,87,0
51,54,1
64,43,1
-274,33,0
-263,65,0
-265,40,0
-297,2,0
-295,6,0
35,7,1
-264,43,0
31,3,1
25,1,1
-302,11,0
-293,25,0
44,29,1
25,1,1
-296,4,0
43,22,1
44,22,1
32,6,1
99,150,1
35,11,1
25,1,1
-269,30,0
-286,7,0
-231,111,0
-285,17,0
-274,69,0
59,62,1
-269,26,0
35,9,1
40,9,1
-300,1,0
-165,232,0
-301,2,0
62,26,1
-207,208,0
53,56,1
68,39,1
-300,1,0
80,89,1
-294,3,0
-308,25,0
45,25,1
47,37,1
33,8,1
-296,12,0
35,11,1
65,69,1
-287,22,0
-269,60,0
103,122,1
-289,11,0
-302,5,0
24,2,1
-290,28,0
36,8,1
-276,25,0
-178,140,0
118,145,1
-285,20,0
52,39,1
31,3,1
48,21,1
48,22,1
-271,34,0
-295,4,0
31,3,1
56,26,1
-279,49,0
38,11,1
-294,6,0
-282,32,0
40,12,1
41,15,1
-270,40,0
32,6,1
-251,50,0
48,30,1
56,72,1
-229,92,0
55,41,1
41,27,1
-302,5,0
60,28,1
31,11,1
-279,18,0
-290,18,0
31,3,1
-298,9,0
39,7,1
59,43,1
-287,19,0
31,3,1
45,60,1
-300,1,0
36,13,1
35,12,1
-245,113,0
-301,10,0
-298,16,0
82,43,1
28,2,1
30,12,1
49,49,1
63,39,1
56,44,1
-298,5,0
-300,1,0
-169,201,0
51,31,1
22,5,1
-291,4,0
-238,76,0
65,42,1
25,1,1
-300,1,0
43,13,1
68,41,1
-233,98,0
89,104,1
66,40,1
26,3,1
-286,52,0
-297,5,0
-277,17,0
97,121,1
-299,6,0
37,9,1
26,3,1
-237,98,0
-291,4,0
32,28,1
-237,63,0
-274,67,0
-282,15,0
-297,2,0
-289,38,0
-306,24,0
-253,30,0
-267,45,0
52,24,1
-241,74,0
45,35,1
56,24,1
54,77,1
-294,6,0
28,2,1
-300,1,0
49,39,1
-300,1,0
-275,65,0
-273,35,0
-248,69,0
-286,10,0
21,42,1
82,62,1
-291,4,0
-286,12,0
-267,41,0
-300,1,0
23,2,1
25,1,1
-247,73,0
-255,51,0
47,11,1
104,100,1
118,126,1
77,92,1
-304,51,0
34,4,1
-217,128,0
37,13,1
-204,145,0
92,70,1
49,47,1
55,47,1
39,13,1
41,28,1
52,21,1
-296,31,0
-244,72,0
75,83,1
44,24,1
-280,34,0
-273,54,0
-277,14,0
46,14,1
-294,27,0
-220,104,0
-300,1,0
-277,13,0
27,16,1
64,59,1
60,36,1
-293,23,0
75,37,1
26,8,1
161,175,1
48,13,1
51,13,1
25,1,1
-249,144,0
-224,175,0
-243,80,0
-261,93,0
-303,3,0
30,12,1
68,46,1
89,112,1
-265,71,0
40,9,1
-232,61,0
47,16,1
54,26,1
-302,2,0
37,5,1
53,44,1
68,51,1
-268,51,0
25,1,1
109,131,1
-239,130,0
-298,15,0
32,6,1
40,16,1
34,15,1
116,109,1
-297,2,0
-286,39,0
52,55,1
91,82,1
28,30,1
42,20,1
61,26,1
-301,2,0
-260,75,0
81,63,1
-269,30,0
-302,2,0
-297,2,0
-285,25,0
28,16,1
62,41,1
-278,53,0
25,1,1
68,75,1
-282,35,0
42,39,1
-293,8,0
-246,68,0
-300,1,0
-291,7,0
25,1,1
79,49,1
54,37,1
-281,50,0
-296,12,0
28,2,1
29,4,1
-266,39,0
69,40,1
49,50,1
58,52,1
-293,20,0
-293,10,0
28,2,1
105,120,1
61,40,1
-294,12,0
-275,22,0
67,53,1
28,2,1
-284,38,0
-297,2,0
57,30,1
68,44,1
-275,41,0
-252,54,0
-289,12,0
45,17,1
-299,3,0
43,21,1
80,70,1
54,44,1
-292,18,0
33,5,1
25,1,1
-163,256,0
-226,109,0
48,29,1
-206,153,0
152,188,1
65,45,1
-281,53,0
35,9,1
39,14,1
-240,85,0
95,106,1
46,15,1
134,166,1
-289,6,0
-289,45,0
80,68,1
-284,14,0
-287,18,0
26,3,1
36,6,1
64,64,1
71,42,1
113,117,1
-285,92,0
-290,20,0
31,3,1
48,15,1
27,3,1
-293,8,0
48,28,1
27,6,1
25,1,1
36,10,1
94,124,1
-265,40,0
-277,47,0
-290,10,0
70,64,1
-281,12,0
50,22,1
31,16,1
-302,2,0
-261,34,0
78,39,1
-248,74,0
25,1,1
25,1,1
93,104,1
-304,8,0
36,12,1
-277,60,0
30,13,1
-267,59,0
-267,37,0
39,10,1
-197,105,0
50,47,1
-283,31,0
48,17,1
-246,58,0
-270,36,0
-285,28,0
-239,88,0
41,8,1
-291,16,0
78,52,1
71,75,1
33,17,1
-259,45,0
45,28,1
26,3,1
-306,14,0
-293,23,0
36,12,1
-209,173,0
25,4,1
-271,46,0
-289,13,0
48,33,1
-281,31,0
105,108,1
31,6,1
-288,29,0
31,6,1
-296,11,0
59,35,1
-279,24,0
-300,1,0
-161,252,0
41,33,1
45,36,1
-246,88,0
42,8,1
-297,14,0
-291,28,0
208,260,1
-279,20,0
70,48,1
139,159,1
-225,154,0
29,4,1
37,9,1
21,9,1
-296,4,0
-287,21,0
-305,4,0
-292,10,0
-263,55,0
40,16,1
160,156,1
-238,134,0
-289,31,0
-262,82,0
79,73,1
79,75,1
-295,7,0
-299,6,0
-257,32,0
34,7,1
-299,6,0
-293,21,0
-262,100,0
-284,18,0
45,25,1
-300,10,0
59,25,1
-294,3,0
-288,18,0
-301,44,0
-304,8,0
-227,125,0
31,12,1
36,16,1
40,16,1
40,17,1
-299,4,0
-286,17,0
24,2,1
-300,1,0
54,29,1
135,156,1
-238,93,0
-295,26,0
55,62,1
41,8,1
45,9,1
49,26,1
113,87,1
77,67,1
-285,59,0
27,3,1
43,11,1
-297,8,0
31,3,1
35,23,1
-301,4,0
39,40,1
-274,44,0
80,67,1
-247,84,0
-300,4,0
72,42,1
-286,45,0
58,41,1
-294,11,0
52,21,1
-261,57,0
-294,6,0
-241,81,0
-274,70,0
-283,18,0
70,60,1
40,11,1
-288,21,0
-297,2,0
-300,1,0
26,6,1
52,16,1
-301,4,0
-285,27,0
-298,11,0
80,53,1
72,80,1
70,40,1
-286,19,0
31,6,1
30,4,1
-295,13,0
31,10,1
-250,118,0
21,3,1
-299,14,0
-258,55,0
-300,7,0
-296,8,0
-300,1,0
-306,4,0
45,15,1
27,3,1
-263,47,0
-288,15,0
34,4,1
-300,1,0
33,15,1
-249,99,0
32,5,1
36,10,1
25,1,1
-282,23,0
40,14,1
34,16,1
86,87,1
28,2,1
39,7,1
69,93,1
-266,77,0
34,10,1
44,42,1
51,19,1
55,42,1
-290,6,0
34,7,1
73,67,1
-257,101,0
86,106,1
64,50,1
90,56,1
50,11,1
48,14,1
41,12,1
28,2,1
-277,32,0
-310,17,0
-276,29,0
76,60,1
-300,1,0
-277,33,0
27,23,1
51,14,1
34,13,1
36,6,1
75,109,1
-283,16,0
122,152,1
170,282,1
-245,108,0
29,4,1
-225,90,0
69,28,1
135,167,1
-229,84,0
43,13,1
35,7,1
-291,18,0
-288,12,0
78,65,1
-241,111,0
-296,11,0
51,26,1
-194,150,0
-296,4,0
58,38,1
-305,7,0
-252,54,0
53,27,1
46,20,1
-262,49,0
30,6,1
25,1,1
49,23,1
-297,8,0
42,36,1
-275,66,0
-265,86,0
-237,82,0
-286,15,0
83,72,1
73,67,1
55,34,1
-304,3,0
-280,17,0
-297,2,0
-262,117,0
32,5,1
32,11,1
-275,30,0
47,24,1
29,4,1
40,19,1
35,6,1
31,3,1
-297,5,0
-236,146,0
43,13,1
-263,47,0
-290,25,0
-275,20,0
-282,15,0
-294,10,0
49,43,1
-297,5,0
-285,41,0
-253,68,0
-288,40,0
32,5,1
29,4,1
-281,37,0
81,55,1
29,5,1
52,40,1
100,140,1
32,8,1
-289,17,0
34,7,1
-295,4,0
-281,49,0
23,2,1
-288,14,0
-303,3,0
55,41,1
-287,32,0
68,47,1
-291,13,0
25,1,1
-258,88,0
43,14,1
-287,28,0
63,38,1
37,13,1
35,9,1
-266,53,0
-302,2,0
36,21,1
56,41,1
-273,27,0
34,4,1
-290,18,0
-281,16,0
-300,1,0
59,19,1
-299,15,0
-300,1,0
25,1,1
25,1,1
87,50,1
105,100,1
-303,3,0
-297,5,0
25,1,1
34,14,1
81,61,1
26,3,1
-273,45,0
98,107,1
37,5,1
69,87,1
24,7,1
46,11,1
-253,95,0
44,12,1
-290,49,0
28,2,1
25,1,1
25,1,1
107,97,1
-288,13,0
49,42,1
43,17,1
35,10,1
35,6,1
29,4,1
28,2,1
25,1,1
24,4,1
40,18,1
-283,25,0
38,15,1
55,31,1
-206,174,0
76,46,1
-298,6,0
-243,122,0
-283,16,0
-240,51,0
-300,1,0
61,38,1
53,23,1
-300,1,0
-277,56,0
31,14,1
42,11,1
35,9,1
-298,14,0
73,44,1
45,9,1
28,2,1
25,4,1
-273,39,0
-300,1,0
37,8,1
25,1,1
80,46,1
50,21,1
24,14,1
-298,5,0
-300,1,0
-300,19,0
76,63,1
31,3,1
-300,7,0
30,10,1
27,5,1
-266,99,0
-289,19,0
-275,36,0
34,11,1
-302,8,0
34,7,1
-278,68,0
-279,17,0
-290,13,0
-251,88,0
46,17,1
25,1,1
-298,8,0
56,22,1
48,22,1
26,93,1
49,12,1
46,22,1
-285,24,0
-297,25,0
-294,12,0
81,67,1
-302,2,0
31,3,1
30,6,1
36,6,1
28,2,1
-195,144,0
-284,47,0
43,16,1
-296,7,0
-273,27,0
-285,16,0
25,1,1
-235,104,0
83,66,1
-290,55,0
81,65,1
24,2,1
76,61,1
25,1,1
90,68,1
43,15,1
70,56,1
46,11,1
-289,44,0
61,29,1
34,11,1
49,21,1
65,28,1
-287,7,0
-271,76,0
36,6,1
39,16,1
80,61,1
-303,19,0
-270,35,0
86,62,1
-277,41,0
-306,7,0
112,113,1
70,52,1
-161,224,0
66,33,1
23,2,1
77,46,1
41,9,1
-159,229,0
25,1,1
-306,30,0
-287,14,0
32,5,1
-279,20,0
68,56,1
-302,2,0
66,46,1
-276,42,0
-238,102,0
71,47,1
-271,36,0
25,4,1
38,18,1
-297,2,0
-292,8,0
38,8,1
44,17,1
58,31,1
-297,8,0
49,43,1
35,6,1
44,19,1
-281,16,0
-291,13,0
25,1,1
49,31,1
156,185,1
-297,8,0
62,39,1
39,17,1
33,8,1
-297,2,0
25,1,1
33,8,1
61,51,1
46,15,1
131,162,1
28,15,1
44,23,1
26,32,1
94,88,1
-302,2,0
35,17,1
42,21,1
34,4,1
67,55,1
-301,4,0
-256,62,0
76,73,1
71,74,1
23,2,1
-302,2,0
-237,107,0
70,39,1
-261,49,0
-267,65,0
-268,31,0
24,4,1
-303,3,0
-265,48,0
39,7,1
38,7,1
65,50,1
38,11,1
78,66,1
34,7,1
-260,63,0
-268,33,0
43,10,1
-305,12,0
57,30,1
-307,34,0
56,40,1
31,6,1
25,1,1
28,2,1
27,3,1
47,20,1
62,52,1
-309,26,0
25,1,1
-294,3,0
67,42,1
-294,13,0
71,48,1
25,1,1
-274,49,0
37,5,1
65,45,1
77,99,1
108,181,1
87,109,1
-267,56,0
-299,3,0
-276,40,0
-301,17,0
83,59,1
-278,25,0
-244,78,0
126,143,1
158,176,1
98,142,1
-287,18,0
45,21,1
65,81,1
113,114,1
101,121,1
47,24,1
25,1,1
40,15,1
-248,78,0
24,4,1
42,11,1
39,14,1
25,1,1
85,79,1
-273,30,0
-268,36,0
-279,30,0
25,1,1
26,42,1
78,57,1
28,2,1
-269,43,0
-300,1,0
100,94,1
-297,2,0
24,2,1
62,48,1
-289,18,0
25,1,1
-294,15,0
-298,6,0
78,53,1
111,91,1
33,5,1
-266,73,0
-254,62,0
-261,56,0
28,2,1
72,63,1
25,1,1
-289,15,0
25,1,1
30,6,1
97,78,1
-285,20,0
41,8,1
25,1,1
25,1,1
57,21,1
28,8,1
35,13,1
-280,44,0
-305,10,0
25,1,1
-291,17,0
-272,27,0
52,13,1
70,36,1
25,1,1
62,37,1
37,11,1
36,25,1
74,38,1
25,1,1
-266,31,0
33,5,1
44,18,1
-281,18,0
102,100,1
-253,76,0
-269,49,0
68,55,1
31,14,1
-292,12,0
25,1,1
78,74,1
25,1,1
68,70,1
-255,57,0
-300,1,0
31,9,1
-294,13,0
-278,13,0
43,18,1
-292,7,0
49,24,1
-282,10,0
28,2,1
22,3,1
131,152,1
58,44,1
24,2,1
25,1,1
-295,6,0
-273,16,0
39,7,1
45,24,1
-278,73,0
-256,47,0
36,21,1
30,6,1
-289,18,0
42,14,1
48,19,1
54,18,1
-302,2,0
-300,1,0
-292,10,0
31,3,1
51,21,1
25,1,1
-194,165,0
62,41,1
179,262,1
39,9,1
-254,57,0
30,39,1
-274,35,0
64,61,1
-272,25,0
25,1,1
37,14,1
-278,35,0
-264,98,0
-259,69,0
-293,20,0
66,33,1
113,136,1
62,38,1
-257,38,0
46,16,1
23,2,1
-269,96,0
25,1,1
-298,21,0
-305,11,0
63,53,1
63,51,1
-269,44,0
25,1,1
-292,5,0
-297,5,0
-282,15,0
43,18,1
22,8,1
37,14,1
-292,16,0
-269,55,0
-252,60,0
34,7,1
28,5,1
-285,52,0
-247,73,0
32,8,1
74,48,1
-267,49,0
27,5,1
-269,27,0
84,72,1
80,54,1
-304,7,0
-244,32,0
84,65,1
-280,74,0
-297,26,0
49,39,1
58,28,1
130,171,1
84,103,1
-289,16,0
28,33,1
79,74,1
-246,84,0
58,20,1
75,51,1
56,93,1
-299,6,0
-303,23,0
36,8,1
53,41,1
30,22,1
25,4,1
94,124,1
25,1,1
-286,33,0
44,14,1
46,17,1
-299,21,0
-288,15,0
66,52,1
28,2,1
52,17,1
25,1,1
32,5,1
-288,5,0
-294,3,0
-244,76,0
30,6,1
134,115,1
-280,35,0
75,44,1
-301,17,0
-279,29,0
63,32,1
62,73,1
39,9,1
-290,12,0
50,24,1
-253,49,0
33,15,1
-297,7,0
28,5,1
-288,22,0
76,54,1
31,3,1
23,2,1
82,69,1
-289,9,0
110,122,1
58,29,1
25,1,1
25,1,1
-278,17,0
26,3,1
89,96,1
44,44,1
-298,3,0
99,112,1
28,7,1
81,64,1
-272,28,0
-297,7,0
28,2,1
-290,16,0
-302,2,0
38,19,1
-300,1,0
46,18,1
-300,1,0
62,43,1
-283,10,0
25,1,1
56,27,1
-297,2,0
-295,19,0
53,82,1
-266,31,0
-291,32,0
51,35,1
33,34,1
72,52,1
-307,5,0
-271,26,0
-277,66,0
53,28,1
34,7,1
40,11,1
65,46,1
40,6,1
39,9,1
101,109,1
35,23,1
72,40,1
-233,91,0
31,6,1
-270,68,0
42,17,1
-260,158,0
45,19,1
68,39,1
31,3,1
30,6,1
-293,34,0
25,1,1
-240,65,0
-289,18,0
34,7,1
41,19,1
37,9,1
-282,21,0
-277,31,0
37,14,1
34,10,1
52,30,1
45,28,1
65,42,1
27,36,1
-256,91,0
28,2,1
66,38,1
45,27,1
61,20,1
31,3,1
57,15,1
-299,14,0
47,11,1
25,1,1
-285,34,0
93,95,1
-290,16,0
-296,19,0
32,15,1
28,2,1
37,9,1
28,5,1
57,47,1
55,28,1
62,38,1
40,6,1
73,99,1
27,3,1
-284,27,0
32,8,1
53,45,1
-290,16,0
91,80,1
32,9,1
25,1,1
31,3,1
25,1,1
30,4,1
-295,11,0
32,5,1
-280,30,0
23,2,1
-267,75,0
-299,3,0
54,31,1
89,95,1
76,70,1
41,28,1
-265,71,0
-227,101,0
-291,10,0
28,5,1
107,149,1
-297,13,0
35,13,1
57,30,1
-294,3,0
-264,47,0
32,5,1
-305,6,0
43,16,1
-291,13,0
28,2,1
72,40,1
60,35,1
73,44,1
-275,19,0
-294,9,0
58,41,1
31,3,1
25,1,1
-288,27,0
54,28,1
-295,6,0
115,99,1
29,4,1
61,46,1
70,45,1
25,1,1
57,60,1
-300,1,0
-300,1,0
58,33,1
68,72,1
38,12,1
-255,76,0
-296,19,0
23,2,1
47,23,1
88,84,1
23,2,1
-281,18,0
33,8,1
76,99,1
27,9,1
-217,127,0
42,12,1
-302,2,0
-232,73,0
69,86,1
40,19,1
48,25,1
43,15,1
73,60,1
-262,82,0
-245,52,0
-272,49,0
-294,3,0
-279,52,0
93,101,1
-303,3,0
25,1,1
-300,9,0
47,14,1
35,6,1
-297,12,0
66,51,1
-239,62,0
49,29,1
-287,15,0
56,36,1
25,1,1
-288,41,0
-280,17,0
25,1,1
-268,36,0
-243,73,0
39,18,1
56,19,1
-265,103,0
28,2,1
25,1,1
72,46,1
100,87,1
61,42,1
37,8,1
53,13,1
-303,5,0
83,54,1
25,1,1
-266,38,0
48,23,1
-295,9,0
104,100,1
33,10,1
27,3,1
-233,86,0
39,30,1
-281,32,0
25,1,1
40,19,1
25,1,1
-297,2,0
31,6,1
64,37,1
24,4,1
35,6,1
33,5,1
61,30,1
73,53,1
-293,6,0
42,13,1
44,15,1
-292,20,0
83,81,1
-238,129,0
41,22,1
29,17,1
-294,3,0
51,45,1
52,28,1
-283,8,0
51,19,1
79,67,1
-276,52,0
91,70,1
-280,64,0
41,40,1
-276,109,0
39,15,1
34,13,1
64,59,1
-298,28,0
31,6,1
30,4,1
-303,19,0
28,2,1
36,23,1
-297,40,0
44,21,1
28,2,1
-275,28,0
49,27,1
-293,17,0
74,52,1
38,10,1
92,75,1
48,19,1
86,61,1
-261,63,0
34,7,1
93,92,1
52,29,1
56,38,1
-283,44,0
25,1,1
-272,20,0
-297,2,0
55,50,1
-284,22,0
25,1,1
-260,61,0
97,99,1
60,33,1
80,88,1
53,23,1
-289,17,0
-300,1,0
31,3,1
-302,2,0
63,56,1
-296,27,0
35,6,1
51,22,1
-300,1,0
85,71,1
25,4,1
-300,1,0
23,2,1
64,63,1
71,43,1
38,7,1
28,2,1
63,36,1
88,96,1
25,1,1
26,3,1
-277,36,0
37,15,1
-246,110,0
36,25,1
-288,5,0
-255,35,0
-300,1,0
64,37,1
-296,14,0
-288,14,0
76,57,1
-276,52,0
66,48,1
100,122,1
-279,26,0
29,4,1
52,37,1
65,45,1
63,29,1
28,2,1
-280,12,0
39,11,1
-296,22,0
53,32,1
70,55,1
25,1,1
71,64,1
64,42,1
57,32,1
45,14,1
36,9,1
33,7,1
-274,29,0
25,1,1
-204,134,0
28,12,1
-290,14,0
-138,216,0
60,44,1
53,27,1
42,29,1
91,66,1
25,1,1
33,20,1
73,68,1
31,7,1
28,2,1
34,4,1
51,14,1
-277,38,0
-300,1,0
25,1,1
107,108,1
39,15,1
88,83,1
25,1,1
-285,19,0
52,20,1
119,99,1
44,14,1
-286,7,0
-287,13,0
37,9,1
58,25,1
-293,12,0
51,14,1
46,14,1
44,14,1
28,2,1
53,32,1
49,29,1
94,65,1
-300,1,0
-305,4,0
44,13,1
-283,33,0
70,44,1
-301,4,0
78,56,1
-300,4,0
-300,1,0
35,6,1
42,52,1
29,7,1
47,15,1
-264,75,0
27,3,1
-263,92,0
-186,160,0
-241,86,0
54,31,1
47,11,1
-253,67,0
-282,18,0
42,10,1
43,7,1
-288,56,0
-182,143,0
26,4,1
63,32,1
-297,2,0
76,63,1
52,26,1
-226,112,0
43,14,1
92,114,1
-300,4,0
-285,41,0
-300,1,0
52,29,1
40,9,1
58,26,1
31,6,1
24,2,1
25,1,1
25,1,1
-257,81,0
86,63,1
-269,53,0
50,21,1
71,125,1
44,15,1
-297,5,0
25,1,1
53,26,1
46,17,1
53,27,1
32,8,1
34,7,1
25,1,1
-300,1,0
53,34,1
58,31,1
25,1,1
-299,7,0
-261,70,0
-303,5,0
39,24,1
61,36,1
46,11,1
60,40,1
85,66,1
-282,13,0
52,42,1
103,94,1
25,1,1
-259,30,0
-292,12,0
69,40,1
74,60,1
86,57,1
25,1,1
42,16,1
-297,2,0
-302,7,0
53,25,1
36,6,1
39,13,1
58,28,1
32,6,1
54,34,1
-271,95,0
25,1,1
26,3,1
25,1,1
73,62,1
-196,211,0
-298,30,0
35,6,1
36,17,1
43,19,1
27,3,1
65,59,1
58,41,1
54,15,1
-247,133,0
81,84,1
25,1,1
-265,59,0
36,6,1
61,37,1
78,54,1
58,54,1
61,29,1
61,36,1
-299,14,0
-302,2,0
34,28,1
54,31,1
-297,10,0
46,21,1
44,23,1
112,157,1
26,4,1
24,2,1
-283,37,0
37,19,1
35,9,1
-288,68,0
43,17,1
43,33,1
72,45,1
28,2,1
-288,35,0
-299,10,0
-281,16,0
42,18,1
39,9,1
-301,5,0
23,2,1
33,5,1
29,4,1
-279,23,0
56,48,1
-298,5,0
-272,41,0
63,49,1
-293,10,0
42,11,1
60,45,1
41,9,1
-275,30,0
62,39,1
-298,5,0
-296,13,0
-282,51,0
40,16,1
54,15,1
-280,30,0
31,3,1
-286,36,0
28,2,1
-300,1,0
62,72,1
-300,1,0
34,4,1
149,240,1
45,23,1
-269,46,0
67,86,1
26,3,1
55,30,1
25,1,1
32,15,1
112,133,1
-278,42,0
28,2,1
51,15,1
71,25,1
97,94,1
-281,37,0
40,12,1
-301,10,0
-284,21,0
-273,40,0
115,107,1
-296,12,0
37,16,1
-270,160,0
33,8,1
77,47,1
-211,157,0
49,36,1
-301,4,0
25,1,1
32,13,1
107,93,1
62,72,1
25,13,1
23,2,1
65,64,1
-298,5,0
60,36,1
-267,21,0
-309,31,0
-239,78,0
51,39,1
56,31,1
71,59,1
-265,61,0
30,4,1
61,32,1
-245,70,0
-233,133,0
-283,21,0
79,47,1
77,50,1
-279,21,0
56,19,1
25,1,1
33,5,1
42,11,1
25,1,1
-293,39,0
31,3,1
-283,37,0
82,72,1
44,13,1
-303,11,0
32,8,1
44,18,1
64,58,1
63,39,1
28,8,1
91,66,1
25,1,1
-290,6,0
132,178,1
36,6,1
45,20,1
29,4,1
-289,19,0
-301,5,0
61,50,1
-271,62,0
49,38,1
25,1,1
41,31,1
49,18,1
-303,14,0
-297,8,0
-299,3,0
-302,7,0
39,12,1
79,90,1
70,35,1
57,41,1
-281,54,0
-241,111,0
53,47,1
62,38,1
36,9,1
72,66,1
59,49,1
-284,14,0
78,49,1
63,38,1
63,31,1
-297,10,0
61,119,1
84,72,1
40,37,1
38,8,1
-278,26,0
59,39,1
60,29,1
-295,9,0
41,12,1
31,3,1
46,19,1
25,1,1
163,176,1
41,17,1
40,16,1
52,14,1
59,30,1
-301,7,0
-285,15,0
40,28,1
-288,27,0
-299,3,0
-302,33,0
85,62,1
34,4,1
37,13,1
-295,12,0
-298,13,0
64,62,1
28,2,1
42,14,1
25,1,1
61,22,1
33,5,1
34,9,1
40,15,1
-300,1,0
85,49,1
55,32,1
25,1,1
60,31,1
49,13,1
47,25,1
51,11,1
66,52,1
68,55,1
37,5,1
-274,37,0
32,6,1
34,4,1
53,24,1
61,45,1
78,67,1
34,14,1
-260,52,0
29,4,1
-297,2,0
101,100,1
57,87,1
24,2,1
-302,2,0
21,13,1
56,35,1
81,81,1
51,23,1
81,63,1
25,1,1
40,26,1
33,17,1
-288,11,0
85,68,1
-283,28,0
-290,30,0
-297,5,0
61,34,1
38,15,1
82,51,1
25,1,1
26,3,1
-291,17,0
-291,13,0
-259,36,0
60,46,1
37,8,1
40,10,1
36,11,1
69,35,1
50,21,1
46,17,1
-303,12,0
81,61,1
-300,1,0
25,1,1
-258,50,0
39,18,1
26,3,1
-298,8,0
26,3,1
-287,36,0
-293,19,0
36,8,1
-278,52,0
47,29,1
39,13,1
28,2,1
-315,32,0
46,15,1
25,1,1
-295,13,0
58,35,1
44,13,1
31,22,1
31,3,1
33,8,1
28,2,1
-284,26,0
-240,64,0
-259,91,0
34,4,1
50,22,1
-283,25,0
25,1,1
80,73,1
61,33,1
42,14,1
29,4,1
-293,18,0
40,16,1
32,11,1
-295,37,0
57,31,1
42,34,1
34,4,1
-278,21,0
31,6,1
43,10,1
30,6,1
-292,7,0
-190,167,0
36,14,1
-285,73,0
70,32,1
56,39,1
-278,26,0
25,1,1
-265,56,0
60,39,1
-268,58,0
40,12,1
59,34,1
26,8,1
47,10,1
42,17,1
44,27,1
67,38,1
30,24,1
55,65,1
36,6,1
65,43,1
42,15,1
58,20,1
28,2,1
-300,10,0
67,54,1
56,35,1
38,16,1
97,89,1
25,1,1
57,29,1
30,4,1
-240,113,0
46,20,1
37,5,1
61,39,1
60,30,1
66,29,1
83,75,1
42,15,1
-265,56,0
44,9,1
54,28,1
55,59,1
55,34,1
99,91,1
-252,75,0
44,9,1
54,26,1
49,16,1
25,1,1
37,5,1
27,5,1
-250,65,0
-241,108,0
79,66,1
29,18,1
36,8,1
30,4,1
45,62,1
58,56,1
-277,19,0
72,36,1
25,1,1
31,12,1
105,93,1
31,3,1
-283,12,0
58,40,1
47,19,1
-298,5,0
-267,41,0
66,36,1
66,29,1
28,2,1
26,3,1
33,7,1
-233,131,0
-292,5,0
60,39,1
47,15,1
-259,75,0
44,14,1
50,31,1
-236,67,0
-287,19,0
33,10,1
25,1,1
51,17,1
25,1,1
25,1,1
27,8,1
66,38,1
46,14,1
34,24,1
28,2,1
-289,29,0
53,26,1
44,14,1
36,6,1
28,2,1
35,9,1
102,99,1
-310,21,0
59,20,1
76,40,1
35,7,1
53,13,1
60,48,1
49,22,1
44,18,1
-299,3,0
-254,53,0
25,1,1
27,3,1
-235,165,0
42,31,1
-288,18,0
55,34,1
28,2,1
-190,286,0
-293,8,0
25,1,1
37,5,1
32,28,1
-285,23,0
75,67,1
32,6,1
39,12,1
68,42,1
-239,125,0
-264,56,0
-291,10,0
-295,7,0
39,7,1
68,41,1
82,94,1
-270,37,0
42,10,1
-294,6,0
78,57,1
59,47,1
-279,24,0
37,5,1
-276,55,0
29,4,1
-278,18,0
31,3,1
-300,1,0
-243,103,0
57,45,1
31,3,1
45,31,1
46,24,1
46,18,1
54,29,1
32,5,1
30,12,1
-244,76,0
28,2,1
48,16,1
-255,67,0
28,2,1
72,50,1
-301,13,0
49,12,1
60,24,1
89,79,1
47,14,1
35,21,1
60,22,1
47,34,1
68,46,1
-290,9,0
76,40,1
52,25,1
-298,9,0
25,7,1
84,51,1
64,58,1
31,8,1
96,79,1
42,23,1
-305,54,0
23,2,1
31,30,1
48,12,1
-292,17,0
47,32,1
-269,29,0
45,16,1
-269,25,0
64,20,1
176,323,1
25,1,1
72,42,1
28,2,1
81,55,1
64,24,1
23,2,1
31,12,1
40,18,1
34,11,1
-287,27,0
-291,23,0
-243,76,0
59,41,1
64,35,1
55,42,1
78,118,1
37,5,1
-224,164,0
45,17,1
65,45,1
78,64,1
-299,3,0
-282,27,0
54,42,1
-260,36,0
32,6,1
41,9,1
73,56,1
-259,50,0
-301,12,0
35,12,1
23,3,1
65,41,1
35,9,1
63,25,1
-248,58,0
61,50,1
60,45,1
43,16,1
25,1,1
-285,16,0
-298,8,0
-291,22,0
24,2,1
40,17,1
-280,51,0
38,11,1
-287,20,0
25,1,1
39,7,1
110,110,1
59,37,1
72,51,1
-298,8,0
59,46,1
-283,8,0
47,10,1
37,5,1
55,35,1
82,66,1
-299,3,0
29,7,1
35,6,1
48,21,1
-318,43,0
58,29,1
31,3,1
66,42,1
-300,1,0
46,31,1
-300,1,0
52,13,1
66,42,1
36,17,1
-300,1,0
38,7,1
62,26,1
28,2,1
47,28,1
-303,6,0
40,32,1
37,5,1
101,89,1
-254,49,0
28,2,1
47,28,1
25,1,1
-282,13,0
30,4,1
48,22,1
31,6,1
25,1,1
-300,1,0
47,29,1
-237,90,0
-297,13,0
31,21,1
43,38,1
38,14,1
57,57,1
25,1,1
35,6,1
58,25,1
28,2,1
43,7,1
119,115,1
45,21,1
-294,6,0
50,12,1
41,63,1
-243,64,0
85,64,1
-276,42,0
-284,68,0
40,17,1
-237,76,0
-292,26,0
-295,9,0
22,3,1
25,1,1
-267,38,0
50,37,1
-239,83,0
26,3,1
57,13,1
45,27,1
-300,1,0
28,2,1
-290,10,0
28,2,1
27,8,1
31,3,1
25,1,1
51,19,1
70,34,1
-283,17,0
46,15,1
-291,7,0
79,107,1
50,24,1
42,15,1
25,1,1
36,19,1
-303,5,0
-188,147,0
25,1,1
46,14,1
50,24,1
64,39,1
37,21,1
41,16,1
62,19,1
-287,31,0
33,7,1
26,3,1
33,13,1
86,65,1
40,12,1
53,24,1
-265,91,0
34,7,1
25,1,1
-298,5,0
31,3,1
-297,5,0
44,29,1
-257,38,0
48,24,1
38,41,1
-296,8,0
58,37,1
66,39,1
-278,30,0
25,1,1
63,30,1
-295,10,0
-250,63,0
-285,37,0
61,41,1
-300,1,0
25,1,1
-277,20,0
69,39,1
23,2,1
41,15,1
29,4,1
37,8,1
56,25,1
26,3,1
44,14,1
-222,162,0
146,129,1
-302,7,0
57,19,1
26,3,1
32,5,1
-287,30,0
-284,41,0
36,27,1
-288,11,0
63,44,1
44,9,1
66,46,1
25,1,1
75,66,1
-280,30,0
26,3,1
91,82,1
54,22,1
-297,2,0
-290,23,0
36,6,1
-297,2,0
-281,23,0
56,59,1
66,31,1
-289,9,0
43,14,1
43,7,1
32,8,1
27,6,1
42,22,1
-287,8,0
43,7,1
56,38,1
113,93,1
34,10,1
60,27,1
51,27,1
76,40,1
73,50,1
82,49,1
45,15,1
65,25,1
75,63,1
39,9,1
148,198,1
33,26,1
-260,52,0
-294,19,0
70,37,1
-236,150,0
80,70,1
-304,6,0
96,66,1
80,52,1
34,4,1
58,38,1
-298,3,0
28,2,1
48,28,1
48,19,1
44,12,1
55,14,1
30,4,1
50,19,1
36,23,1
42,11,1
97,106,1
-296,7,0
25,1,1
25,1,1
76,124,1
104,125,1
31,3,1
45,37,1
24,2,1
25,1,1
-283,21,0
38,10,1
-288,37,0
-272,77,0
39,19,1
79,84,1
59,25,1
-297,2,0
22,4,1
59,31,1
45,27,1
-283,28,0
-311,16,0
68,34,1
39,13,1
80,117,1
73,69,1
28,2,1
71,63,1
53,33,1
26,4,1
49,31,1
68,44,1
34,4,1
42,22,1
34,14,1
74,63,1
25,1,1
-281,15,0
67,72,1
38,15,1
32,8,1
53,56,1
34,7,1
32,8,1
-299,15,0
-267,48,0
25,1,1
61,27,1
-299,4,0
65,67,1
128,131,1
58,19,1
-241,59,0
45,12,1
28,2,1
37,8,1
108,120,1
30,12,1
-287,61,0
47,14,1
25,1,1
30,7,1
-300,7,0
52,14,1
68,46,1
87,67,1
54,18,1
41,17,1
38,17,1
44,9,1
32,5,1
45,18,1
25,1,1
-271,102,0
40,12,1
65,21,1
-285,102,0
56,21,1
-299,3,0
-297,7,0
-300,4,0
112,130,1
68,48,1
39,7,1
34,7,1
87,77,1
39,10,1
45,19,1
-300,1,0
24,2,1
61,29,1
35,16,1
53,26,1
38,10,1
43,15,1
-300,1,0
-293,5,0
-300,1,0
28,2,1
33,7,1
58,35,1
-256,73,0
61,35,1
28,2,1
31,22,1
-289,20,0
32,5,1
58,37,1
30,4,1
44,10,1
-283,13,0
25,4,1
33,5,1
34,4,1
49,27,1
33,8,1
47,13,1
28,2,1
51,14,1
-287,24,0
47,29,1
23,2,1
150,189,1
27,5,1
-267,84,0
51,17,1
94,77,1
-302,2,0
82,39,1
35,15,1
-280,18,0
25,6,1
-293,11,0
-240,86,0
88,66,1
48,17,1
47,21,1
66,28,1
38,10,1
81,58,1
23,2,1
78,35,1
89,116,1
49,17,1
65,40,1
39,12,1
30,7,1
44,22,1
42,17,1
70,82,1
-296,7,0
63,32,1
79,80,1
33,11,1
53,21,1
29,4,1
57,23,1
67,25,1
71,22,1
25,1,1
57,37,1
63,38,1
32,5,1
81,58,1
24,4,1
57,20,1
-231,72,0
-288,5,0
-277,31,0
-284,17,0
44,17,1
23,2,1
-274,44,0
81,51,1
31,3,1
55,23,1
44,16,1
165,185,1
27,3,1
42,8,1
28,2,1
-299,4,0
-281,15,0
28,2,1
44,28,1
-291,23,0
63,29,1
33,5,1
24,2,1
70,57,1
128,186,1
57,34,1
28,2,1
48,29,1
129,150,1
-275,25,0
28,2,1
59,56,1
42,8,1
27,3,1
46,15,1
28,2,1
44,16,1
30,11,1
40,6,1
-277,16,0
75,71,1
-275,23,0
31,9,1
55,14,1
39,12,1
33,10,1
86,142,1
49,27,1
65,36,1
-268,40,0
44,20,1
45,23,1
51,35,1
31,3,1
61,52,1
-289,49,0
-276,20,0
-300,4,0
25,1,1
97,64,1
-283,13,0
81,39,1
36,10,1
34,7,1
28,2,1
30,6,1
-287,35,0
26,4,1
55,26,1
21,13,1
-296,23,0
-300,1,0
-300,1,0
-309,17,0
54,22,1
51,52,1
-294,3,0
31,37,1
42,11,1
-295,4,0
94,70,1
135,158,1
50,17,1
64,26,1
41,15,1
48,34,1
55,38,1
-295,34,0
41,13,1
98,63,1
85,63,1
45,15,1
86,74,1
31,3,1
70,52,1
39,12,1
63,50,1
50,15,1
28,2,1
55,28,1
38,17,1
37,5,1
-277,13,0
31,3,1
54,19,1
28,2,1
-258,57,0
33,14,1
25,1,1
-275,48,0
50,18,1
25,1,1
77,66,1
-300,1,0
34,7,1
50,12,1
58,31,1
25,1,1
31,3,1
48,20,1
-296,5,0
-269,32,0
-296,7,0
-300,1,0
34,10,1
42,19,1
74,74,1
35,16,1
28,2,1
79,64,1
64,51,1
28,2,1
-251,97,0
59,29,1
58,30,1
-299,17,0
25,1,1
35,9,1
35,6,1
40,10,1
38,13,1
45,25,1
-284,48,0
105,103,1
-294,8,0
69,37,1
-297,10,0
50,17,1
-296,4,0
29,5,1
96,102,1
-288,17,0
70,49,1
-262,62,0
53,45,1
67,45,1
28,2,1
39,11,1
63,49,1
91,64,1
23,2,1
44,10,1
92,72,1
25,1,1
-298,6,0
39,34,1
-295,18,0
32,5,1
71,40,1
32,6,1
25,1,1
51,40,1
84,60,1
57,24,1
40,9,1
48,18,1
36,6,1
35,17,1
28,13,1
33,13,1
26,3,1
31,3,1
-300,1,0
-286,10,0
25,1,1
-299,12,0
-279,17,0
27,38,1
32,6,1
59,29,1
-308,9,0
37,54,1
48,12,1
46,15,1
36,8,1
-171,144,0
89,68,1
53,41,1
-270,44,0
-261,44,0
25,1,1
-261,61,0
-283,11,0
-300,1,0
46,11,1
-300,1,0
44,9,1
-283,11,0
29,4,1
-262,41,0
54,48,1
65,32,1
46,20,1
40,11,1
-300,1,0
-292,16,0
-279,60,0
67,50,1
-303,9,0
37,15,1
75,29,1
30,7,1
-294,7,0
-290,40,0
53,22,1
-207,175,0
30,4,1
-284,20,0
28,2,1
46,19,1
25,1,1
36,6,1
-254,41,0
27,3,1
-268,27,0
53,21,1
53,24,1
57,31,1
50,20,1
87,72,1
-271,25,0
35,12,1
42,8,1
25,1,1
57,16,1
76,71,1
78,69,1
39,55,1
-278,47,0
-278,17,0
-220,122,0
-265,70,0
42,21,1
33,5,1
-277,37,0
-300,1,0
33,23,1
71,43,1
-292,18,0
30,9,1
25,1,1
28,2,1
44,22,1
-280,18,0
33,5,1
-298,15,0
-272,19,0
26,3,1
63,36,1
-247,105,0
30,4,1
29,5,1
40,13,1
42,16,1
-295,4,0
27,5,1
28,2,1
91,64,1
40,16,1
24,2,1
-284,27,0
87,59,1
27,3,1
-260,103,0
25,1,1
28,2,1
68,34,1
-289,27,0
120,131,1
41,17,1
23,11,1
55,15,1
31,3,1
28,2,1
22,3,1
29,4,1
62,38,1
47,18,1
34,10,1
-263,40,0
44,9,1
25,1,1
68,32,1
30,9,1
38,10,1
42,18,1
50,17,1
58,19,1
62,64,1
39,9,1
66,43,1
-297,13,0
-300,7,0
53,21,1
58,48,1
70,48,1
27,3,1
-262,23,0
47,11,1
41,19,1
25,1,1
-271,26,0
25,1,1
-225,83,0
32,5,1
42,27,1
52,22,1
-291,12,0
42,8,1
37,8,1
25,1,1
-299,9,0
57,51,1
44,16,1
56,39,1
66,41,1
25,1,1
48,28,1
57,24,1
28,2,1
86,120,1
61,51,1
48,13,1
27,3,1
61,41,1
28,2,1
56,26,1
62,23,1
118,148,1
28,2,1
45,23,1
35,26,1
60,33,1
25,1,1
67,40,1
49,20,1
31,3,1
40,15,1
49,17,1
64,60,1
45,9,1
-287,17,0
25,1,1
56,30,1
28,2,1
-278,52,0
-290,9,0
44,18,1
30,7,1
36,8,1
65,40,1
-220,104,0
-302,10,0
53,17,1
34,4,1
48,31,1
-299,3,0
83,63,1
45,25,1
-296,4,0
-296,9,0
-298,5,0
-300,1,0
22,3,1
-297,2,0
25,1,1
-290,10,0
77,49,1
38,8,1
32,5,1
77,82,1
83,52,1
44,12,1
26,4,1
28,2,1
-297,14,0
24,2,1
27,5,1
54,29,1
34,4,1
-296,4,0
64,32,1
81,58,1
-239,85,0
54,37,1
42,10,1
54,16,1
35,7,1
80,62,1
24,2,1
50,11,1
34,7,1
-291,34,0
29,4,1
64,39,1
57,41,1
43,7,1
43,11,1
57,24,1
36,8,1
26,6,1
57,26,1
39,7,1
50,26,1
36,8,1
69,60,1
69,40,1
-274,23,0
30,9,1
25,1,1
44,27,1
27,8,1
44,22,1
46,18,1
56,39,1
-292,32,0
-274,28,0
34,15,1
23,2,1
-286,10,0
-296,33,0
-289,8,0
62,27,1
47,22,1
56,52,1
37,5,1
56,19,1
-300,1,0
25,1,1
-290,16,0
-256,67,0
66,30,1
76,38,1
68,50,1
28,2,1
-279,33,0
66,57,1
-282,26,0
37,8,1
52,28,1
60,27,1
39,20,1
-252,48,0
44,20,1
64,41,1
96,93,1
50,15,1
57,24,1
-273,35,0
76,61,1
53,25,1
-250,69,0
125,166,1
-300,1,0
33,7,1
68,45,1
25,1,1
-300,1,0
52,20,1
44,14,1
59,30,1
41,21,1
25,1,1
23,2,1
61,54,1
37,8,1
22,3,1
-265,36,0
-258,30,0
52,51,1
39,10,1
36,8,1
54,16,1
57,28,1
63,46,1
25,9,1
42,14,1
61,49,1
-287,21,0
32,10,1
49,16,1
25,1,1
39,7,1
-284,25,0
37,9,1
29,4,1
88,73,1
-246,76,0
41,8,1
-286,16,0
39,7,1
-271,48,0
29,5,1
-297,2,0
93,81,1
-303,11,0
-249,45,0
25,1,1
39,7,1
77,80,1
111,111,1
35,15,1
32,28,1
-297,5,0
36,13,1
-292,8,0
-224,120,0
-273,25,0
70,44,1
35,10,1
112,149,1
70,49,1
25,1,1
46,15,1
50,11,1
-238,74,0
30,4,1
28,2,1
40,10,1
25,1,1
33,36,1
99,144,1
57,25,1
-297,35,0
62,42,1
53,17,1
48,14,1
31,3,1
-294,15,0
29,7,1
35,9,1
33,5,1
30,6,1
-284,27,0
110,101,1
52,46,1
42,13,1
-300,1,0
59,32,1
47,28,1
44,33,1
28,2,1
-298,10,0
25,1,1
-288,24,0
52,16,1
-261,43,0
53,61,1
21,3,1
31,3,1
-180,143,0
68,32,1
77,54,1
33,14,1
83,79,1
33,10,1
45,15,1
-302,9,0
40,11,1
47,17,1
104,96,1
47,14,1
-301,21,0
-288,12,0
113,83,1
28,2,1
41,12,1
75,61,1
61,36,1
-297,14,0
-294,3,0
92,63,1
43,10,1
35,19,1
85,59,1
-269,26,0
66,33,1
28,6,1
-285,56,0
41,8,1
28,2,1
29,4,1
-301,4,0
-235,75,0
62,51,1
-300,1,0
73,66,1
24,2,1
78,85,1
134,143,1
44,17,1
43,14,1
-273,28,0
-293,13,0
-209,118,0
31,3,1
-250,59,0
44,17,1
68,52,1
41,17,1
-296,4,0
-295,9,0
39,21,1
44,16,1
-272,35,0
64,14,1
51,31,1
66,29,1
69,70,1
67,41,1
58,24,1
53,32,1
62,49,1
169,258,1
43,14,1
32,13,1
81,40,1
83,46,1
-278,41,0
50,20,1
-286,7,0
36,9,1
48,17,1
40,11,1
-291,24,0
-300,1,0
54,24,1
44,16,1
61,26,1
44,9,1
42,23,1
-297,2,0
34,4,1
-300,1,0
86,52,1
72,37,1
92,59,1
45,54,1
28,12,1
-299,3,0
25,1,1
42,17,1
-289,8,0
-282,30,0
33,5,1
-283,21,0
-293,8,0
42,31,1
32,5,1
26,6,1
40,12,1
-283,13,0
-278,44,0
79,60,1
-289,30,0
-250,59,0
-277,29,0
31,13,1
23,2,1
76,48,1
-302,8,0
59,37,1
50,23,1
25,1,1
55,36,1
87,71,1
-300,1,0
41,24,1
106,98,1
-256,44,0
-297,7,0
-312,16,0
40,6,1
46,12,1
33,7,1
42,8,1
-261,87,0
41,14,1
-286,26,0
34,4,1
42,15,1
34,17,1
52,23,1
-265,30,0
25,1,1
31,9,1
-285,30,0
49,16,1
44,10,1
-287,10,0
-281,38,0
50,33,1
25,1,1
36,8,1
62,41,1
26,6,1
36,16,1
41,9,1
-297,11,0
28,2,1
-245,100,0
43,21,1
28,2,1
57,24,1
-286,9,0
56,38,1
74,43,1
34,10,1
28,2,1
37,8,1
29,4,1
-247,56,0
42,14,1
41,15,1
-288,18,0
37,10,1
-281,13,0
57,47,1
-298,21,0
52,24,1
51,16,1
45,24,1
52,21,1
35,12,1
63,25,1
56,46,1
92,61,1
48,16,1
39,7,1
67,34,1
-256,42,0
41,8,1
44,13,1
37,10,1
32,5,1
67,42,1
-296,21,0
27,3,1
35,15,1
37,19,1
36,12,1
47,17,1
-300,1,0
-282,27,0
51,28,1
29,4,1
31,3,1
67,38,1
55,30,1
40,6,1
30,4,1
-299,6,0
29,4,1
-288,11,0
-300,1,0
35,6,1
23,2,1
47,19,1
39,12,1
72,59,1
37,8,1
31,3,1
-277,31,0
87,86,1
-275,60,0
61,25,1
27,5,1
25,1,1
70,27,1
-281,39,0
54,35,1
25,1,1
90,107,1
28,2,1
80,97,1
25,1,1
-292,19,0
79,69,1
-284,28,0
31,8,1
55,25,1
37,5,1
30,24,1
-294,3,0
65,60,1
46,17,1
86,86,1
150,191,1
25,1,1
31,3,1
64,31,1
61,29,1
60,28,1
-295,4,0
-249,55,0
55,73,1
38,8,1
37,8,1
73,52,1
59,25,1
-302,2,0
28,8,1
46,49,1
52,57,1
34,4,1
-271,17,0
47,40,1
56,23,1
66,61,1
-282,30,0
53,25,1
-287,10,0
31,36,1
25,1,1
80,72,1
25,1,1
52,20,1
41,24,1
36,8,1
46,14,1
45,11,1
-271,51,0
33,5,1
-302,5,0
50,18,1
57,17,1
43,10,1
56,25,1
-301,4,0
34,8,1
53,31,1
31,3,1
78,65,1
37,5,1
35,6,1
31,3,1
49,24,1
31,3,1
40,6,1
-248,54,0
74,41,1
28,2,1
31,3,1
28,2,1
39,14,1
-295,4,0
25,1,1
97,61,1
71,44,1
25,1,1
30,7,1
41,14,1
-281,33,0
25,1,1
36,20,1
-286,15,0
25,1,1
35,6,1
28,2,1
78,56,1
38,7,1
45,22,1
-292,19,0
50,20,1
34,4,1
28,5,1
55,26,1
69,52,1
105,101,1
34,15,1
65,30,1
43,10,1
-295,17,0
52,13,1
57,16,1
63,43,1
-252,60,0
25,1,1
42,26,1
98,119,1
41,12,1
51,17,1
17,15,1
42,11,1
44,10,1
-294,23,0
85,80,1
-302,2,0
-260,29,0
59,28,1
33,5,1
-296,7,0
36,9,1
-286,19,0
-301,2,0
-280,18,0
59,34,1
23,2,1
61,19,1
29,8,1
-275,22,0
29,4,1
41,13,1
31,7,1
67,25,1
-256,54,0
25,1,1
52,31,1
67,28,1
37,5,1
-283,24,0
68,30,1
60,58,1
39,7,1
33,5,1
-276,26,0
-296,10,0
64,39,1
-298,3,0
35,20,1
30,4,1
53,23,1
25,1,1
50,67,1
25,1,1
44,15,1
48,24,1
35,9,1
51,27,1
30,4,1
28,2,1
53,26,1
34,7,1
37,10,1
49,21,1
23,7,1
135,144,1
29,7,1
25,1,1
31,3,1
37,10,1
-278,30,0
-305,5,0
24,2,1
36,6,1
28,2,1
28,2,1
-288,5,0
-275,87,0
-267,37,0
38,16,1
28,2,1
70,35,1
25,4,1
61,67,1
77,57,1
48,15,1
46,18,1
-282,54,0
38,22,1
69,46,1
32,5,1
74,45,1
22,3,1
25,1,1
-282,16,0
37,5,1
25,1,1
44,10,1
34,4,1
53,47,1
71,38,1
33,5,1
34,4,1
-270,21,0
-301,9,0
54,20,1
47,17,1
-300,1,0
46,15,1
31,3,1
53,56,1
49,12,1
42,20,1
49,12,1
-296,5,0
28,2,1
87,59,1
24,23,1
90,73,1
51,30,1
23,2,1
25,1,1
28,5,1
-291,8,0
60,26,1
49,28,1
-307,10,0
35,16,1
-297,2,0
-293,8,0
-301,14,0
80,38,1
-300,1,0
75,52,1
24,2,1
28,5,1
52,17,1
42,8,1
58,42,1
56,39,1
61,29,1
97,85,1
-296,4,0
61,30,1
70,41,1
25,9,1
52,25,1
103,118,1
39,10,1
73,42,1
63,24,1
28,2,1
80,64,1
22,3,1
82,74,1
57,30,1
43,7,1
84,59,1
-300,1,0
39,9,1
58,35,1
25,1,1
42,19,1
-276,20,0
-300,22,0
46,17,1
50,23,1
30,4,1
35,9,1
38,21,1
28,2,1
38,8,1
71,41,1
-254,44,0
65,35,1
-251,60,0
28,2,1
67,90,1
28,2,1
-297,34,0
25,1,1
75,50,1
31,3,1
23,2,1
106,137,1
-281,28,0
65,37,1
43,29,1
-289,9,0
79,51,1
-303,6,0
59,26,1
-276,35,0
24,2,1
36,6,1
39,7,1
33,7,1
-296,19,0
75,110,1
-301,11,0
52,23,1
59,21,1
30,4,1
77,65,1
85,82,1
90,61,1
42,16,1
91,104,1
24,7,1
30,6,1
50,32,1
36,18,1
37,5,1
43,13,1
-248,83,0
27,6,1
-280,23,0
25,1,1
28,2,1
41,11,1
-278,13,0
25,1,1
-297,5,0
-282,10,0
-293,11,0
44,30,1
55,29,1
49,16,1
44,30,1
66,52,1
25,1,1
-285,15,0
55,43,1
-296,12,0
47,25,1
-295,10,0
35,6,1
25,1,1
-293,8,0
56,31,1
25,1,1
58,47,1
-263,67,0
39,7,1
35,13,1
-291,4,0
-300,11,0
43,19,1
31,9,1
61,41,1
-249,66,0
99,83,1
76,59,1
65,20,1
33,7,1
41,14,1
67,43,1
-286,10,0
70,40,1
-250,63,0
67,34,1
52,31,1
62,59,1
28,2,1
26,3,1
25,1,1
-285,10,0
26,3,1
25,6,1
-304,9,0
65,53,1
28,2,1
50,30,1
41,14,1
35,18,1
33,7,1
44,10,1
-282,7,0
31,3,1
56,39,1
32,5,1
50,19,1
48,12,1
69,43,1
39,9,1
26,9,1
97,90,1
72,75,1
37,8,1
-267,30,0
70,50,1
47,19,1
63,35,1
-315,22,0
44,20,1
31,12,1
33,12,1
73,30,1
-278,24,0
49,26,1
30,4,1
59,31,1
76,81,1
30,7,1
31,3,1
31,3,1
-300,1,0
-299,3,0
-289,23,0
63,18,1
-291,15,0
25,1,1
31,3,1
33,7,1
83,90,1
72,49,1
36,15,1
43,7,1
-264,43,0
51,14,1
24,2,1
34,10,1
31,6,1
28,2,1
54,23,1
-291,4,0
46,14,1
31,3,1
57,20,1
75,45,1
63,31,1
-264,36,0
31,3,1
25,1,1
28,2,1
38,10,1
-287,67,0
53,24,1
81,58,1
90,75,1
69,87,1
69,103,1
-305,8,0
-297,2,0
51,23,1
43,18,1
74,54,1
42,14,1
43,11,1
55,25,1
52,25,1
35,9,1
53,21,1
36,6,1
60,39,1
31,3,1
74,62,1
31,6,1
-301,2,0
58,20,1
24,2,1
68,46,1
34,4,1
-294,3,0
34,12,1
-293,16,0
-290,10,0
24,2,1
-273,107,0
41,8,1
-237,165,0
35,6,1
-300,1,0
54,55,1
48,34,1
35,6,1
44,12,1
57,24,1
39,10,1
-291,4,0
28,5,1
41,24,1
67,41,1
90,94,1
62,31,1
25,1,1
33,8,1
-280,20,0
-289,18,0
12,38,1
37,10,1
66,62,1
-270,38,0
49,18,1
49,16,1
-255,69,0
74,45,1
69,60,1
-281,22,0
32,11,1
52,33,1
35,7,1
54,39,1
82,61,1
62,32,1
40,22,1
25,1,1
53,28,1
58,35,1
59,46,1
41,44,1
77,46,1
34,7,1
57,37,1
-300,1,0
25,1,1
53,43,1
30,4,1
41,21,1
-268,47,0
38,7,1
41,17,1
57,33,1
94,82,1
30,10,1
84,66,1
55,20,1
38,7,1
127,166,1
-300,1,0
51,16,1
-299,3,0
47,14,1
-277,38,0
87,94,1
-275,27,0
28,2,1
112,108,1
41,22,1
56,26,1
38,7,1
27,3,1
51,13,1
55,23,1
-278,49,0
-302,2,0
46,24,1
28,2,1
-297,7,0
71,41,1
58,24,1
26,3,1
47,33,1
23,2,1
80,83,1
29,4,1
25,1,1
59,27,1
110,77,1
25,1,1
35,7,1
29,4,1
-293,17,0
34,4,1
40,10,1
48,19,1
-297,2,0
-286,33,0
106,99,1
-290,6,0
64,26,1
48,18,1
67,29,1
-307,5,0
31,6,1
43,30,1
26,3,1
25,1,1
34,7,1
56,22,1
41,12,1
25,1,1
41,41,1
25,1,1
27,3,1
41,11,1
-248,96,0
-252,52,0
92,98,1
38,14,1
45,22,1
-299,6,0
29,4,1
-275,49,0
60,34,1
56,37,1
28,2,1
25,1,1
41,14,1
79,71,1
34,11,1
51,27,1
31,28,1
-230,114,0
31,3,1
137,165,1
39,12,1
71,58,1
24,2,1
49,13,1
25,1,1
80,50,1
46,18,1
25,1,1
67,37,1
-267,29,0
57,33,1
55,92,1
40,12,1
74,41,1
68,44,1
42,19,1
23,2,1
31,3,1
58,32,1
85,58,1
34,4,1
47,11,1
66,48,1
25,1,1
130,118,1
55,46,1
-300,1,0
-290,10,0
74,60,1
28,2,1
-257,51,0
31,3,1
31,3,1
34,4,1
69,60,1
39,9,1
75,70,1
-288,11,0
25,1,1
-300,1,0
-297,10,0
-306,10,0
29,4,1
74,44,1
34,4,1
42,16,1
31,3,1
45,15,1
41,14,1
-289,6,0
-294,3,0
57,33,1
28,2,1
25,1,1
-299,4,0
37,5,1
25,1,1
64,35,1
34,7,1
42,8,1
45,14,1
-290,13,0
-272,40,0
25,1,1
-303,6,0
-276,33,0
46,11,1
28,2,1
49,28,1
31,3,1
28,2,1
-297,8,0
25,1,1
65,30,1
-300,1,0
41,14,1
53,24,1
40,6,1
-280,30,0
42,19,1
57,32,1
46,24,1
-293,10,0
-277,17,0
44,38,1
56,35,1
55,41,1
28,2,1
40,6,1
-262,46,0
38,28,1
-275,31,0
66,65,1
-283,22,0
-285,23,0
42,20,1
-282,13,0
-270,47,0
51,21,1
25,1,1
28,2,1
64,43,1
-302,2,0
23,2,1
-282,11,0
37,5,1
28,2,1
42,14,1
32,5,1
28,2,1
65,46,1
44,12,1
49,17,1
62,25,1
28,2,1
53,29,1
30,4,1
42,28,1
28,2,1
63,34,1
25,1,1
65,65,1
116,105,1
29,10,1
62,32,1
-300,1,0
28,2,1
56,34,1
51,27,1
-242,65,0
70,69,1
90,75,1
50,19,1
46,11,1
65,46,1
46,46,1
-293,11,0
46,16,1
66,30,1
54,21,1
55,20,1
44,13,1
45,23,1
71,50,1
29,4,1
31,8,1
-292,8,0
-297,2,0
23,2,1
81,57,1
74,53,1
47,16,1
43,20,1
-294,8,0
-297,13,0
48,19,1
25,1,1
-226,158,0
25,1,1
28,2,1
65,45,1
-291,10,0
118,144,1
-300,1,0
42,13,1
46,25,1
62,20,1
-284,24,0
45,9,1
110,111,1
31,3,1
32,5,1
33,11,1
53,50,1
36,6,1
-280,24,0
-270,71,0
28,2,1
25,1,1
36,6,1
41,8,1
-294,9,0
28,2,1
36,15,1
104,83,1
31,15,1
52,40,1
29,4,1
54,18,1
68,54,1
28,2,1
54,24,1
-292,13,0
38,10,1
89,111,1
35,12,1
-297,2,0
37,10,1
48,22,1
-275,33,0
44,10,1
43,13,1
113,83,1
70,28,1
35,10,1
43,16,1
76,44,1
38,8,1
73,50,1
47,21,1
55,23,1
-258,79,0
25,1,1
52,24,1
-279,37,0
32,24,1
89,84,1
73,33,1
-296,4,0
28,2,1
45,16,1
31,9,1
52,21,1
49,33,1
28,2,1
-301,13,0
34,4,1
25,1,1
37,11,1
37,5,1
42,22,1
35,19,1
83,97,1
83,63,1
-250,70,0
42,13,1
36,6,1
52,20,1
82,60,1
53,13,1
66,50,1
45,9,1
72,70,1
29,4,1
31,3,1
-296,4,0
-279,34,0
39,9,1
57,33,1
-260,45,0
80,73,1
28,2,1
-299,6,0
44,19,1
-300,1,0
-308,8,0
61,66,1
51,19,1
29,4,1
-297,2,0
28,2,1
-264,49,0
40,9,1
34,4,1
-273,30,0
41,11,1
71,45,1
91,101,1
63,78,1
43,40,1
-299,3,0
-243,82,0
51,11,1
25,4,1
-299,3,0
-300,9,0
-278,13,0
-266,22,0
63,43,1
64,45,1
58,40,1
-284,12,0
-279,20,0
35,7,1
25,1,1
62,42,1
43,7,1
23,2,1
-275,86,0
36,9,1
33,5,1
35,7,1
-256,55,0
60,31,1
48,53,1
38,14,1
28,2,1
26,3,1
25,1,1
33,7,1
-297,8,0
49,9,1
36,14,1
61,38,1
41,19,1
33,5,1
37,8,1
64,55,1
54,31,1
-277,38,0
33,7,1
69,32,1
48,19,1
38,10,1
25,1,1
-229,120,0
36,10,1
38,13,1
55,37,1
27,3,1
51,25,1
80,58,1
-279,31,0
70,155,1
30,4,1
32,6,1
25,1,1
-274,23,0
56,33,1
23,2,1
-284,14,0
34,12,1
44,9,1
-301,8,0
65,26,1
70,25,1
28,20,1
71,64,1
28,2,1
43,14,1
33,5,1
37,11,1
72,44,1
-296,4,0
44,27,1
-301,10,0
-271,83,0
44,19,1
68,58,1
55,41,1
-294,7,0
37,8,1
25,1,1
60,45,1
46,24,1
84,89,1
55,42,1
67,50,1
-285,6,0
-290,21,0
56,13,1
55,39,1
72,58,1
-292,8,0
39,19,1
30,4,1
50,26,1
-282,27,0
28,2,1
28,2,1
57,22,1
51,18,1
57,61,1
36,6,1
-300,1,0
36,9,1
37,5,1
49,12,1
44,14,1
-250,66,0
48,45,1
24,2,1
-215,126,0
31,3,1
30,7,1
52,47,1
-254,49,0
59,30,1
27,5,1
24,2,1
55,48,1
-278,42,0
34,7,1
25,1,1
-301,4,0
33,5,1
31,3,1
-217,119,0
36,6,1
28,2,1
87,72,1
24,2,1
38,10,1
-266,65,0
22,13,1
-291,12,0
65,38,1
36,15,1
68,24,1
41,16,1
50,19,1
34,10,1
41,26,1
81,63,1
53,21,1
-214,111,0
57,58,1
23,2,1
25,1,1
90,59,1
28,2,1
-298,3,0
34,4,1
25,1,1
25,1,1
28,2,1
-286,41,0
-302,2,0
-254,46,0
31,3,1
29,12,1
34,4,1
-266,59,0
70,55,1
-284,20,0
28,5,1
50,26,1
73,77,1
25,1,1
25,1,1
41,11,1
57,27,1
25,1,1
35,16,1
-293,6,0
52,21,1
32,9,1
49,12,1
31,3,1
-282,29,0
45,23,1
28,2,1
58,24,1
23,8,1
34,4,1
-307,12,0
-284,8,0
36,14,1
-296,22,0
51,23,1
31,3,1
50,11,1
43,7,1
25,1,1
117,161,1
25,1,1
119,96,1
53,20,1
-301,2,0
37,16,1
44,12,1
55,51,1
48,23,1
-275,50,0
29,7,1
53,13,1
56,22,1
31,6,1
39,9,1
-300,1,0
42,10,1
41,16,1
46,27,1
32,5,1
-204,160,0
26,3,1
63,39,1
45,33,1
88,91,1
-292,5,0
124,141,1
29,8,1
39,7,1
30,4,1
-299,9,0
-292,8,0
53,16,1
23,2,1
51,33,1
42,12,1
45,12,1
51,15,1
59,22,1
31,3,1
47,20,1
79,66,1
55,32,1
67,42,1
82,73,1
28,2,1
-297,8,0
42,10,1
32,5,1
28,2,1
34,24,1
28,2,1
65,36,1
41,17,1
25,1,1
32,9,1
46,12,1
-289,24,0
30,4,1
50,42,1
76,55,1
73,29,1
-258,31,0
-247,67,0
52,69,1
44,12,1
61,23,1
27,3,1
27,3,1
98,70,1
72,52,1
30,4,1
-300,1,0
50,15,1
37,8,1
60,35,1
25,1,1
31,12,1
28,2,1
61,52,1
32,5,1
51,32,1
25,1,1
-298,3,0
26,3,1
25,1,1
45,20,1
28,2,1
121,134,1
28,2,1
25,1,1
-303,11,0
45,14,1
41,23,1
54,33,1
61,29,1
-304,3,0
33,11,1
78,42,1
34,10,1
35,14,1
33,7,1
40,18,1
-192,136,0
-283,27,0
64,34,1
30,4,1
71,52,1
32,5,1
102,89,1
44,18,1
34,4,1
28,7,1
34,4,1
67,37,1
-275,54,0
27,14,1
23,2,1
56,16,1
48,14,1
-301,12,0
26,3,1
-263,40,0
-298,7,0
55,42,1
-258,50,0
48,10,1
78,61,1
38,10,1
69,38,1
44,10,1
29,4,1
41,14,1
36,6,1
25,1,1
31,3,1
119,139,1
42,18,1
48,10,1
32,15,1
40,13,1
35,10,1
28,2,1
30,8,1
45,19,1
-276,22,0
48,21,1
50,45,1
25,1,1
70,65,1
-301,2,0
-292,8,0
-294,3,0
-278,41,0
65,37,1
55,43,1
-297,2,0
65,29,1
68,49,1
58,33,1
-297,2,0
74,53,1
77,41,1
41,9,1
-305,16,0
25,1,1
48,19,1
39,14,1
82,66,1
77,49,1
-282,13,0
37,11,1
-281,58,0
34,4,1
55,29,1
59,25,1
-289,30,0
35,9,1
60,26,1
31,3,1
43,7,1
58,18,1
49,12,1
-306,14,0
25,1,1
-302,5,0
67,34,1
75,51,1
-300,1,0
-286,24,0
97,85,1
52,24,1
76,61,1
31,6,1
31,9,1
39,21,1
65,58,1
31,3,1
25,1,1
43,13,1
-295,7,0
41,23,1
43,21,1
48,25,1
43,22,1
72,85,1
80,53,1
25,1,1
40,9,1
46,19,1
28,31,1
42,10,1
33,5,1
32,5,1
69,47,1
83,57,1
41,11,1
-278,28,0
-291,14,0
54,18,1
41,8,1
38,20,1
87,60,1
29,4,1
-289,25,0
96,74,1
37,5,1
43,17,1
-294,28,0
28,2,1
-285,12,0
23,2,1
54,28,1
49,15,1
-284,18,0
64,50,1
-300,1,0
35,11,1
41,8,1
50,20,1
102,129,1
32,9,1
-294,16,0
44,9,1
49,67,1
112,100,1
34,9,1
43,11,1
59,21,1
25,1,1
28,2,1
54,21,1
25,1,1
39,17,1
49,54,1
30,4,1
62,25,1
24,2,1
-280,14,0
56,61,1
25,1,1
-299,6,0
35,9,1
47,38,1
73,44,1
-297,2,0
43,10,1
71,52,1
31,3,1
-291,72,0
31,3,1
-277,41,0
52,27,1
45,16,1
-297,8,0
75,62,1
35,6,1
41,9,1
-265,33,0
-285,10,0
68,46,1
85,94,1
53,44,1
-288,20,0
-301,9,0
49,25,1
37,19,1
-259,123,0
35,30,1
54,16,1
71,44,1
49,20,1
124,157,1
61,29,1
33,11,1
79,113,1
-277,37,0
31,3,1
-292,15,0
34,4,1
43,10,1
50,14,1
29,7,1
77,40,1
48,13,1
45,11,1
61,29,1
-289,12,0
-301,4,0
34,4,1
20,4,1
-305,14,0
27,3,1
35,6,1
46,11,1
28,2,1
34,4,1
71,34,1
25,1,1
25,1,1
43,7,1
88,84,1
73,42,1
31,3,1
43,14,1
28,2,1
25,1,1
45,18,1
37,37,1
35,12,1
80,41,1
25,1,1
52,19,1
45,17,1
66,45,1
40,16,1
32,6,1
68,35,1
54,18,1
37,14,1
48,15,1
-288,8,0
38,11,1
35,13,1
28,2,1
50,15,1
83,52,1
32,5,1
68,41,1
-287,8,0
24,2,1
66,37,1
43,29,1
36,9,1
34,4,1
25,1,1
49,20,1
-260,34,0
29,4,1
28,2,1
-273,48,0
70,25,1
45,16,1
53,12,1
55,24,1
45,60,1
-297,2,0
33,8,1
37,5,1
41,9,1
-297,2,0
45,16,1
44,29,1
32,8,1
-251,38,0
25,1,1
37,15,1
-296,7,0
35,7,1
45,14,1
45,9,1
55,81,1
40,6,1
46,14,1
-287,19,0
67,42,1
-261,41,0
51,33,1
-298,3,0
39,7,1
-274,31,0
35,7,1
43,26,1
40,15,1
40,9,1
95,85,1
62,53,1
25,1,1
-281,51,0
45,9,1
59,35,1
42,13,1
-280,42,0
31,3,1
25,1,1
41,12,1
-286,12,0
82,50,1
31,3,1
27,15,1
43,22,1
57,19,1
50,33,1
25,1,1
40,11,1
32,17,1
56,26,1
25,1,1
66,56,1
28,2,1
50,19,1
41,23,1
48,13,1
43,17,1
34,4,1
69,53,1
41,11,1
39,43,1
68,38,1
52,16,1
28,5,1
-296,5,0
29,4,1
-307,5,0
27,3,1
66,38,1
-302,2,0
63,29,1
47,13,1
52,24,1
-294,3,0
100,107,1
67,50,1
36,20,1
26,4,1
41,11,1
48,19,1
49,18,1
44,12,1
56,20,1
99,98,1
60,41,1
83,45,1
53,20,1
52,19,1
-299,3,0
-269,39,0
61,24,1
-282,24,0
44,13,1
38,35,1
25,1,1
-292,11,0
57,16,1
34,8,1
42,8,1
36,31,1
-304,3,0
40,21,1
34,7,1
-297,2,0
28,2,1
41,12,1
62,55,1
51,21,1
30,4,1
67,53,1
-293,34,0
70,39,1
64,41,1
34,7,1
30,7,1
31,3,1
-293,5,0
23,2,1
-293,11,0
41,20,1
-279,25,0
38,7,1
26,6,1
46,11,1
50,21,1
57,24,1
27,3,1
54,22,1
52,42,1
-300,4,0
35,9,1
50,52,1
33,5,1
-285,26,0
57,25,1
39,13,1
38,7,1
41,16,1
-297,2,0
-295,17,0
58,36,1
44,9,1
-275,30,0
53,26,1
25,1,1
54,24,1
82,55,1
44,14,1
34,4,1
54,39,1
-304,6,0
25,1,1
39,9,1
30,7,1
48,24,1
49,13,1
25,1,1
45,16,1
-234,53,0
-299,12,0
66,38,1
58,39,1
30,4,1
25,1,1
66,51,1
66,37,1
-277,18,0
27,3,1
24,2,1
64,41,1
55,14,1
70,44,1
61,68,1
-266,85,0
52,48,1
51,20,1
-297,12,0
79,66,1
52,29,1
55,25,1
25,1,1
28,5,1
39,7,1
-305,4,0
45,27,1
31,3,1
52,24,1
104,93,1
28,2,1
25,1,1
32,6,1
-277,26,0
-286,12,0
65,48,1
57,28,1
54,16,1
88,71,1
57,33,1
39,18,1
34,4,1
34,4,1
78,67,1
25,1,1
-275,29,0
61,35,1
34,10,1
64,40,1
28,2,1
72,27,1
41,30,1
34,4,1
40,12,1
-266,54,0
48,34,1
37,13,1
63,40,1
52,36,1
38,12,1
25,1,1
92,65,1
34,12,1
56,18,1
28,2,1
28,2,1
92,91,1
48,27,1
-275,23,0
55,28,1
32,6,1
34,4,1
27,15,1
25,1,1
43,29,1
-235,102,0
-302,2,0
59,27,1
78,51,1
24,5,1
30,6,1
44,21,1
48,40,1
45,12,1
28,2,1
-301,2,0
32,5,1
60,55,1
27,5,1
34,4,1
30,4,1
-299,6,0
34,10,1
-285,12,0
64,36,1
-280,28,0
25,1,1
47,13,1
-279,32,0
65,32,1
32,5,1
31,21,1
25,1,1
-297,13,0
41,15,1
-283,32,0
35,6,1
46,15,1
-300,4,0
28,2,1
37,20,1
52,35,1
51,30,1
42,8,1
72,70,1
95,89,1
-290,6,0
-296,8,0
28,2,1
49,18,1
93,73,1
37,14,1
116,116,1
25,1,1
-290,6,0
31,3,1
25,1,1
39,13,1
108,104,1
102,62,1
23,2,1
98,75,1
76,92,1
56,45,1
80,51,1
25,1,1
78,83,1
-301,10,0
30,6,1
40,12,1
101,107,1
25,6,1
24,2,1
-278,19,0
33,7,1
33,13,1
39,12,1
42,13,1
37,19,1
28,2,1
28,2,1
72,72,1
-289,24,0
58,30,1
25,1,1
35,6,1
25,1,1
75,66,1
98,105,1
63,31,1
28,2,1
59,26,1
-255,40,0
31,3,1
44,14,1
-272,54,0
-303,15,0
28,2,1
46,13,1
47,14,1
-286,7,0
25,1,1
24,4,1
58,38,1
32,5,1
84,69,1
43,10,1
48,15,1
57,26,1
-262,42,0
29,7,1
-297,2,0
66,46,1
31,3,1
25,1,1
-301,2,0
58,55,1
52,17,1
-287,15,0
44,19,1
-302,2,0
30,4,1
34,7,1
28,11,1
150,165,1
71,58,1
-295,6,0
-299,3,0
33,8,1
-288,32,0
34,7,1
-288,23,0
35,15,1
36,6,1
-290,12,0
34,4,1
57,69,1
31,6,1
55,20,1
-285,6,0
43,13,1
36,12,1
32,5,1
42,11,1
37,5,1
32,5,1
36,11,1
25,1,1
60,32,1
32,5,1
-280,21,0
-303,19,0
59,24,1
37,23,1
27,3,1
58,40,1
-271,18,0
55,22,1
-287,11,0
-299,6,0
53,37,1
104,134,1
53,30,1
68,25,1
28,2,1
-290,18,0
44,9,1
25,1,1
-300,1,0
-283,8,0
42,8,1
57,21,1
25,1,1
-291,4,0
54,28,1
30,6,1
144,151,1
45,27,1
35,13,1
35,6,1
34,7,1
25,1,1
33,8,1
-301,8,0
-292,9,0
25,1,1
-289,14,0
41,14,1
-292,5,0
-267,19,0
-301,7,0
45,15,1
-294,9,0
79,42,1
44,18,1
37,20,1
31,3,1
41,26,1
25,1,1
24,2,1
27,3,1
43,10,1
-264,36,0
-296,10,0
43,7,1
33,10,1
40,9,1
74,41,1
-275,38,0
42,10,1
38,11,1
-260,109,0
34,7,1
34,4,1
142,172,1
-255,50,0
-297,13,0
26,13,1
25,1,1
28,2,1
37,11,1
25,1,1
-287,11,0
30,4,1
57,24,1
-292,7,0
91,42,1
32,11,1
39,13,1
-302,2,0
32,5,1
82,54,1
47,26,1
-300,1,0
58,28,1
23,2,1
44,12,1
-286,13,0
25,1,1
31,3,1
28,2,1
36,12,1
52,37,1
25,1,1
50,15,1
67,31,1
-300,4,0
-300,1,0
25,1,1
41,8,1
32,6,1
37,8,1
45,23,1
-276,34,0
25,1,1
65,38,1
58,25,1
88,57,1
80,56,1
-286,25,0
50,31,1
97,64,1
106,84,1
37,9,1
26,3,1
56,30,1
25,1,1
35,6,1
43,13,1
30,4,1
52,17,1
37,5,1
63,38,1
31,3,1
-302,9,0
25,1,1
48,21,1
35,16,1
122,104,1
-256,31,0
25,1,1
50,17,1
-267,32,0
46,11,1
-292,5,0
89,72,1
63,28,1
34,4,1
36,6,1
-268,55,0
48,13,1
-298,5,0
42,19,1
42,11,1
77,67,1
52,17,1
55,26,1
53,34,1
54,25,1
40,9,1
23,2,1
25,1,1
38,7,1
32,5,1
-283,57,0
-303,3,0
57,24,1
43,10,1
89,92,1
44,12,1
75,60,1
55,23,1
106,154,1
57,22,1
-263,67,0
51,13,1
61,37,1
-277,19,0
46,22,1
23,2,1
59,21,1
36,6,1
35,14,1
29,4,1
-301,2,0
49,24,1
-248,66,0
50,41,1
49,33,1
44,24,1
50,20,1
51,25,1
30,6,1
25,1,1
44,9,1
-270,27,0
38,8,1
31,3,1
35,9,1
31,3,1
-282,16,0
93,55,1
-287,31,0
33,12,1
43,25,1
28,2,1
24,4,1
74,53,1
41,8,1
-292,8,0
-297,2,0
57,54,1
-271,24,0
74,75,1
-282,10,0
55,18,1
25,1,1
50,19,1
48,12,1
-280,43,0
-264,87,0
31,3,1
81,80,1
52,25,1
40,6,1
56,19,1
34,4,1
28,5,1
37,5,1
54,31,1
40,6,1
37,10,1
-246,110,0
-300,1,0
38,8,1
25,1,1
53,25,1
51,30,1
54,18,1
-294,12,0
-297,2,0
-301,12,0
31,9,1
53,21,1
25,1,1
58,22,1
73,56,1
39,12,1
44,10,1
-299,6,0
-276,18,0
28,2,1
-285,17,0
40,14,1
50,25,1
54,27,1
55,21,1
44,18,1
65,64,1
52,23,1
37,10,1
60,30,1
28,2,1
-240,134,0
55,41,1
59,25,1
31,3,1
58,35,1
45,9,1
34,4,1
40,12,1
83,62,1
28,2,1
60,36,1
44,15,1
23,2,1
34,7,1
55,28,1
45,9,1
45,15,1
27,3,1
42,14,1
-299,15,0
39,17,1
46,22,1
60,29,1
42,14,1
44,12,1
32,5,1
45,14,1
70,46,1
45,22,1
46,14,1
26,3,1
-300,1,0
28,2,1
28,2,1
60,48,1
-275,24,0
30,4,1
-291,15,0
41,11,1
58,25,1
48,20,1
34,10,1
55,39,1
-298,6,0
33,5,1
79,60,1
51,13,1
49,12,1
47,20,1
40,9,1
32,8,1
81,59,1
26,6,1
63,25,1
-303,5,0
84,58,1
37,9,1
64,50,1
29,5,1
32,6,1
39,18,1
30,4,1
65,26,1
57,19,1
48,16,1
-297,7,0
52,15,1
69,48,1
53,18,1
25,1,1
95,90,1
37,33,1
-284,16,0
23,2,1
28,2,1
-300,1,0
73,40,1
36,6,1
47,61,1
36,15,1
34,4,1
63,97,1
106,67,1
31,3,1
42,14,1
55,17,1
28,5,1
56,25,1
28,2,1
49,22,1
25,1,1
78,37,1
-287,10,0
31,3,1
83,52,1
-298,3,0
90,57,1
47,11,1
25,1,1
-300,1,0
64,55,1
25,1,1
-245,52,0
34,4,1
44,12,1
56,18,1
25,1,1
76,70,1
28,8,1
25,1,1
-288,14,0
30,4,1
51,25,1
39,18,1
66,31,1
25,1,1
44,16,1
49,18,1
-293,6,0
-297,2,0
-272,32,0
47,16,1
33,5,1
-302,24,0
25,1,1
-304,9,0
48,25,1
57,38,1
25,1,1
49,31,1
44,27,1
53,22,1
29,5,1
64,33,1
28,2,1
73,42,1
-267,32,0
32,11,1
46,8,1
43,11,1
78,52,1
23,2,1
-300,1,0
-292,8,0
-280,14,0
61,53,1
25,1,1
36,24,1
40,12,1
60,21,1
61,27,1
43,17,1
40,6,1
47,16,1
49,28,1
67,26,1
101,61,1
50,15,1
30,16,1
66,35,1
72,40,1
73,43,1
-301,2,0
72,44,1
84,65,1
39,7,1
54,28,1
-300,4,0
51,20,1
42,10,1
45,15,1
28,2,1
-288,12,0
138,152,1
34,4,1
36,19,1
-286,27,0
25,1,1
31,3,1
60,20,1
23,2,1
54,30,1
28,7,1
56,16,1
25,1,1
58,15,1
29,4,1
25,1,1
-298,3,0
75,73,1
24,2,1
56,21,1
71,51,1
-300,1,0
-276,28,0
40,13,1
-312,48,0
37,5,1
40,12,1
-260,48,0
37,9,1
-292,13,0
29,4,1
-300,7,0
69,43,1
-269,36,0
41,20,1
57,26,1
-289,6,0
34,12,1
-249,62,0
25,1,1
65,28,1
32,8,1
-308,14,0
29,9,1
47,13,1
36,6,1
55,18,1
51,16,1
47,22,1
52,16,1
55,29,1
51,25,1
36,6,1
-256,27,0
25,1,1
51,26,1
86,68,1
-300,1,0
62,74,1
25,1,1
59,21,1
28,8,1
64,37,1
99,75,1
64,41,1
67,46,1
37,5,1
53,91,1
28,2,1
-293,13,0
78,56,1
24,2,1
35,6,1
37,5,1
-283,48,0
25,1,1
-300,1,0
-286,7,0
34,4,1
25,1,1
25,1,1
-283,14,0
-289,6,0
91,72,1
77,38,1
31,3,1
-290,9,0
20,4,1
29,5,1
37,9,1
56,29,1
61,38,1
31,3,1
44,27,1
-271,32,0
50,26,1
47,19,1
48,10,1
-290,10,0
-297,2,0
26,3,1
29,4,1
-298,8,0
44,20,1
37,5,1
58,20,1
55,32,1
48,25,1
-279,23,0
36,9,1
53,32,1
54,18,1
33,10,1
53,31,1
71,43,1
31,3,1
27,3,1
53,19,1
38,7,1
52,23,1
25,1,1
68,44,1
38,7,1
44,22,1
28,2,1
28,2,1
47,27,1
45,29,1
34,34,1
38,7,1
56,32,1
67,57,1
43,10,1
-290,55,0
-277,66,0
53,21,1
45,22,1
33,7,1
58,47,1
48,16,1
56,36,1
23,2,1
36,8,1
29,4,1
-264,64,0
67,51,1
24,2,1
99,82,1
34,4,1
-301,2,0
-301,4,0
38,13,1
41,8,1
-296,8,0
67,67,1
42,15,1
43,10,1
-277,22,0
55,34,1
54,28,1
43,15,1
-275,20,0
28,2,1
32,30,1
49,26,1
45,14,1
28,2,1
25,1,1
30,4,1
44,16,1
56,21,1
-243,60,0
42,16,1
51,27,1
42,12,1
24,4,1
-288,22,0
-301,5,0
27,5,1
58,84,1
29,4,1
43,16,1
67,42,1
-300,1,0
46,19,1
64,18,1
25,1,1
49,18,1
25,1,1
25,1,1
61,30,1
58,15,1
-280,17,0
51,15,1
125,102,1
47,22,1
39,23,1
47,21,1
48,18,1
55,41,1
-301,4,0
44,10,1
-298,3,0
51,33,1
41,11,1
25,1,1
65,45,1
53,23,1
62,36,1
96,82,1
25,1,1
52,27,1
26,14,1
-290,6,0
94,83,1
36,8,1
-300,1,0
-301,2,0
-300,1,0
51,16,1
82,45,1
35,15,1
38,16,1
52,20,1
64,49,1
40,9,1
29,4,1
60,48,1
31,3,1
34,4,1
66,49,1
53,27,1
56,27,1
-288,33,0
64,26,1
25,1,1
25,1,1
25,1,1
38,7,1
38,17,1
64,40,1
57,23,1
61,27,1
48,29,1
50,19,1
-310,13,0
103,85,1
33,7,1
55,67,1
28,2,1
-280,24,0
48,23,1
58,23,1
32,5,1
31,3,1
45,18,1
50,14,1
47,10,1
50,17,1
53,17,1
79,36,1
36,8,1
65,75,1
53,22,1
41,9,1
29,4,1
25,4,1
57,27,1
77,46,1
44,34,1
37,13,1
80,60,1
37,5,1
47,17,1
34,7,1
83,55,1
34,4,1
35,11,1
-295,4,0
33,11,1
33,5,1
35,9,1
25,1,1
48,21,1
83,52,1
59,30,1
-312,34,0
66,36,1
-238,72,0
28,2,1
66,47,1
50,12,1
51,14,1
38,8,1
38,7,1
25,1,1
38,7,1
59,20,1
-295,9,0
-284,17,0
51,19,1
-297,14,0
73,32,1
57,22,1
28,2,1
-295,17,0
-297,2,0
31,3,1
43,13,1
26,6,1
-278,34,0
55,33,1
86,58,1
53,26,1
34,4,1
-280,18,0
24,2,1
106,82,1
68,24,1
-287,10,0
40,6,1
38,25,1
47,25,1
43,16,1
25,1,1
23,2,1
35,7,1
28,2,1
-300,1,0
39,7,1
-279,21,0
88,75,1
49,25,1
56,36,1
25,1,1
41,9,1
30,4,1
46,52,1
44,20,1
42,17,1
53,16,1
24,2,1
31,3,1
60,23,1
25,1,1
98,107,1
87,62,1
52,22,1
68,31,1
28,7,1
25,1,1
-289,15,0
63,38,1
36,8,1
36,11,1
37,18,1
28,2,1
58,25,1
-293,11,0
54,50,1
44,9,1
31,3,1
35,6,1
25,1,1
36,14,1
24,2,1
54,31,1
53,24,1
62,27,1
29,4,1
78,44,1
51,33,1
40,10,1
25,1,1
59,30,1
-299,3,0
70,64,1
-300,1,0
-294,6,0
57,33,1
63,25,1
62,34,1
55,25,1
39,7,1
44,18,1
58,34,1
55,68,1
-260,43,0
33,13,1
86,62,1
40,13,1
40,13,1
46,11,1
-295,28,0
-290,16,0
35,13,1
45,22,1
101,91,1
31,3,1
36,8,1
-300,1,0
36,8,1
-266,40,0
28,2,1
44,10,1
23,2,1
25,1,1
58,30,1
37,17,1
70,57,1
25,1,1
51,24,1
-280,29,0
66,81,1
39,7,1
-290,35,0
33,5,1
34,4,1
67,32,1
72,30,1
62,39,1
67,49,1
50,20,1
60,35,1
60,27,1
48,22,1
23,2,1
45,18,1
23,2,1
31,3,1
37,8,1
34,4,1
-297,10,0
42,10,1
52,20,1
33,5,1
-241,59,0
65,40,1
34,4,1
39,7,1
33,5,1
25,1,1
25,1,1
70,41,1
71,38,1
43,11,1
83,57,1
-287,8,0
55,33,1
46,11,1
33,5,1
42,22,1
33,5,1
34,62,1
-300,1,0
25,1,1
79,49,1
-308,6,0
-270,47,0
66,21,1
30,4,1
47,13,1
28,2,1
28,2,1
40,22,1
60,27,1
25,1,1
25,1,1
62,33,1
40,9,1
41,9,1
57,21,1
65,27,1
32,29,1
44,10,1
66,29,1
50,19,1
38,23,1
-300,4,0
32,10,1
42,8,1
25,1,1
39,7,1
28,2,1
25,1,1
34,4,1
26,3,1
28,2,1
-268,25,0
70,73,1
25,1,1
44,9,1
50,27,1
31,3,1
49,13,1
23,2,1
50,18,1
41,12,1
49,23,1
74,58,1
36,6,1
28,2,1
-292,11,0
73,55,1
24,2,1
45,56,1
40,18,1
37,5,1
41,44,1
25,1,1
31,3,1
39,10,1
-290,7,0
-283,32,0
29,5,1
30,4,1
55,24,1
54,29,1
42,16,1
26,3,1
31,3,1
36,6,1
42,8,1
40,34,1
31,3,1
-275,40,0
38,7,1
-289,30,0
47,27,1
37,9,1
40,20,1
73,31,1
30,6,1
25,1,1
84,64,1
-297,5,0
101,113,1
54,44,1
40,9,1
57,32,1
59,26,1
47,10,1
-254,77,0
48,23,1
34,4,1
35,7,1
23,2,1
43,16,1
30,4,1
28,2,1
67,37,1
28,2,1
47,17,1
70,57,1
66,63,1
-294,3,0
30,4,1
28,24,1
75,63,1
34,12,1
25,1,1
38,8,1
39,12,1
-300,1,0
50,20,1
45,13,1
43,11,1
34,7,1
-297,2,0
54,27,1
35,13,1
48,12,1
28,2,1
31,3,1
41,12,1
-291,4,0
45,17,1
39,13,1
27,3,1
-286,29,0
-298,11,0
89,106,1
-292,8,0
52,16,1
104,104,1
31,3,1
37,11,1
25,1,1
32,8,1
65,107,1
58,19,1
35,16,1
35,6,1
58,35,1
25,1,1
31,3,1
30,6,1
95,73,1
50,19,1
85,63,1
47,13,1
68,33,1
-254,33,0
27,3,1
55,38,1
46,8,1
25,1,1
48,16,1
-296,5,0
30,4,1
-284,15,0
46,11,1
44,9,1
48,17,1
42,11,1
74,43,1
39,13,1
36,9,1
30,4,1
39,15,1
32,8,1
49,12,1
41,18,1
-287,16,0
-297,2,0
-267,68,0
40,12,1
-307,21,0
26,3,1
31,3,1
31,3,1
25,4,1
54,35,1
28,2,1
-291,12,0
31,3,1
29,17,1
77,53,1
-276,30,0
55,27,1
35,7,1
48,13,1
37,8,1
52,60,1
50,27,1
51,23,1
35,9,1
63,33,1
64,33,1
58,27,1
25,1,1
31,3,1
45,20,1
-279,22,0
56,14,1
-293,10,0
98,92,1
-276,33,0
45,12,1
-298,3,0
67,19,1
25,1,1
59,29,1
38,18,1
25,1,1
38,33,1
44,10,1
39,12,1
32,8,1
-297,2,0
-254,46,0
38,10,1
71,62,1
51,29,1
111,101,1
32,6,1
34,4,1
-255,101,0
45,17,1
24,4,1
41,14,1
61,22,1
46,41,1
46,14,1
35,6,1
-296,15,0
34,15,1
-294,51,0
28,2,1
67,34,1
73,37,1
65,35,1
25,1,1
71,58,1
46,21,1
43,10,1
25,1,1
-285,16,0
23,2,1
36,8,1
-248,97,0
48,21,1
25,1,1
45,18,1
41,39,1
47,14,1
80,46,1
46,15,1
25,1,1
-276,22,0
31,8,1
47,23,1
63,26,1
69,47,1
54,18,1
-278,19,0
66,45,1
-300,1,0
96,94,1
77,54,1
32,8,1
41,14,1
-293,14,0
32,8,1
62,57,1
33,5,1
37,10,1
62,35,1
-244,50,0
-296,4,0
52,18,1
43,16,1
60,22,1
40,9,1
40,10,1
46,12,1
48,13,1
-303,14,0
68,32,1
29,12,1
33,16,1
28,2,1
23,2,1
68,34,1
-306,8,0
31,3,1
69,34,1
-278,41,0
-286,39,0
37,8,1
25,1,1
45,9,1
25,1,1
22,3,1
62,36,1
25,1,1
25,1,1
-295,6,0
49,33,1
48,10,1
46,24,1
-275,15,0
-298,3,0
-284,23,0
77,42,1
61,32,1
48,14,1
25,1,1
-263,67,0
25,1,1
40,9,1
-275,24,0
32,8,1
-285,32,0
51,35,1
-253,127,0
60,40,1
31,3,1
62,33,1
32,5,1
64,32,1
53,15,1
25,1,1
37,8,1
52,20,1
-303,12,0
25,1,1
43,15,1
-275,33,0
-297,2,0
70,42,1
25,4,1
25,1,1
-292,5,0
38,20,1
35,7,1
43,10,1
-290,21,0
121,106,1
52,13,1
-281,13,0
-294,3,0
34,4,1
26,3,1
60,63,1
88,58,1
-285,22,0
56,26,1
-273,53,0
54,21,1
25,1,1
58,35,1
37,5,1
37,10,1
31,8,1
29,4,1
54,28,1
29,10,1
69,53,1
32,6,1
-290,17,0
31,3,1
67,30,1
34,4,1
76,67,1
-247,42,0
48,19,1
43,13,1
31,3,1
28,2,1
72,34,1
-301,5,0
25,1,1
44,27,1
34,4,1
25,1,1
23,2,1
-305,4,0
57,22,1
-293,5,0
51,27,1
33,7,1
41,9,1
28,2,1
31,6,1
28,2,1
48,15,1
28,8,1
25,1,1
33,8,1
45,11,1
34,4,1
25,1,1
-295,7,0
63,42,1
35,6,1
40,6,1
74,44,1
25,1,1
42,10,1
58,19,1
-295,88,0
41,11,1
33,16,1
76,58,1
54,22,1
-289,18,0
100,90,1
82,47,1
56,20,1
-302,2,0
38,7,1
-297,10,0
-279,39,0
39,11,1
25,1,1
-299,6,0
-291,4,0
38,36,1
78,65,1
22,28,1
65,51,1
47,24,1
25,1,1
30,8,1
35,11,1
64,34,1
46,27,1
33,10,1
35,12,1
58,24,1
25,1,1
25,1,1
49,16,1
37,5,1
47,11,1
67,51,1
-304,27,0
25,1,1
48,25,1
42,8,1
41,8,1
45,12,1
37,5,1
25,1,1
66,28,1
-295,9,0
25,1,1
29,4,1
-260,29,0
65,39,1
59,57,1
51,24,1
57,30,1
51,35,1
57,16,1
-288,5,0
27,3,1
-299,3,0
-299,3,0
38,10,1
31,3,1
-295,7,0
34,9,1
24,2,1
70,23,1
33,5,1
-300,1,0
55,28,1
-286,7,0
43,7,1
29,4,1
69,59,1
-299,3,0
45,14,1
28,2,1
61,37,1
39,9,1
31,3,1
-302,2,0
78,38,1
48,44,1
42,8,1
-303,3,0
-291,7,0
84,44,1
62,112,1
33,8,1
34,4,1
59,31,1
87,59,1
55,32,1
98,74,1
47,11,1
34,4,1
28,2,1
60,34,1
-297,10,0
37,8,1
23,2,1
-301,21,0
48,15,1
28,2,1
27,3,1
34,4,1
75,38,1
44,31,1
58,26,1
29,4,1
31,3,1
49,32,1
81,48,1
25,1,1
65,58,1
77,77,1
42,18,1
53,17,1
48,16,1
47,11,1
80,42,1
43,11,1
70,43,1
46,11,1
46,14,1
-258,74,0
-271,41,0
32,13,1
-256,25,0
25,1,1
112,111,1
23,2,1
81,63,1
25,1,1
55,44,1
40,27,1
36,9,1
55,27,1
39,7,1
40,6,1
45,12,1
38,8,1
31,3,1
25,1,1
52,69,1
23,2,1
57,26,1
48,14,1
28,2,1
45,38,1
-300,1,0
-299,3,0
48,13,1
86,75,1
52,40,1
-299,9,0
48,12,1
-294,3,0
-300,1,0
28,2,1
60,36,1
25,1,1
51,17,1
57,43,1
61,41,1
32,5,1
41,14,1
37,11,1
-286,12,0
40,6,1
52,40,1
-292,14,0
46,14,1
-255,46,0
27,3,1
55,16,1
-241,69,0
73,67,1
25,1,1
42,43,1
38,18,1
42,10,1
-249,36,0
-274,28,0
38,19,1
80,81,1
77,56,1
42,23,1
29,4,1
41,9,1
58,24,1
61,57,1
58,28,1
62,59,1
42,23,1
72,48,1
103,93,1
29,4,1
104,110,1
-294,17,0
-282,14,0
25,1,1
37,5,1
32,6,1
83,49,1
25,1,1
-278,14,0
63,42,1
43,10,1
39,12,1
38,10,1
-286,32,0
32,5,1
110,93,1
28,2,1
58,25,1
28,2,1
52,30,1
94,63,1
43,11,1
56,34,1
51,34,1
42,8,1
42,13,1
54,35,1
58,22,1
47,15,1
38,43,1
69,71,1
-270,28,0
46,18,1
58,19,1
51,13,1
59,31,1
62,48,1
39,14,1
27,3,1
53,34,1
55,15,1
34,7,1
54,22,1
51,19,1
35,6,1
-301,4,0
50,17,1
48,21,1
104,116,1
26,3,1
42,11,1
25,1,1
52,27,1
-289,9,0
-302,11,0
51,24,1
25,1,1
44,18,1
31,3,1
-297,10,0
53,26,1
43,10,1
25,1,1
41,11,1
25,1,1
33,7,1
59,45,1
30,4,1
38,17,1
59,26,1
52,14,1
28,2,1
45,14,1
57,24,1
-295,23,0
56,28,1
52,27,1
24,2,1
64,36,1
-261,35,0
-273,31,0
25,1,1
31,7,1
25,1,1
34,9,1
25,1,1
54,26,1
-300,1,0
74,34,1
75,54,1
-289,21,0
25,1,1
43,25,1
35,6,1
48,15,1
25,1,1
-299,3,0
31,3,1
57,16,1
57,19,1
39,7,1
-299,6,0
47,20,1
29,4,1
70,26,1
69,26,1
66,57,1
-296,9,0
109,101,1
-269,25,0
44,17,1
29,4,1
33,5,1
73,44,1
51,48,1
38,8,1
-296,10,0
43,13,1
28,2,1
55,45,1
63,43,1
-286,10,0
25,1,1
40,11,1
28,5,1
30,4,1
38,11,1
70,62,1
24,2,1
90,81,1
-301,8,0
34,4,1
53,38,1
38,16,1
60,45,1
56,25,1
-289,17,0
28,2,1
45,24,1
37,14,1
-299,12,0
-285,23,0
-290,7,0
84,76,1
94,67,1
35,6,1
56,35,1
-272,28,0
55,34,1
31,6,1
32,5,1
30,4,1
28,2,1
-290,49,0
76,67,1
-266,40,0
52,29,1
-293,8,0
34,4,1
81,51,1
34,8,1
55,18,1
24,4,1
40,6,1
46,18,1
37,5,1
-298,5,0
24,2,1
66,48,1
52,26,1
28,2,1
58,27,1
66,30,1
89,103,1
47,10,1
-295,38,0
45,14,1
62,37,1
78,95,1
62,29,1
41,12,1
62,23,1
75,40,1
49,14,1
36,10,1
65,31,1
95,67,1
43,20,1
42,11,1
55,29,1
24,7,1
69,51,1
37,13,1
57,28,1
63,30,1
-298,8,0
25,1,1
41,9,1
29,4,1
60,28,1
58,43,1
49,13,1
25,1,1
76,55,1
35,11,1
57,15,1
61,33,1
33,5,1
-292,15,0
23,2,1
75,45,1
28,2,1
46,11,1
40,9,1
40,6,1
25,1,1
62,28,1
-293,14,0
74,47,1
46,19,1
40,18,1
69,28,1
28,2,1
-290,53,0
47,14,1
111,167,1
40,17,1
48,24,1
77,46,1
-300,1,0
26,3,1
57,33,1
-289,6,0
66,34,1
60,29,1
44,15,1
63,29,1
39,12,1
50,12,1
26,3,1
-272,41,0
37,15,1
-263,36,0
46,21,1
78,40,1
-274,27,0
33,11,1
51,16,1
-200,128,0
57,29,1
61,43,1
28,2,1
45,23,1
49,18,1
30,6,1
-278,25,0
37,5,1
70,31,1
25,1,1
66,26,1
58,31,1
61,47,1
-248,61,0
25,1,1
47,20,1
81,69,1
47,17,1
63,24,1
45,20,1
-265,54,0
77,50,1
33,5,1
34,7,1
90,58,1
79,69,1
28,5,1
52,25,1
23,2,1
31,3,1
35,6,1
53,15,1
102,72,1
48,15,1
25,1,1
38,10,1
26,3,1
54,21,1
80,46,1
73,80,1
24,8,1
51,20,1
31,26,1
42,23,1
34,10,1
31,16,1
41,12,1
62,50,1
31,3,1
31,3,1
28,2,1
42,11,1
44,10,1
54,45,1
21,6,1
34,4,1
61,33,1
26,4,1
-258,62,0
-300,1,0
63,34,1
63,41,1
47,22,1
28,2,1
25,1,1
47,11,1
37,5,1
27,3,1
-289,8,0
55,18,1
49,19,1
-300,1,0
42,8,1
28,2,1
38,8,1
65,30,1
25,1,1
-277,17,0
-300,1,0
44,13,1
37,8,1
25,1,1
65,37,1
40,6,1
65,33,1
25,1,1
-276,22,0
111,113,1
37,19,1
31,3,1
36,9,1
-232,65,0
45,21,1
33,8,1
69,33,1
-300,6,0
63,30,1
28,2,1
25,1,1
64,72,1
-296,7,0
47,11,1
39,10,1
43,12,1
-294,3,0
49,22,1
56,23,1
52,26,1
34,4,1
46,20,1
34,37,1
52,32,1
40,14,1
37,8,1
45,11,1
62,55,1
24,2,1
33,8,1
58,16,1
46,11,1
-256,36,0
34,4,1
36,14,1
72,36,1
25,1,1
61,39,1
34,4,1
-295,10,0
43,10,1
64,46,1
-288,12,0
101,96,1
55,45,1
-305,6,0
59,23,1
35,9,1
40,6,1
43,21,1
39,7,1
37,5,1
37,8,1
56,26,1
42,38,1
-312,14,0
40,10,1
25,1,1
24,2,1
65,29,1
47,15,1
104,111,1
44,47,1
30,4,1
25,1,1
30,4,1
86,55,1
39,7,1
-291,7,0
31,3,1
49,21,1
33,7,1
40,6,1
25,1,1
39,7,1
50,21,1
56,42,1
-255,41,0
37,8,1
53,29,1
43,15,1
31,3,1
55,40,1
-296,7,0
71,45,1
25,1,1
46,12,1
64,43,1
-268,48,0
31,3,1
28,2,1
37,18,1
27,8,1
26,3,1
30,4,1
51,14,1
53,16,1
50,15,1
31,3,1
43,10,1
51,16,1
26,3,1
72,48,1
44,9,1
28,2,1
34,4,1
31,6,1
50,38,1
-290,6,0
41,8,1
25,1,1
60,44,1
60,40,1
34,4,1
25,1,1
32,5,1
25,1,1
48,30,1
39,7,1
44,26,1
44,9,1
77,35,1
33,5,1
31,14,1
60,45,1
45,15,1
-241,90,0
53,28,1
-300,7,0
44,23,1
30,15,1
45,23,1
30,11,1
31,3,1
83,39,1
41,33,1
31,3,1
77,79,1
-297,24,0
46,31,1
31,3,1
51,14,1
40,13,1
28,5,1
-286,7,0
33,11,1
32,16,1
42,8,1
37,8,1
37,5,1
69,54,1
66,33,1
50,12,1
-290,9,0
73,68,1
83,49,1
54,19,1
39,73,1
57,22,1
25,1,1
41,14,1
-280,19,0
42,11,1
57,27,1
32,5,1
25,4,1
25,1,1
-300,1,0
55,17,1
25,1,1
28,2,1
34,4,1
44,18,1
28,2,1
25,1,1
45,9,1
25,1,1
72,39,1
29,10,1
22,11,1
48,18,1
-272,39,0
44,17,1
82,70,1
-279,22,0
42,11,1
57,35,1
44,15,1
-254,34,0
45,12,1
28,2,1
37,8,1
62,28,1
25,1,1
-279,22,0
48,19,1
-263,34,0
25,1,1
40,6,1
28,2,1
31,3,1
29,5,1
40,6,1
70,62,1
52,27,1
48,43,1
-299,3,0
30,6,1
28,2,1
28,2,1
47,18,1
34,14,1
25,1,1
33,14,1
57,24,1
43,19,1
54,16,1
61,45,1
39,104,1
-283,11,0
94,80,1
33,5,1
-299,3,0
28,2,1
41,9,1
72,66,1
25,1,1
46,20,1
81,47,1
-289,6,0
64,23,1
51,31,1
-286,15,0
98,66,1
49,18,1
44,10,1
51,28,1
60,26,1
-253,49,0
-300,1,0
46,14,1
-302,2,0
34,7,1
46,19,1
36,9,1
77,50,1
51,21,1
38,16,1
43,14,1
51,11,1
43,7,1
28,2,1
93,80,1
51,21,1
59,32,1
37,5,1
-286,13,0
54,15,1
43,13,1
25,1,1
34,10,1
69,30,1
41,11,1
53,21,1
45,15,1
41,37,1
68,55,1
-272,35,0
28,2,1
-293,5,0
-287,24,0
35,6,1
23,2,1
-263,38,0
37,11,1
-301,4,0
38,13,1
60,30,1
91,81,1
78,68,1
25,1,1
34,7,1
70,27,1
73,41,1
72,38,1
50,27,1
35,30,1
42,8,1
48,23,1
45,30,1
41,14,1
47,24,1
32,5,1
28,7,1
39,20,1
34,4,1
68,24,1
64,25,1
39,7,1
40,9,1
50,24,1
57,38,1
42,14,1
31,3,1
43,10,1
44,22,1
25,4,1
58,30,1
77,54,1
25,1,1
39,13,1
33,8,1
57,21,1
38,7,1
-290,11,0
35,6,1
63,36,1
-303,3,0
42,15,1
54,24,1
-275,26,0
28,2,1
57,34,1
25,1,1
38,7,1
-288,11,0
43,7,1
25,1,1
33,8,1
-270,44,0
44,9,1
-279,24,0
25,1,1
36,6,1
25,1,1
36,13,1
38,7,1
79,59,1
-305,11,0
51,27,1
46,8,1
25,1,1
-291,76,0
52,28,1
62,30,1
39,10,1
60,22,1
25,1,1
50,11,1
45,26,1
53,24,1
25,1,1
56,30,1
51,20,1
28,2,1
58,21,1
-279,19,0
70,36,1
31,3,1
34,4,1
40,28,1
64,30,1
42,22,1
32,28,1
61,35,1
68,46,1
34,18,1
79,56,1
25,1,1
-297,2,0
37,5,1
41,16,1
46,17,1
51,17,1
25,1,1
41,15,1
34,4,1
51,61,1
31,3,1
29,7,1
31,3,1
28,2,1
54,15,1
-300,4,0
31,3,1
-273,31,0
76,52,1
33,15,1
35,6,1
37,5,1
35,9,1
42,15,1
31,3,1
52,21,1
67,62,1
57,32,1
25,1,1
35,11,1
-291,10,0
25,1,1
-299,3,0
36,6,1
-309,6,0
58,37,1
-276,19,0
25,1,1
28,2,1
43,11,1
38,8,1
48,18,1
34,4,1
29,4,1
51,29,1
57,32,1
44,21,1
49,12,1
107,86,1
84,49,1
71,47,1
61,49,1
25,1,1
34,4,1
-287,17,0
73,42,1
49,27,1
46,18,1
27,5,1
96,72,1
47,22,1
51,22,1
55,14,1
32,9,1
106,74,1
43,10,1
25,1,1
64,36,1
60,26,1
43,7,1
38,7,1
31,3,1
53,34,1
62,39,1
51,11,1
33,14,1
59,22,1
40,13,1
49,21,1
62,25,1
72,33,1
34,13,1
60,31,1
34,4,1
30,6,1
104,80,1
25,1,1
-288,26,0
25,1,1
43,11,1
41,15,1
42,29,1
-293,5,0
40,34,1
-303,3,0
63,38,1
25,1,1
25,1,1
23,2,1
-291,20,0
28,2,1
29,4,1
46,20,1
50,11,1
96,100,1
55,24,1
28,2,1
25,1,1
28,5,1
32,6,1
64,24,1
36,8,1
-302,6,0
46,17,1
42,8,1
39,9,1
52,13,1
51,20,1
34,4,1
31,3,1
-299,28,0
54,34,1
-301,7,0
25,1,1
94,73,1
89,52,1
73,46,1
38,12,1
-269,28,0
28,2,1
29,8,1
43,42,1
54,27,1
55,17,1
24,2,1
59,22,1
51,17,1
57,51,1
-300,1,0
40,6,1
35,10,1
-300,1,0
97,74,1
35,11,1
101,88,1
43,12,1
52,17,1
28,2,1
29,4,1
75,36,1
45,9,1
-298,5,0
25,1,1
40,6,1
45,19,1
65,31,1
59,17,1
59,24,1
-302,2,0
60,25,1
31,3,1
-267,20,0
45,9,1
-297,2,0
34,4,1
51,20,1
33,7,1
63,46,1
56,16,1
55,23,1
42,8,1
41,15,1
-286,37,0
48,20,1
56,42,1
43,16,1
41,9,1
60,29,1
49,18,1
79,44,1
76,67,1
38,16,1
63,52,1
74,88,1
-262,31,0
28,2,1
60,24,1
32,16,1
25,1,1
33,11,1
48,18,1
40,10,1
32,8,1
28,2,1
63,47,1
51,37,1
37,8,1
-292,19,0
25,1,1
40,6,1
-294,3,0
65,41,1
80,54,1
49,16,1
40,10,1
32,8,1
34,4,1
25,1,1
47,10,1
40,15,1
25,1,1
45,20,1
39,10,1
39,34,1
-294,19,0
-300,1,0
53,16,1
28,2,1
72,32,1
28,2,1
57,19,1
74,35,1
76,56,1
25,1,1
51,25,1
25,1,1
-291,40,0
25,1,1
25,1,1
28,2,1
-278,10,0
30,6,1
-295,19,0
50,26,1
45,32,1
48,19,1
42,18,1
45,12,1
64,49,1
44,15,1
25,1,1
66,25,1
25,1,1
79,68,1
52,25,1
73,37,1
30,4,1
32,8,1
-273,53,0
59,24,1
27,5,1
34,4,1
35,6,1
60,34,1
66,30,1
55,31,1
44,10,1
52,23,1
-287,10,0
-291,10,0
45,9,1
55,15,1
33,5,1
24,2,1
49,14,1
73,56,1
41,14,1
25,1,1
45,25,1
62,46,1
46,14,1
-294,11,0
32,5,1
52,23,1
25,1,1
61,17,1
55,21,1
44,12,1
34,4,1
24,2,1
82,58,1
21,3,1
25,1,1
-278,84,0
62,22,1
37,5,1
58,26,1
56,38,1
40,6,1
57,21,1
62,29,1
40,12,1
25,1,1
36,9,1
71,47,1
41,11,1
-292,16,0
81,82,1
60,33,1
26,3,1
-297,2,0
-291,16,0
51,35,1
64,28,1
44,18,1
40,12,1
43,7,1
34,7,1
28,2,1
33,5,1
28,2,1
42,16,1
47,16,1
44,9,1
-298,3,0
28,2,1
40,6,1
58,31,1
34,4,1
55,39,1
31,14,1
48,23,1
82,64,1
38,17,1
30,4,1
29,4,1
44,25,1
28,2,1
33,7,1
36,8,1
52,21,1
35,20,1
59,24,1
69,58,1
28,2,1
46,12,1
64,66,1
74,36,1
64,62,1
36,9,1
34,15,1
-299,9,0
41,11,1
41,18,1
37,5,1
36,6,1
43,12,1
62,26,1
31,12,1
55,22,1
26,3,1
-302,2,0
87,91,1
43,7,1
50,18,1
40,14,1
60,32,1
44,12,1
25,1,1
28,2,1
41,11,1
46,14,1
45,17,1
37,8,1
57,20,1
46,15,1
-291,7,0
35,7,1
31,3,1
-294,11,0
45,25,1
91,93,1
40,6,1
34,7,1
-297,2,0
54,25,1
-297,7,0
25,1,1
49,12,1
74,40,1
84,73,1
70,25,1
23,2,1
28,2,1
43,16,1
49,12,1
39,27,1
61,25,1
62,49,1
30,7,1
53,20,1
25,1,1
73,37,1
25,1,1
25,1,1
25,1,1
25,1,1
42,10,1
36,9,1
46,11,1
34,4,1
50,26,1
25,1,1
-273,23,0
46,21,1
47,36,1
40,16,1
37,5,1
50,24,1
30,6,1
32,5,1
62,37,1
-297,6,0
31,3,1
-247,93,0
45,12,1
52,16,1
58,28,1
27,5,1
-294,3,0
42,8,1
28,2,1
63,34,1
70,58,1
30,4,1
28,2,1
45,17,1
29,4,1
-290,9,0
60,29,1
50,27,1
50,14,1
55,18,1
46,15,1
-281,21,0
-297,2,0
29,4,1
48,12,1
28,2,1
53,24,1
57,29,1
25,1,1
32,5,1
62,24,1
78,55,1
32,5,1
-300,1,0
33,5,1
37,5,1
53,46,1
51,22,1
37,17,1
73,37,1
48,13,1
25,1,1
37,5,1
-300,1,0
47,14,1
-241,104,0
52,10,1
34,4,1
58,45,1
34,4,1
-303,3,0
59,45,1
-296,4,0
49,13,1
25,1,1
70,68,1
-296,10,0
82,53,1
48,13,1
-267,33,0
52,23,1
95,90,1
81,56,1
30,4,1
39,14,1
32,5,1
34,4,1
59,17,1
36,6,1
53,26,1
26,7,1
75,61,1
-258,51,0
-298,3,0
37,5,1
72,56,1
38,7,1
47,10,1
23,2,1
25,4,1
89,62,1
38,15,1
36,6,1
37,5,1
-275,20,0
64,53,1
46,21,1
25,1,1
40,22,1
51,14,1
50,15,1
28,2,1
31,6,1
61,20,1
34,4,1
40,6,1
-300,1,0
48,16,1
40,6,1
28,2,1
35,6,1
28,2,1
58,30,1
54,16,1
67,37,1
-276,30,0
38,8,1
33,8,1
62,32,1
59,51,1
39,7,1
43,7,1
25,1,1
70,26,1
75,62,1
36,6,1
28,5,1
43,17,1
24,2,1
-305,4,0
35,12,1
45,12,1
43,10,1
42,12,1
25,1,1
40,12,1
40,9,1
31,3,1
30,4,1
50,12,1
50,19,1
32,8,1
33,16,1
29,4,1
-297,2,0
66,37,1
44,14,1
44,26,1
25,1,1
85,53,1
103,86,1
33,7,1
58,20,1
52,19,1
103,73,1
25,1,1
47,13,1
56,24,1
32,10,1
58,34,1
71,32,1
38,8,1
45,11,1
44,21,1
25,4,1
-302,2,0
26,4,1
37,5,1
51,25,1
49,15,1
91,59,1
46,14,1
67,35,1
42,11,1
27,3,1
62,27,1
47,11,1
25,1,1
57,13,1
48,10,1
31,3,1
48,19,1
42,8,1
39,12,1
55,32,1
31,3,1
23,2,1
39,10,1
34,14,1
37,26,1
41,9,1
-280,12,0
28,2,1
34,4,1
68,46,1
52,16,1
29,4,1
55,20,1
85,77,1
-294,9,0
-272,30,0
53,26,1
64,29,1
66,44,1
