-272,89,0
25,1,1
27,3,1
-294,7,0
35,7,1
-300,1,0
-300,1,0
34,12,1
-301,2,0
25,1,1
-265,50,0
-296,29,0
-266,55,0
42,32,1
73,45,1
30,16,1
-260,53,0
69,61,1
-287,24,0
45,13,1
67,43,1
-236,65,0
71,67,1
-296,5,0
-283,24,0
-300,1,0
25,1,1
41,9,1
56,46,1
-270,35,0
-301,2,0
-295,16,0
42,12,1
-300,5,0
39,11,1
39,11,1
29,5,1
24,2,1
-298,3,0
30,8,1
25,5,1
-267,52,0
31,7,1
31,11,1
-295,12,0
46,44,1
-263,60,0
-292,21,0
-292,9,0
-303,8,0
-300,25,0
-307,8,0
25,1,1
35,11,1
-288,29,0
-292,5,0
40,22,1
-291,4,0
38,16,1
-290,23,0
-277,30,0
-305,22,0
36,14,1
-286,27,0
-283,32,0
-300,1,0
28,2,1
61,53,1
65,29,1
27,3,1
-293,10,0
-288,17,0
28,2,1
30,4,1
-269,50,0
43,15,1
81,65,1
-295,4,0
40,10,1
27,3,1
97,77,1
-300,1,0
-283,12,0
-296,9,0
-298,7,0
28,6,1
25,1,1
-297,2,0
-292,9,0
-294,15,0
24,10,1
66,36,1
31,7,1
-288,13,0
25,1,1
-265,34,0
41,37,1
25,1,1
25,1,1
25,5,1
-296,5,0
-302,3,0
31,3,1
71,59,1
-293,14,0
-301,2,0
-296,5,0
-291,12,0
-267,44,0
28,2,1
-286,19,0
25,1,1
87,71,1
-285,14,0
-272,41,0
74,40,1
25,1,1
31,7,1
27,3,1
-216,137,0
33,9,1
25,1,1
-295,4,0
-302,7,0
-185,146,0
-269,62,0
-289,14,0
54,20,1
-302,3,0
31,7,1
-293,26,0
27,3,1
-242,59,0
27,7,1
-279,24,0
39,7,1
31,3,1
-298,3,0
57,45,1
99,147,1
-298,3,0
-283,44,0
28,2,1
-303,4,0
-295,4,0
-307,20,0
32,6,1
-280,21,0
-285,10,0
29,5,1
-294,11,0
33,5,1
-299,8,0
-289,14,0
28,2,1
-277,38,0
-291,4,0
-253,86,0
-261,70,0
-300,1,0
-266,35,0
27,3,1
-298,3,0
31,19,1
-247,80,0
30,16,1
24,2,1
-291,16,0
-296,9,0
25,1,1
-289,22,0
-247,92,0
-301,2,0
-288,29,0
-298,7,0
85,93,1
29,5,1
25,1,1
35,15,1
-297,2,0
-224,93,0
28,6,1
35,7,1
25,1,1
-261,54,0
25,1,1
25,1,1
-284,13,0
29,5,1
43,15,1
-267,52,0
24,2,1
25,1,1
52,38,1
55,31,1
30,4,1
42,12,1
-297,2,0
-209,114,0
25,1,1
-292,9,0
-298,7,0
37,9,1
-286,11,0
-291,8,0
-303,4,0
30,8,1
25,1,1
-296,5,0
-300,5,0
-280,17,0
24,2,1
118,92,1
-300,1,0
-299,4,0
61,29,1
-249,50,0
25,5,1
34,8,1
-300,1,0
-303,4,0
-291,8,0
-303,4,0
-290,7,0
-279,16,0
-293,18,0
49,37,1
-301,6,0
-255,52,0
-292,17,0
-289,18,0
38,8,1
-299,4,0
-300,5,0
-292,17,0
136,130,1
47,35,1
54,44,1
44,22,1
-288,17,0
44,10,1
40,22,1
-302,3,0
-278,23,0
27,3,1
-276,45,0
-299,8,0
-278,15,0
27,3,1
54,28,1
-280,37,0
-276,41,0
79,95,1
-298,15,0
-290,7,0
-300,1,0
-262,55,0
-293,6,0
24,2,1
35,7,1
-297,2,0
34,28,1
-301,6,0
-301,2,0
-292,13,0
-292,9,0
-284,17,0
-291,8,0
25,1,1
-298,3,0
-291,16,0
-276,21,0
-270,55,0
50,28,1
-299,4,0
-247,60,0
-297,2,0
-275,28,0
32,10,1
-266,55,0
-266,47,0
-244,89,0
-280,45,0
-303,4,0
-259,92,0
-277,14,0
-272,57,0
78,56,1
39,11,1
26,4,1
57,25,1
-277,18,0
-249,54,0
-270,39,0
-225,94,0
-275,28,0
-273,42,0
25,1,1
34,4,1
25,1,1
-294,7,0
-264,69,0
31,11,1
-290,15,0
24,2,1
25,1,1
-234,79,0
-298,7,0
28,6,1
36,14,1
-254,83,0
-292,5,0
50,24,1
25,1,1
-290,7,0
-275,24,0
28,2,1
-274,43,0
-283,36,0
39,11,1
25,1,1
-300,1,0
-278,35,0
-295,4,0
-302,3,0
-298,3,0
-288,5,0
51,35,1
-285,18,0
34,8,1
-293,10,0
-260,57,0
46,32,1
24,2,1
48,26,1
-279,28,0
-286,11,0
25,1,1
36,14,1
31,3,1
32,14,1
-296,9,0
-300,1,0
-261,30,0
-290,11,0
-276,33,0
31,3,1
24,2,1
-281,22,0
25,1,1
-298,3,0
107,99,1
83,59,1
-300,5,0
-284,13,0
-269,50,0
-292,5,0
-284,9,0
31,3,1
44,14,1
-300,5,0
-296,13,0
24,2,1
-278,47,0
-278,43,0
-274,23,0
-290,11,0
24,2,1
-289,10,0
24,2,1
-298,15,0
-299,4,0
25,1,1
-302,3,0
69,41,1
-301,2,0
25,1,1
-255,48,0
-296,5,0
-298,3,0
-271,28,0
-296,13,0
28,2,1
-294,11,0
-237,78,0
-299,4,0
-299,16,0
25,1,1
24,2,1
-288,9,0
28,2,1
-297,10,0
-286,7,0
-264,41,0
-303,4,0
29,5,1
24,2,1
34,8,1
-289,14,0
25,1,1
-238,91,0
-277,26,0
-302,7,0
-301,6,0
25,1,1
-279,24,0
25,1,1
38,24,1
63,63,1
-297,6,0
25,1,1
51,27,1
24,2,1
25,1,1
-278,23,0
-247,80,0
-300,9,0
-279,16,0
48,26,1
34,8,1
31,3,1
-279,36,0
-289,34,0
-285,22,0
33,5,1
51,31,1
-261,34,0
-298,7,0
-275,32,0
48,18,1
51,39,1
-298,3,0
30,4,1
62,36,1
-302,3,0
33,5,1
24,2,1
-295,4,0
-301,18,0
46,16,1
-301,2,0
-303,8,0
-286,15,0
-280,41,0
25,1,1
-294,27,0
-292,17,0
33,9,1
-266,39,0
68,34,1
-292,9,0
25,1,1
-300,1,0
-298,3,0
-301,2,0
-239,64,0
60,54,1
31,3,1
58,44,1
24,2,1
-292,13,0
-267,32,0
-298,3,0
25,1,1
42,24,1
54,44,1
38,8,1
24,2,1
25,1,1
33,5,1
-298,7,0
27,3,1
-293,10,0
-230,115,0
28,2,1
-295,4,0
-275,24,0
25,1,1
-292,29,0
60,54,1
94,72,1
-291,8,0
-302,7,0
-297,2,0
24,2,1
-301,2,0
-293,14,0
-283,20,0
-301,14,0
25,1,1
-268,49,0
-280,25,0
28,6,1
41,9,1
-294,23,0
-289,6,0
-293,10,0
30,4,1
-298,3,0
36,18,1
-281,34,0
22,16,1
-299,16,0
43,27,1
-282,31,0
-300,1,0
-297,6,0
-296,5,0
42,12,1
-303,4,0
24,2,1
-296,5,0
54,32,1
-271,40,0
-206,111,0
-292,5,0
36,6,1
66,44,1
24,6,1
-296,9,0
74,56,1
28,2,1
-278,19,0
25,1,1
-264,45,0
25,1,1
-275,44,0
-301,14,0
-303,4,0
35,7,1
-298,7,0
-292,17,0
45,21,1
25,1,1
-293,18,0
-304,5,0
-242,55,0
-285,30,0
-297,2,0
-281,22,0
61,37,1
-285,22,0
-261,66,0
25,1,1
-295,4,0
-301,2,0
-273,38,0
-303,4,0
-296,9,0
-290,19,0
27,3,1
-257,66,0
-292,5,0
25,1,1
40,14,1
-283,20,0
26,4,1
-300,1,0
24,2,1
-295,8,0
-264,41,0
-292,13,0
25,1,1
-277,30,0
54,20,1
-283,28,0
-292,21,0
-289,18,0
-299,4,0
30,4,1
25,1,1
25,1,1
-283,16,0
25,1,1
24,2,1
-290,15,0
-264,25,0
-297,6,0
-272,25,0
44,18,1
-269,46,0
24,2,1
43,11,1
81,49,1
-288,17,0
-291,20,0
25,1,1
-301,2,0
-297,14,0
25,1,1
-296,17,0
24,2,1
-277,26,0
35,11,1
-295,4,0
46,12,1
-267,36,0
-269,38,0
-267,44,0
-298,3,0
-300,5,0
46,20,1
-246,59,0
30,4,1
-190,159,0
25,1,1
27,3,1
-282,15,0
22,4,1
38,12,1
-276,33,0
-287,16,0
42,24,1
25,1,1
-277,46,0
-242,95,0
25,5,1
-299,12,0
25,1,1
-295,12,0
30,8,1
43,15,1
-284,17,0
34,8,1
-301,2,0
-300,1,0
31,3,1
-218,123,0
-287,16,0
-264,53,0
25,1,1
33,9,1
35,7,1
-298,3,0
-287,12,0
25,1,1
-297,6,0
-300,1,0
-302,3,0
27,3,1
71,43,1
77,53,1
-294,11,0
-214,115,0
-289,14,0
-300,1,0
-283,24,0
34,8,1
74,72,1
-262,39,0
43,11,1
-225,98,0
-291,4,0
38,12,1
-295,8,0
75,63,1
33,5,1
-291,12,0
-291,8,0
-287,24,0
70,48,1
71,39,1
25,1,1
-287,8,0
37,13,1
33,9,1
53,53,1
-297,10,0
40,10,1
25,1,1
-266,35,0
30,4,1
-289,18,0
32,6,1
59,43,1
-266,35,0
-300,1,0
-293,10,0
-258,59,0
54,52,1
57,33,1
-284,25,0
-297,6,0
-298,3,0
-275,44,0
80,78,1
25,1,1
25,1,1
25,1,1
24,2,1
46,12,1
-301,2,0
-298,3,0
-288,9,0
-247,96,0
25,1,1
-296,5,0
28,2,1
-296,13,0
-275,16,0
-267,32,0
-300,5,0
39,15,1
86,84,1
62,32,1
-298,3,0
-290,11,0
-250,75,0
-296,21,0
-280,29,0
-265,50,0
28,2,1
40,18,1
-287,8,0
37,17,1
25,1,1
128,142,1
-283,16,0
-293,38,0
-299,4,0
25,1,1
-294,7,0
62,32,1
-285,18,0
31,3,1
34,4,1
25,1,1
-298,3,0
-297,14,0
-300,1,0
23,3,1
-260,33,0
25,1,1
29,5,1
25,1,1
-289,26,0
25,1,1
34,12,1
-299,4,0
83,63,1
-289,14,0
-268,41,0
28,2,1
-300,13,0
-273,46,0
40,42,1
25,1,1
-274,23,0
24,6,1
-294,3,0
-296,5,0
91,83,1
29,5,1
-273,30,0
-300,1,0
42,12,1
40,18,1
-302,11,0
-298,3,0
28,30,1
-300,1,0
-298,3,0
-297,14,0
35,7,1
-278,39,0
50,20,1
53,41,1
37,9,1
-298,7,0
25,1,1
31,7,1
-290,11,0
-301,2,0
-286,23,0
-301,2,0
-294,3,0
25,1,1
29,5,1
-245,82,0
65,37,1
-300,1,0
-295,8,0
-266,31,0
-300,1,0
-298,3,0
-296,17,0
-301,6,0
38,12,1
-303,4,0
-300,1,0
-297,2,0
24,2,1
-305,10,0
-300,1,0
-291,12,0
-301,2,0
-253,50,0
25,1,1
41,21,1
-289,6,0
48,22,1
-286,11,0
42,12,1
-303,4,0
45,25,1
-298,3,0
50,44,1
28,2,1
25,1,1
-269,50,0
27,15,1
91,63,1
-301,14,0
-261,34,0
-297,2,0
-270,55,0
-253,54,0
-299,12,0
-276,17,0
46,12,1
31,3,1
-298,11,0
39,31,1
118,100,1
-294,7,0
-266,47,0
-296,13,0
-286,11,0
28,2,1
66,60,1
83,71,1
41,17,1
-300,1,0
-284,21,0
25,1,1
-284,13,0
28,2,1
-277,54,0
63,55,1
44,26,1
-300,1,0
25,1,1
24,2,1
51,27,1
-173,178,0
106,156,1
-281,22,0
-255,56,0
-298,3,0
-295,8,0
-283,24,0
-291,16,0
-282,31,0
-296,5,0
-285,22,0
28,2,1
-295,8,0
-193,138,0
-254,63,0
-270,43,0
37,17,1
-296,13,0
-298,3,0
-248,65,0
33,9,1
-253,74,0
-293,6,0
-292,9,0
32,10,1
25,1,1
-282,15,0
31,3,1
-300,1,0
-283,28,0
-293,22,0
25,1,1
28,2,1
36,10,1
-280,17,0
32,6,1
38,12,1
-267,44,0
40,10,1
25,1,1
74,52,1
-280,29,0
-298,3,0
-301,2,0
-299,4,0
-292,17,0
-282,19,0
-296,9,0
-300,1,0
-296,5,0
27,3,1
105,113,1
-300,1,0
-291,12,0
-299,4,0
-258,63,0
25,1,1
-289,6,0
-231,104,0
25,1,1
-284,25,0
69,37,1
-299,4,0
-295,24,0
-296,5,0
32,6,1
30,4,1
57,33,1
25,1,1
28,2,1
35,15,1
25,1,1
-306,15,0
42,20,1
-297,2,0
24,2,1
-298,3,0
25,1,1
-300,9,0
-302,3,0
24,2,1
-246,75,0
79,51,1
-290,7,0
30,4,1
-288,17,0
31,3,1
36,14,1
-289,14,0
-295,12,0
-292,5,0
-230,107,0
-301,2,0
-278,31,0
36,10,1
-290,7,0
-300,1,0
49,29,1
-297,34,0
31,3,1
25,1,1
-233,94,0
-300,1,0
-282,23,0
-282,35,0
40,14,1
34,4,1
-302,15,0
-294,3,0
77,69,1
66,60,1
43,15,1
-288,25,0
25,1,1
30,4,1
46,16,1
55,39,1
-290,15,0
-300,1,0
-297,2,0
-256,65,0
-300,1,0
-291,20,0
-287,12,0
-297,10,0
24,2,1
28,2,1
38,32,1
-275,40,0
40,10,1
45,21,1
-267,44,0
46,24,1
-248,69,0
33,13,1
61,41,1
-280,21,0
-284,21,0
36,10,1
43,19,1
27,3,1
36,6,1
-291,8,0
34,4,1
61,37,1
48,18,1
45,17,1
-285,46,0
32,14,1
-214,115,0
54,32,1
25,1,1
24,2,1
34,4,1
-207,152,0
-270,43,0
40,10,1
-268,37,0
-304,9,0
32,6,1
-272,33,0
30,8,1
-288,29,0
-296,5,0
53,21,1
-275,28,0
-300,17,0
-252,77,0
-287,8,0
48,18,1
-288,17,0
111,87,1
25,1,1
-302,3,0
-284,33,0
32,6,1
35,19,1
-201,162,0
-292,13,0
37,5,1
28,2,1
-295,12,0
39,7,1
-266,47,0
-298,7,0
-278,27,0
-301,2,0
36,10,1
-294,7,0
61,45,1
-262,63,0
39,11,1
-295,4,0
-272,21,0
40,10,1
28,10,1
-301,6,0
-265,58,0
34,8,1
25,1,1
-294,19,0
25,1,1
24,2,1
-246,71,0
46,20,1
-300,5,0
-290,11,0
25,1,1
-285,18,0
-282,39,0
-298,7,0
35,11,1
-300,1,0
30,4,1
-293,14,0
-302,3,0
51,23,1
40,14,1
-297,2,0
54,28,1
-270,39,0
-294,23,0
-273,42,0
-295,8,0
31,3,1
35,7,1
101,93,1
-299,4,0
25,1,1
35,11,1
-301,2,0
-294,3,0
-287,12,0
64,30,1
-276,21,0
25,1,1
-258,67,0
-270,59,0
-297,2,0
29,9,1
45,21,1
-286,35,0
-301,2,0
40,14,1
28,2,1
-279,28,0
24,2,1
-300,1,0
37,9,1
25,1,1
82,64,1
32,6,1
37,17,1
30,8,1
-281,46,0
-275,20,0
31,3,1
29,5,1
-262,67,0
25,1,1
105,97,1
-297,2,0
-300,1,0
43,15,1
-296,5,0
-296,21,0
-276,45,0
-285,14,0
-292,5,0
25,1,1
50,36,1
-277,22,0
-248,77,0
27,3,1
-280,21,0
-300,1,0
-302,3,0
53,25,1
25,1,1
-303,4,0
47,23,1
27,7,1
-262,83,0
24,2,1
41,13,1
-275,28,0
-298,3,0
25,1,1
-294,7,0
-279,28,0
50,24,1
25,1,1
25,1,1
-293,26,0
75,91,1
-292,5,0
32,6,1
34,4,1
-301,2,0
29,5,1
-301,2,0
-275,76,0
-302,3,0
63,39,1
-276,41,0
-299,8,0
-289,18,0
-283,16,0
-300,1,0
-283,16,0
-294,15,0
-297,22,0
-265,34,0
25,1,1
-289,6,0
94,76,1
27,3,1
34,8,1
-277,22,0
-278,15,0
-279,24,0
25,1,1
32,6,1
-292,5,0
60,42,1
-300,1,0
100,90,1
-198,127,0
40,6,1
25,1,1
-297,6,0
32,14,1
25,1,1
-298,27,0
-296,5,0
-279,24,0
-286,7,0
-276,25,0
25,1,1
54,24,1
56,30,1
-293,6,0
37,13,1
54,36,1
-300,1,0
59,67,1
-240,57,0
-260,97,0
86,68,1
45,13,1
38,12,1
-298,3,0
-299,8,0
35,15,1
42,28,1
-280,29,0
45,21,1
-297,6,0
27,3,1
-298,11,0
66,32,1
-300,1,0
28,2,1
-291,8,0
25,1,1
50,20,1
25,1,1
-300,1,0
37,9,1
-301,2,0
-276,17,0
-299,8,0
35,7,1
39,11,1
48,22,1
-294,11,0
35,11,1
-294,11,0
48,38,1
24,2,1
25,5,1
-278,23,0
-256,45,0
43,31,1
-293,10,0
31,3,1
27,7,1
28,2,1
29,5,1
-294,7,0
30,4,1
52,30,1
39,19,1
-300,1,0
50,24,1
27,3,1
25,1,1
-297,2,0
-297,2,0
-293,22,0
43,15,1
-279,32,0
28,2,1
-277,26,0
23,3,1
-288,21,0
29,9,1
52,22,1
34,4,1
25,1,1
28,2,1
-297,2,0
71,35,1
-280,25,0
42,12,1
43,11,1
62,40,1
-298,3,0
29,5,1
-301,2,0
-280,37,0
-293,10,0
47,31,1
-269,26,0
25,1,1
-282,27,0
44,22,1
-292,13,0
29,5,1
25,1,1
24,2,1
61,41,1
25,1,1
-261,34,0
-298,7,0
44,30,1
25,1,1
38,8,1
-265,38,0
-301,2,0
25,1,1
25,1,1
24,2,1
31,7,1
25,5,1
-300,1,0
65,45,1
40,10,1
-286,23,0
57,25,1
72,38,1
-296,5,0
-293,6,0
32,6,1
46,16,1
29,17,1
-287,12,0
25,1,1
24,2,1
25,1,1
35,11,1
29,5,1
-287,20,0
-299,4,0
46,16,1
-297,10,0
25,1,1
-290,23,0
-290,31,0
-300,1,0
25,1,1
-298,3,0
39,11,1
-300,1,0
25,1,1
38,12,1
-300,1,0
35,19,1
-266,43,0
38,16,1
-291,24,0
-266,35,0
-301,2,0
30,4,1
-283,16,0
25,1,1
-291,20,0
55,43,1
25,1,1
-293,10,0
-300,1,0
24,2,1
-283,52,0
45,17,1
-295,4,0
51,31,1
60,34,1
-276,45,0
-297,14,0
-300,1,0
-298,3,0
-280,25,0
36,6,1
-299,12,0
56,34,1
-294,3,0
25,1,1
27,11,1
-244,69,0
39,19,1
63,47,1
-291,4,0
-302,3,0
-297,6,0
-278,23,0
-300,13,0
28,6,1
-300,1,0
68,58,1
52,22,1
25,1,1
43,11,1
-294,19,0
35,11,1
38,8,1
-298,3,0
38,12,1
-288,17,0
-300,1,0
-282,23,0
44,10,1
71,63,1
-268,29,0
25,1,1
34,4,1
-302,3,0
36,10,1
24,2,1
-297,2,0
-304,9,0
-299,4,0
-302,7,0
45,25,1
30,4,1
-281,58,0
-292,25,0
29,5,1
56,46,1
-286,11,0
-289,14,0
44,14,1
-298,19,0
51,27,1
-294,3,0
-279,56,0
38,12,1
39,11,1
25,1,1
45,17,1
-290,15,0
53,25,1
39,11,1
27,3,1
-273,18,0
23,3,1
-297,14,0
39,7,1
28,2,1
-265,38,0
51,23,1
-297,6,0
-301,2,0
-280,21,0
70,40,1
39,7,1
45,21,1
47,31,1
-250,63,0
-280,17,0
57,25,1
28,2,1
64,58,1
73,41,1
-301,2,0
27,3,1
53,21,1
-296,5,0
-301,2,0
-267,36,0
33,5,1
-289,6,0
-280,17,0
31,3,1
27,3,1
24,2,1
-266,47,0
28,2,1
-252,73,0
24,2,1
25,1,1
-282,35,0
24,2,1
36,6,1
-293,10,0
-272,25,0
25,1,1
24,2,1
38,8,1
-285,22,0
33,5,1
25,1,1
-294,3,0
-300,1,0
25,1,1
58,40,1
68,42,1
-200,145,0
-293,6,0
-300,1,0
-282,39,0
30,4,1
-294,3,0
26,8,1
-285,10,0
-293,6,0
-300,1,0
-300,1,0
27,3,1
-298,3,0
-288,29,0
-278,23,0
-297,14,0
-290,27,0
62,32,1
40,14,1
41,9,1
-264,41,0
-300,1,0
-284,21,0
71,39,1
25,1,1
65,53,1
-300,1,0
25,1,1
-299,4,0
-297,2,0
-293,6,0
-295,36,0
-299,8,0
25,1,1
35,15,1
53,33,1
25,1,1
-244,61,0
25,1,1
30,4,1
57,25,1
-276,29,0
-287,8,0
33,5,1
-300,1,0
59,31,1
30,4,1
26,4,1
-257,66,0
34,8,1
-300,1,0
46,20,1
36,22,1
31,7,1
-275,44,0
36,6,1
28,2,1
38,20,1
-275,32,0
34,12,1
36,10,1
25,1,1
25,1,1
44,30,1
25,1,1
40,14,1
-278,71,0
68,58,1
42,8,1
-300,5,0
-301,2,0
-283,16,0
41,13,1
-291,16,0
-300,1,0
-300,1,0
-284,21,0
-284,21,0
28,2,1
64,38,1
25,1,1
-284,13,0
-301,2,0
52,42,1
25,1,1
-300,9,0
33,9,1
-300,1,0
-268,29,0
37,21,1
60,42,1
55,35,1
25,1,1
-242,71,0
-250,67,0
-296,17,0
-287,12,0
-296,5,0
-301,2,0
-288,13,0
-298,7,0
29,5,1
30,4,1
-298,3,0
-283,20,0
35,7,1
-260,37,0
-268,45,0
29,13,1
34,4,1
25,1,1
-297,2,0
-300,1,0
27,3,1
-298,7,0
-292,13,0
25,1,1
-275,20,0
31,7,1
24,2,1
27,3,1
30,4,1
-301,10,0
-301,2,0
44,18,1
35,11,1
34,8,1
69,49,1
46,28,1
24,2,1
-300,1,0
44,10,1
25,1,1
32,10,1
-299,8,0
-277,22,0
26,20,1
-277,26,0
32,26,1
49,17,1
33,5,1
25,1,1
25,1,1
25,1,1
-279,20,0
25,1,1
-293,10,0
40,10,1
58,36,1
-275,52,0
34,8,1
35,7,1
56,30,1
28,2,1
31,3,1
31,3,1
42,16,1
25,1,1
-300,1,0
68,34,1
-267,28,0
-285,14,0
-292,17,0
26,4,1
28,2,1
28,2,1
-292,17,0
-295,4,0
-301,2,0
25,1,1
-306,27,0
41,9,1
46,16,1
-299,4,0
27,3,1
-290,11,0
-303,8,0
25,1,1
36,6,1
38,12,1
39,19,1
-287,16,0
25,9,1
-297,2,0
68,38,1
61,69,1
71,63,1
25,1,1
28,2,1
31,7,1
47,27,1
-291,16,0
-302,7,0
39,15,1
31,7,1
25,1,1
25,1,1
36,14,1
27,3,1
-291,20,0
28,2,1
25,1,1
-276,25,0
41,13,1
-300,1,0
42,16,1
35,19,1
24,2,1
63,31,1
-292,5,0
25,1,1
30,4,1
-295,8,0
-271,36,0
42,20,1
47,19,1
25,1,1
40,10,1
-272,29,0
36,6,1
-249,90,0
36,26,1
31,3,1
34,8,1
-297,6,0
-294,3,0
-298,3,0
-293,10,0
-298,3,0
50,40,1
89,61,1
44,22,1
49,29,1
28,2,1
25,1,1
-301,2,0
-285,30,0
34,8,1
28,2,1
54,28,1
32,6,1
-295,8,0
-298,3,0
46,12,1
61,33,1
-263,52,0
-268,41,0
30,4,1
-279,32,0
-293,6,0
54,20,1
33,5,1
43,11,1
38,8,1
23,3,1
-284,21,0
70,48,1
-297,6,0
46,24,1
-298,3,0
25,1,1
30,4,1
44,18,1
25,1,1
38,20,1
-292,17,0
101,81,1
-288,9,0
-301,2,0
-258,43,0
-300,1,0
-281,30,0
-224,113,0
56,22,1
-298,7,0
33,9,1
25,1,1
25,1,1
-263,68,0
33,5,1
-301,2,0
29,5,1
-300,1,0
30,4,1
25,1,1
42,20,1
28,2,1
37,13,1
28,2,1
37,9,1
-287,8,0
-296,5,0
-297,2,0
25,1,1
-297,2,0
25,1,1
50,20,1
-285,14,0
25,1,1
26,4,1
43,19,1
34,12,1
-295,8,0
-275,44,0
-300,1,0
82,52,1
-277,18,0
-293,6,0
-282,35,0
57,33,1
33,5,1
30,4,1
38,8,1
25,1,1
-247,40,0
-276,37,0
-301,2,0
33,5,1
34,8,1
-300,1,0
28,6,1
-286,15,0
51,19,1
-295,8,0
25,1,1
-298,3,0
36,6,1
24,2,1
27,3,1
-277,42,0
30,8,1
38,8,1
-294,7,0
24,2,1
-295,16,0
25,1,1
-298,3,0
27,3,1
44,14,1
32,6,1
25,1,1
80,118,1
80,38,1
-300,1,0
24,2,1
36,10,1
-292,25,0
52,18,1
25,1,1
25,1,1
-279,12,0
-297,6,0
25,1,1
36,10,1
39,11,1
25,1,1
-296,9,0
-297,2,0
-295,4,0
30,8,1
50,24,1
-300,5,0
-289,10,0
37,9,1
25,9,1
-293,6,0
40,14,1
29,5,1
-293,6,0
-283,28,0
-288,9,0
36,6,1
25,1,1
-300,1,0
85,69,1
-246,67,0
-278,43,0
23,3,1
-290,7,0
-272,33,0
-246,67,0
92,90,1
60,46,1
44,18,1
-295,4,0
-294,7,0
40,10,1
-301,6,0
25,1,1
31,3,1
-273,30,0
46,16,1
25,1,1
34,4,1
-298,3,0
72,46,1
31,3,1
35,15,1
-301,2,0
-290,15,0
53,21,1
-296,13,0
-297,2,0
-284,29,0
28,6,1
26,4,1
-286,23,0
33,5,1
36,6,1
25,1,1
44,22,1
40,18,1
-300,1,0
-300,5,0
-287,20,0
36,10,1
-293,6,0
31,15,1
45,17,1
25,1,1
25,1,1
-282,27,0
33,5,1
-286,7,0
-285,22,0
25,1,1
-240,65,0
-295,20,0
-299,4,0
-276,17,0
-295,12,0
-295,8,0
37,9,1
-294,3,0
32,6,1
38,8,1
-300,1,0
49,17,1
-288,33,0
25,9,1
73,57,1
30,4,1
58,44,1
55,23,1
24,2,1
24,2,1
-260,53,0
24,2,1
-291,12,0
41,9,1
-253,50,0
-294,15,0
-245,66,0
-297,2,0
-300,1,0
40,14,1
28,2,1
-300,5,0
-303,4,0
-285,22,0
-243,92,0
42,12,1
-293,10,0
-258,63,0
-284,17,0
25,1,1
35,15,1
59,35,1
54,24,1
39,15,1
-283,12,0
68,38,1
55,31,1
-300,1,0
42,12,1
27,3,1
43,11,1
-294,7,0
25,1,1
45,13,1
64,46,1
32,6,1
73,69,1
-301,2,0
34,4,1
48,14,1
25,1,1
44,22,1
68,38,1
-288,9,0
-278,31,0
-292,25,0
24,2,1
24,2,1
37,5,1
27,3,1
41,33,1
39,7,1
36,14,1
63,27,1
30,8,1
25,1,1
-300,1,0
80,62,1
58,28,1
-232,73,0
33,5,1
-299,4,0
30,16,1
39,11,1
-295,4,0
49,17,1
-292,9,0
-293,14,0
28,2,1
70,52,1
47,35,1
-301,10,0
-304,13,0
44,10,1
-301,2,0
25,1,1
-305,6,0
67,39,1
79,55,1
26,4,1
33,5,1
47,15,1
49,21,1
-294,7,0
45,25,1
-259,100,0
24,2,1
37,37,1
42,8,1
28,2,1
-288,25,0
-274,51,0
25,1,1
25,1,1
-297,10,0
47,23,1
-273,26,0
-278,27,0
-278,43,0
25,1,1
35,7,1
-253,58,0
68,70,1
-296,9,0
36,6,1
33,5,1
30,4,1
-293,10,0
35,7,1
-300,1,0
-299,4,0
-300,1,0
25,1,1
-244,77,0
61,41,1
-297,2,0
-284,13,0
-278,23,0
31,3,1
61,29,1
-282,27,0
38,12,1
-300,1,0
41,13,1
25,1,1
121,129,1
-278,31,0
28,2,1
36,18,1
49,21,1
25,1,1
37,9,1
24,2,1
-290,7,0
72,46,1
25,1,1
-295,4,0
-300,1,0
-285,14,0
60,46,1
40,14,1
-290,7,0
39,7,1
56,46,1
96,78,1
-277,26,0
36,10,1
-276,21,0
26,4,1
25,1,1
-287,16,0
31,7,1
41,13,1
-303,4,0
-279,28,0
-285,6,0
-297,6,0
-288,9,0
47,27,1
59,43,1
28,2,1
34,8,1
25,1,1
33,5,1
-289,18,0
-287,24,0
26,4,1
34,4,1
30,4,1
-302,3,0
38,16,1
40,14,1
34,8,1
-288,13,0
-300,1,0
25,1,1
-289,14,0
-299,16,0
49,21,1
-282,15,0
-281,18,0
32,6,1
-295,4,0
51,31,1
35,7,1
45,17,1
36,10,1
-297,2,0
28,10,1
-292,5,0
34,4,1
49,13,1
-300,1,0
31,7,1
-304,25,0
25,1,1
-285,6,0
56,18,1
28,2,1
24,2,1
70,48,1
41,13,1
30,4,1
-296,9,0
28,2,1
-301,2,0
26,8,1
28,2,1
34,4,1
34,8,1
30,8,1
-301,2,0
29,5,1
51,19,1
34,4,1
104,90,1
54,24,1
-278,31,0
42,16,1
53,69,1
25,1,1
57,29,1
25,1,1
30,4,1
40,14,1
28,2,1
37,9,1
45,13,1
25,1,1
-279,20,0
-300,13,0
29,5,1
-287,8,0
25,1,1
-291,8,0
25,1,1
-280,17,0
36,6,1
-301,2,0
-279,16,0
-298,3,0
92,66,1
26,4,1
57,21,1
-280,17,0
-297,10,0
40,10,1
67,39,1
49,25,1
-279,36,0
-289,10,0
-284,17,0
-286,19,0
43,7,1
-270,27,0
-262,63,0
28,2,1
25,1,1
34,8,1
90,64,1
28,2,1
28,6,1
-274,27,0
-255,56,0
42,12,1
24,2,1
-299,4,0
33,5,1
25,1,1
-246,75,0
64,46,1
71,43,1
-282,15,0
25,1,1
-299,8,0
25,1,1
25,1,1
-298,3,0
90,80,1
28,2,1
-298,3,0
-294,11,0
24,2,1
39,11,1
-297,2,0
61,29,1
-301,2,0
49,17,1
31,3,1
89,65,1
-274,43,0
33,5,1
-266,63,0
25,1,1
25,1,1
50,20,1
-297,10,0
25,1,1
80,58,1
28,2,1
54,24,1
-245,122,0
-290,7,0
37,5,1
-297,2,0
-299,4,0
-302,15,0
38,12,1
-266,19,0
43,23,1
-270,63,0
47,15,1
29,5,1
-302,7,0
-296,9,0
31,3,1
32,10,1
31,7,1
-293,6,0
25,1,1
31,7,1
34,12,1
38,16,1
33,5,1
37,25,1
25,1,1
-296,5,0
50,20,1
-298,7,0
32,14,1
-301,2,0
-290,19,0
25,1,1
35,11,1
-284,25,0
28,6,1
28,2,1
76,58,1
28,2,1
62,56,1
27,3,1
60,30,1
25,1,1
42,12,1
56,22,1
25,1,1
32,6,1
25,1,1
25,1,1
-300,1,0
42,12,1
-259,52,0
43,23,1
-258,63,0
-279,40,0
54,56,1
37,13,1
-286,11,0
31,7,1
32,6,1
-282,27,0
-258,47,0
-305,6,0
39,11,1
-276,21,0
48,26,1
-300,1,0
-258,35,0
51,27,1
-269,46,0
-286,23,0
56,38,1
-299,4,0
28,2,1
28,6,1
-293,10,0
30,4,1
25,1,1
25,1,1
36,6,1
33,9,1
25,1,1
96,94,1
-278,19,0
52,18,1
54,32,1
-286,15,0
-295,4,0
24,2,1
-286,19,0
-280,33,0
78,68,1
25,1,1
-304,5,0
26,4,1
-300,1,0
43,23,1
38,12,1
-299,4,0
-286,23,0
-295,16,0
26,4,1
25,1,1
31,3,1
34,4,1
-294,15,0
-293,10,0
-244,57,0
-282,19,0
85,85,1
-255,80,0
37,17,1
30,4,1
-297,2,0
32,6,1
38,8,1
38,8,1
36,22,1
24,2,1
-294,11,0
-300,13,0
22,4,1
48,42,1
-294,7,0
25,1,1
-301,2,0
25,1,1
54,28,1
46,16,1
28,2,1
25,1,1
-297,2,0
-267,72,0
-297,6,0
28,2,1
-296,5,0
24,2,1
-286,15,0
31,7,1
-291,8,0
25,1,1
31,7,1
29,5,1
40,18,1
43,15,1
41,13,1
-300,1,0
29,5,1
27,3,1
31,23,1
-295,4,0
32,6,1
42,24,1
31,3,1
-295,4,0
28,2,1
55,19,1
26,4,1
35,7,1
-296,13,0
-287,16,0
36,6,1
25,1,1
-268,77,0
62,36,1
-289,22,0
-300,5,0
25,1,1
28,2,1
68,50,1
51,27,1
45,17,1
42,20,1
-291,8,0
-303,4,0
44,14,1
-300,1,0
43,23,1
-240,85,0
53,33,1
34,4,1
39,11,1
45,17,1
34,4,1
30,8,1
-296,9,0
32,6,1
-262,47,0
52,26,1
25,1,1
-297,2,0
54,24,1
34,4,1
-299,4,0
27,3,1
-294,3,0
47,27,1
25,1,1
31,3,1
44,14,1
29,5,1
-297,14,0
-292,29,0
23,3,1
-256,45,0
31,3,1
39,7,1
24,2,1
-244,61,0
25,1,1
55,51,1
25,1,1
25,1,1
-289,14,0
25,1,1
-301,2,0
40,18,1
54,20,1
-252,89,0
24,2,1
25,1,1
38,8,1
41,9,1
-285,10,0
25,1,1
26,4,1
-281,18,0
25,1,1
25,1,1
-298,3,0
27,7,1
-301,2,0
-293,6,0
46,12,1
30,4,1
30,4,1
66,32,1
32,6,1
-274,27,0
-292,9,0
40,10,1
34,4,1
60,34,1
-302,3,0
-301,2,0
47,19,1
44,14,1
34,8,1
-303,8,0
-231,92,0
-295,4,0
-290,15,0
28,2,1
-300,1,0
-291,8,0
24,2,1
25,1,1
25,1,1
24,2,1
29,9,1
29,5,1
35,7,1
-267,36,0
40,10,1
42,12,1
-289,6,0
52,26,1
-295,4,0
52,18,1
-280,29,0
25,1,1
-286,15,0
-299,4,0
30,4,1
30,4,1
45,17,1
37,9,1
75,39,1
93,61,1
-290,7,0
25,1,1
-294,15,0
25,1,1
-297,26,0
55,23,1
-300,1,0
-292,9,0
43,23,1
-299,4,0
33,5,1
-300,1,0
33,5,1
-297,2,0
-294,3,0
30,4,1
-300,1,0
-267,28,0
28,2,1
-300,5,0
24,2,1
45,25,1
25,1,1
43,15,1
123,123,1
80,58,1
-287,8,0
34,4,1
40,10,1
34,8,1
25,1,1
30,4,1
-286,31,0
-300,9,0
-280,17,0
52,18,1
61,29,1
37,5,1
35,7,1
31,3,1
35,11,1
25,1,1
-290,7,0
30,8,1
-297,18,0
25,1,1
24,2,1
-300,1,0
31,3,1
26,4,1
-289,14,0
61,33,1
-274,35,0
-253,62,0
27,3,1
-288,9,0
38,16,1
-251,52,0
39,11,1
25,1,1
-301,2,0
-300,1,0
33,17,1
-303,4,0
-296,17,0
45,13,1
33,9,1
55,27,1
32,10,1
28,2,1
-269,42,0
27,3,1
25,1,1
45,21,1
31,11,1
25,1,1
-266,39,0
49,21,1
45,13,1
34,8,1
26,4,1
64,30,1
-280,17,0
33,13,1
24,6,1
-302,3,0
-300,29,0
-290,19,0
-290,11,0
73,49,1
28,2,1
38,16,1
27,3,1
26,4,1
27,3,1
28,2,1
-266,43,0
-289,10,0
-297,10,0
25,1,1
-297,10,0
69,45,1
37,13,1
55,39,1
28,2,1
59,23,1
-272,21,0
-297,2,0
55,23,1
43,15,1
-298,3,0
24,2,1
50,40,1
36,10,1
39,15,1
26,4,1
-295,4,0
28,2,1
39,7,1
25,1,1
-293,14,0
25,1,1
30,4,1
52,22,1
25,1,1
-272,45,0
24,2,1
39,11,1
28,2,1
-269,26,0
46,20,1
-297,6,0
33,5,1
29,5,1
34,4,1
44,18,1
-297,2,0
48,22,1
-293,10,0
25,1,1
24,2,1
-276,37,0
42,8,1
35,7,1
-300,1,0
-300,1,0
-274,27,0
-269,26,0
-283,16,0
-293,26,0
61,49,1
34,8,1
-272,33,0
44,50,1
-292,25,0
40,10,1
39,11,1
55,27,1
34,8,1
30,4,1
33,17,1
31,3,1
-255,76,0
-289,14,0
68,54,1
44,22,1
30,12,1
28,6,1
-288,9,0
68,42,1
25,1,1
29,5,1
25,1,1
32,6,1
28,2,1
-270,39,0
-305,6,0
28,2,1
31,7,1
30,8,1
25,1,1
30,8,1
35,7,1
24,2,1
-287,8,0
30,4,1
45,9,1
41,9,1
25,1,1
56,26,1
68,46,1
30,4,1
29,9,1
34,4,1
47,23,1
-301,2,0
25,1,1
-281,26,0
30,4,1
25,1,1
-299,8,0
-295,8,0
-276,33,0
39,11,1
-259,36,0
-300,1,0
30,8,1
31,3,1
47,27,1
25,1,1
-297,6,0
35,7,1
29,17,1
-301,2,0
33,5,1
26,4,1
-298,7,0
-280,33,0
48,18,1
47,19,1
31,7,1
-289,10,0
-300,1,0
-293,14,0
24,2,1
-298,3,0
25,1,1
27,3,1
45,17,1
51,15,1
50,48,1
-300,5,0
47,19,1
-276,21,0
25,1,1
-290,15,0
42,16,1
-260,41,0
45,17,1
40,14,1
-276,21,0
-288,9,0
35,15,1
31,7,1
31,7,1
27,3,1
30,4,1
31,3,1
43,19,1
47,19,1
38,8,1
28,2,1
-287,8,0
-300,13,0
44,10,1
-297,2,0
45,17,1
35,7,1
45,21,1
36,6,1
35,7,1
39,7,1
-292,5,0
-295,4,0
38,12,1
-297,2,0
25,1,1
-291,36,0
28,2,1
-278,23,0
-294,3,0
-290,11,0
-296,5,0
-280,33,0
33,5,1
-273,54,0
31,7,1
31,7,1
32,10,1
-299,8,0
35,7,1
27,3,1
-274,31,0
-300,5,0
45,25,1
-300,1,0
-298,3,0
33,21,1
-279,24,0
35,7,1
-298,3,0
-300,1,0
44,14,1
28,2,1
51,27,1
37,5,1
25,1,1
-294,3,0
-282,23,0
-241,74,0
46,28,1
-299,4,0
40,10,1
26,8,1
-300,1,0
-299,4,0
-285,26,0
50,16,1
37,9,1
35,7,1
30,4,1
41,9,1
-277,14,0
34,8,1
35,7,1
-296,9,0
-244,69,0
-299,8,0
40,6,1
38,24,1
-285,14,0
34,8,1
-282,23,0
-303,20,0
33,5,1
32,6,1
-298,3,0
29,5,1
30,4,1
66,44,1
27,3,1
24,2,1
-296,17,0
77,57,1
-281,22,0
28,2,1
26,12,1
25,1,1
30,4,1
-300,1,0
28,2,1
25,1,1
-297,2,0
-300,1,0
-265,34,0
-296,5,0
24,2,1
25,1,1
24,2,1
35,7,1
32,6,1
-300,1,0
28,2,1
-302,7,0
30,4,1
-301,2,0
49,29,1
-275,28,0
39,15,1
-298,3,0
-278,31,0
44,22,1
25,1,1
25,1,1
-301,2,0
-273,26,0
-293,10,0
51,31,1
73,41,1
45,13,1
-280,13,0
25,1,1
-286,15,0
33,5,1
53,21,1
-300,1,0
74,68,1
-238,67,0
27,3,1
64,34,1
25,5,1
28,2,1
26,4,1
28,2,1
-288,17,0
25,1,1
41,13,1
46,28,1
34,4,1
27,3,1
25,1,1
-302,3,0
28,2,1
25,1,1
-297,6,0
-217,138,0
-300,1,0
51,39,1
-294,3,0
30,4,1
88,90,1
42,16,1
25,1,1
-267,40,0
34,4,1
31,11,1
25,1,1
38,24,1
27,7,1
66,32,1
38,8,1
-303,12,0
24,2,1
25,1,1
-236,109,0
35,7,1
25,1,1
48,30,1
30,4,1
91,79,1
27,3,1
47,15,1
36,6,1
25,1,1
25,1,1
-296,17,0
31,3,1
39,7,1
34,12,1
-282,35,0
40,18,1
25,1,1
68,46,1
25,1,1
-297,2,0
-258,39,0
-283,20,0
25,1,1
31,7,1
28,2,1
45,33,1
36,18,1
-300,1,0
-298,3,0
-269,30,0
-274,27,0
51,35,1
25,1,1
25,1,1
42,20,1
36,10,1
25,1,1
60,30,1
52,26,1
24,2,1
40,10,1
30,4,1
-287,12,0
-284,17,0
44,14,1
-296,9,0
24,2,1
-297,6,0
25,1,1
36,6,1
-275,44,0
31,3,1
27,3,1
-285,18,0
-268,29,0
25,1,1
-287,12,0
24,2,1
33,5,1
51,27,1
34,4,1
25,1,1
37,25,1
28,2,1
52,18,1
25,1,1
37,9,1
43,15,1
33,9,1
47,19,1
25,1,1
30,4,1
27,3,1
42,20,1
33,5,1
-289,14,0
-278,19,0
53,33,1
-282,23,0
53,29,1
28,2,1
27,3,1
-270,39,0
41,17,1
35,7,1
34,8,1
25,1,1
61,41,1
-259,48,0
28,2,1
34,4,1
-301,2,0
-298,3,0
63,39,1
42,12,1
-290,27,0
25,1,1
66,32,1
-299,16,0
-300,21,0
28,2,1
48,22,1
42,8,1
-301,2,0
-250,51,0
-293,6,0
54,16,1
-288,17,0
55,31,1
30,4,1
-279,12,0
-301,2,0
83,63,1
-285,10,0
-300,1,0
49,25,1
25,1,1
-287,16,0
32,10,1
42,16,1
33,5,1
58,28,1
25,1,1
-279,20,0
25,1,1
-292,9,0
-293,10,0
-249,62,0
40,14,1
46,16,1
50,20,1
25,1,1
-280,25,0
37,13,1
45,13,1
34,8,1
-249,50,0
-299,8,0
25,1,1
-261,38,0
-300,1,0
25,1,1
-284,13,0
-295,4,0
-259,52,0
33,9,1
46,24,1
-299,4,0
-282,23,0
25,1,1
74,52,1
-298,7,0
33,5,1
52,18,1
70,60,1
-290,11,0
24,2,1
33,5,1
-298,3,0
40,18,1
-289,22,0
47,15,1
50,24,1
-294,19,0
52,30,1
82,68,1
50,28,1
-297,6,0
58,36,1
-301,2,0
-267,32,0
30,8,1
-287,20,0
39,11,1
-272,49,0
31,3,1
34,4,1
35,7,1
23,3,1
42,12,1
24,2,1
62,36,1
-288,17,0
-292,13,0
52,26,1
-261,58,0
64,46,1
48,46,1
-285,18,0
26,4,1
100,82,1
-283,20,0
-301,2,0
25,1,1
87,71,1
25,1,1
-298,7,0
32,6,1
37,13,1
24,2,1
35,15,1
23,3,1
59,31,1
46,12,1
-285,14,0
28,2,1
28,2,1
-286,11,0
-272,53,0
-259,32,0
-304,5,0
48,26,1
-289,6,0
28,2,1
25,1,1
25,1,1
69,73,1
-275,24,0
19,7,1
59,31,1
35,7,1
-282,15,0
31,3,1
-286,11,0
59,27,1
28,2,1
28,2,1
55,39,1
42,16,1
-290,15,0
39,7,1
34,4,1
-301,2,0
56,22,1
-295,8,0
28,2,1
24,2,1
50,20,1
-299,4,0
67,43,1
25,1,1
49,25,1
-276,21,0
41,13,1
38,16,1
56,26,1
-274,27,0
28,2,1
42,8,1
25,1,1
43,11,1
-297,6,0
-281,38,0
25,1,1
31,7,1
43,11,1
31,3,1
25,1,1
25,1,1
25,1,1
64,46,1
25,1,1
35,7,1
36,14,1
46,32,1
30,4,1
-297,2,0
24,2,1
-295,4,0
57,45,1
59,35,1
63,27,1
28,2,1
42,20,1
-280,17,0
-284,9,0
34,8,1
34,4,1
32,6,1
46,16,1
-282,35,0
-291,4,0
-292,9,0
38,8,1
-290,11,0
43,19,1
47,15,1
32,10,1
-293,10,0
35,15,1
-278,19,0
-299,4,0
-277,18,0
42,12,1
52,22,1
53,29,1
36,10,1
25,1,1
38,16,1
31,3,1
-292,5,0
24,2,1
23,3,1
68,42,1
32,6,1
23,15,1
48,18,1
-252,49,0
-267,48,0
35,11,1
31,3,1
25,1,1
-306,7,0
28,2,1
52,22,1
28,2,1
-299,4,0
25,1,1
28,2,1
-294,7,0
-301,10,0
-271,40,0
73,45,1
31,3,1
51,43,1
45,21,1
45,13,1
-297,6,0
25,1,1
33,5,1
37,5,1
41,17,1
-305,6,0
25,1,1
-298,3,0
30,4,1
28,6,1
31,3,1
-259,52,0
25,1,1
-283,16,0
-299,4,0
33,5,1
35,7,1
-295,8,0
31,3,1
-280,17,0
35,7,1
-292,5,0
25,1,1
30,4,1
45,45,1
67,27,1
48,26,1
25,1,1
30,4,1
-297,2,0
28,2,1
-289,6,0
25,1,1
-291,12,0
32,6,1
25,1,1
41,13,1
-297,2,0
49,17,1
50,36,1
31,3,1
37,9,1
28,2,1
51,23,1
27,3,1
25,1,1
28,2,1
31,3,1
53,33,1
-296,9,0
43,11,1
70,44,1
-277,26,0
55,31,1
31,3,1
-293,6,0
-289,10,0
25,1,1
46,20,1
-280,29,0
-299,16,0
32,6,1
33,5,1
70,44,1
44,22,1
24,2,1
25,1,1
28,2,1
-297,10,0
25,1,1
32,6,1
30,4,1
34,4,1
-300,5,0
-291,12,0
-292,9,0
-297,2,0
64,42,1
-298,3,0
-290,15,0
-284,17,0
25,1,1
-285,22,0
31,3,1
-267,28,0
48,30,1
-283,32,0
48,22,1
28,2,1
35,7,1
28,2,1
29,5,1
-300,1,0
29,5,1
25,1,1
65,53,1
-289,6,0
30,4,1
25,1,1
28,2,1
-285,10,0
-288,29,0
37,5,1
25,1,1
-300,1,0
33,5,1
-291,12,0
25,1,1
49,13,1
31,3,1
-303,4,0
52,18,1
31,3,1
25,1,1
43,11,1
25,1,1
55,27,1
-297,2,0
-283,16,0
24,6,1
28,2,1
49,13,1
24,2,1
25,1,1
62,48,1
-279,40,0
-279,20,0
25,1,1
-296,5,0
-276,25,0
31,3,1
46,24,1
27,3,1
35,7,1
34,8,1
25,1,1
37,5,1
44,22,1
33,9,1
-291,20,0
37,9,1
103,91,1
25,1,1
27,11,1
40,10,1
-261,62,0
26,4,1
-300,1,0
-265,62,0
45,25,1
-298,11,0
-281,30,0
35,7,1
25,1,1
44,14,1
-296,5,0
25,1,1
-298,7,0
25,1,1
38,12,1
44,10,1
72,46,1
-283,16,0
31,7,1
42,16,1
34,8,1
31,3,1
24,2,1
-276,17,0
81,45,1
27,3,1
-300,1,0
33,5,1
30,4,1
25,1,1
-300,1,0
39,7,1
27,7,1
39,19,1
25,1,1
-275,48,0
81,45,1
-283,44,0
-300,1,0
64,34,1
-282,11,0
-290,7,0
-294,3,0
-300,1,0
39,15,1
-283,32,0
42,20,1
25,1,1
-296,13,0
-301,2,0
-296,17,0
45,25,1
31,11,1
46,12,1
61,37,1
-301,2,0
27,3,1
33,5,1
-275,20,0
38,8,1
34,8,1
44,10,1
31,3,1
27,3,1
63,31,1
-284,13,0
-285,10,0
-278,23,0
33,9,1
99,75,1
-269,34,0
52,22,1
25,1,1
30,8,1
41,17,1
47,11,1
49,25,1
37,9,1
25,1,1
48,18,1
38,12,1
-300,5,0
75,67,1
24,2,1
31,11,1
34,24,1
27,3,1
43,15,1
-277,30,0
-298,7,0
-290,11,0
-300,5,0
-300,1,0
-288,9,0
30,4,1
36,10,1
31,3,1
34,4,1
25,1,1
43,11,1
35,7,1
60,38,1
-274,27,0
25,1,1
25,5,1
31,3,1
64,42,1
31,3,1
28,2,1
64,46,1
28,2,1
68,78,1
27,3,1
25,1,1
-282,23,0
50,32,1
-297,2,0
69,37,1
28,2,1
31,7,1
24,2,1
41,13,1
28,2,1
25,1,1
-297,2,0
47,15,1
34,4,1
27,3,1
24,2,1
-291,8,0
28,2,1
-293,14,0
-298,3,0
36,14,1
27,3,1
63,35,1
-287,16,0
-300,1,0
33,5,1
50,16,1
-288,17,0
26,4,1
-290,15,0
-300,1,0
-291,16,0
71,47,1
33,5,1
-301,6,0
44,18,1
-294,3,0
33,9,1
32,10,1
-295,32,0
-290,39,0
122,104,1
34,8,1
31,11,1
62,36,1
30,4,1
35,19,1
-282,15,0
38,8,1
38,8,1
33,5,1
35,7,1
31,3,1
36,6,1
-267,32,0
77,49,1
28,2,1
-292,5,0
45,13,1
44,14,1
38,12,1
58,40,1
41,13,1
36,10,1
44,18,1
28,2,1
-291,8,0
30,4,1
30,4,1
-289,14,0
-276,17,0
25,1,1
26,4,1
25,1,1
-289,10,0
31,3,1
-292,21,0
27,7,1
25,1,1
29,5,1
24,2,1
-295,4,0
-285,22,0
38,12,1
-300,1,0
-285,30,0
-302,3,0
-291,4,0
44,18,1
33,5,1
41,13,1
49,21,1
28,2,1
-282,11,0
-300,1,0
25,1,1
39,19,1
33,9,1
-294,3,0
98,80,1
47,11,1
36,6,1
25,1,1
66,28,1
32,6,1
32,10,1
-288,25,0
-299,4,0
-297,2,0
40,18,1
28,2,1
61,37,1
26,20,1
28,2,1
53,45,1
27,7,1
26,4,1
37,5,1
26,4,1
67,51,1
-270,27,0
-275,28,0
44,14,1
48,18,1
27,3,1
22,8,1
-302,11,0
25,1,1
41,17,1
35,7,1
43,15,1
56,26,1
45,17,1
-272,33,0
71,75,1
30,4,1
25,1,1
-292,5,0
28,2,1
-284,9,0
37,5,1
48,14,1
-291,12,0
-294,27,0
-286,23,0
29,5,1
46,16,1
74,40,1
28,2,1
39,15,1
33,5,1
34,4,1
28,2,1
74,36,1
54,20,1
37,9,1
41,13,1
24,2,1
49,21,1
24,2,1
61,33,1
-268,29,0
49,25,1
44,14,1
58,36,1
46,16,1
28,2,1
28,2,1
31,3,1
45,25,1
44,18,1
77,45,1
25,1,1
-274,39,0
33,9,1
30,8,1
-275,24,0
40,10,1
40,10,1
-285,22,0
25,1,1
48,10,1
-284,21,0
-303,4,0
25,1,1
44,10,1
42,8,1
41,17,1
25,1,1
50,28,1
41,13,1
-284,25,0
55,31,1
-275,32,0
58,44,1
65,33,1
28,2,1
-274,27,0
46,16,1
25,1,1
58,32,1
51,19,1
28,2,1
27,3,1
41,9,1
36,6,1
30,4,1
-300,1,0
33,5,1
-300,1,0
40,14,1
31,3,1
-293,10,0
-245,62,0
-302,15,0
93,73,1
67,43,1
36,6,1
25,1,1
-303,4,0
35,7,1
27,3,1
-289,18,0
74,52,1
-290,23,0
-274,31,0
25,1,1
36,14,1
-300,1,0
35,7,1
-278,35,0
25,1,1
30,4,1
31,7,1
94,80,1
60,46,1
-261,54,0
25,1,1
25,1,1
37,5,1
31,3,1
39,11,1
38,8,1
-301,2,0
69,57,1
36,6,1
29,5,1
25,1,1
25,1,1
25,1,1
81,53,1
-300,1,0
43,19,1
33,5,1
-301,2,0
-274,31,0
71,35,1
41,9,1
41,13,1
62,24,1
25,1,1
-265,78,0
-300,1,0
34,4,1
43,11,1
27,3,1
-300,1,0
37,21,1
-264,37,0
-287,12,0
25,1,1
31,7,1
-270,39,0
48,34,1
36,14,1
-302,3,0
51,31,1
-304,9,0
-269,34,0
92,58,1
25,1,1
30,4,1
34,8,1
25,1,1
48,26,1
47,15,1
93,85,1
43,11,1
-276,29,0
-282,35,0
28,2,1
30,8,1
31,7,1
26,4,1
44,10,1
-300,1,0
39,7,1
33,5,1
25,1,1
50,20,1
47,23,1
25,1,1
44,22,1
-291,4,0
36,10,1
28,2,1
25,1,1
34,8,1
48,22,1
25,1,1
25,1,1
-296,5,0
37,9,1
39,15,1
32,6,1
44,14,1
-268,37,0
-294,7,0
-282,15,0
37,9,1
25,1,1
25,1,1
33,5,1
-275,32,0
45,13,1
-291,8,0
32,6,1
-297,2,0
31,7,1
44,10,1
30,8,1
33,5,1
43,11,1
25,1,1
40,10,1
-302,7,0
31,7,1
32,6,1
-292,9,0
24,2,1
43,11,1
-301,6,0
48,22,1
-298,19,0
36,6,1
51,27,1
33,13,1
87,71,1
-277,18,0
35,7,1
28,2,1
27,3,1
38,8,1
29,5,1
36,14,1
-294,3,0
31,3,1
46,12,1
-302,7,0
84,46,1
27,3,1
80,50,1
-293,14,0
30,4,1
53,45,1
-293,18,0
25,1,1
30,4,1
-300,5,0
52,22,1
51,27,1
31,7,1
29,5,1
24,2,1
-284,13,0
52,42,1
34,8,1
24,2,1
-258,55,0
33,5,1
-300,1,0
34,4,1
24,2,1
47,19,1
-291,4,0
-298,3,0
-268,33,0
34,8,1
-263,40,0
72,42,1
40,14,1
31,3,1
28,2,1
42,8,1
28,6,1
-271,32,0
-298,3,0
-298,3,0
28,2,1
-291,24,0
-303,4,0
27,3,1
39,15,1
35,15,1
53,33,1
-286,19,0
28,10,1
-299,12,0
37,9,1
34,8,1
33,5,1
40,14,1
-289,6,0
38,8,1
45,13,1
50,12,1
35,11,1
28,2,1
25,1,1
58,24,1
-294,3,0
-300,1,0
-301,2,0
42,20,1
-295,20,0
25,1,1
-300,1,0
24,2,1
39,15,1
46,20,1
-291,32,0
42,8,1
36,14,1
24,2,1
-289,6,0
25,1,1
-289,10,0
41,9,1
27,3,1
-253,66,0
24,2,1
25,1,1
36,6,1
-300,1,0
46,24,1
27,7,1
-298,7,0
-296,5,0
51,19,1
-266,27,0
29,5,1
25,1,1
31,3,1
25,1,1
-300,5,0
52,26,1
28,2,1
-261,38,0
38,8,1
25,1,1
-289,10,0
33,5,1
-300,1,0
29,9,1
36,6,1
51,15,1
-300,1,0
25,1,1
28,2,1
27,3,1
-295,20,0
39,15,1
92,70,1
38,16,1
-280,45,0
27,3,1
25,1,1
31,3,1
25,1,1
24,2,1
-300,1,0
-298,3,0
28,2,1
57,57,1
-298,3,0
41,13,1
25,1,1
42,12,1
-298,3,0
37,13,1
29,9,1
25,1,1
52,30,1
55,31,1
25,1,1
43,11,1
32,10,1
39,11,1
63,31,1
-292,5,0
28,2,1
50,20,1
31,3,1
-297,6,0
-293,46,0
31,7,1
28,2,1
-284,21,0
43,11,1
43,11,1
25,1,1
30,4,1
33,9,1
35,7,1
-303,8,0
-300,1,0
28,2,1
35,7,1
38,8,1
-295,12,0
40,6,1
36,10,1
44,10,1
32,6,1
27,3,1
-256,65,0
28,2,1
48,18,1
-291,8,0
-300,1,0
34,4,1
43,19,1
54,28,1
140,114,1
43,11,1
40,10,1
30,4,1
33,5,1
32,6,1
-300,1,0
-300,1,0
41,9,1
24,2,1
24,2,1
40,10,1
-300,1,0
25,1,1
46,24,1
-282,23,0
29,9,1
50,20,1
-295,4,0
44,14,1
25,1,1
25,1,1
32,6,1
43,15,1
25,1,1
25,1,1
54,24,1
-286,11,0
47,15,1
57,21,1
46,16,1
-300,1,0
37,13,1
26,4,1
34,4,1
25,1,1
25,1,1
50,16,1
30,4,1
32,6,1
44,14,1
27,7,1
49,17,1
24,2,1
-290,19,0
52,14,1
-301,2,0
26,4,1
40,6,1
24,2,1
43,15,1
-301,2,0
24,2,1
39,11,1
36,6,1
40,10,1
-276,37,0
31,3,1
-300,5,0
-301,2,0
28,6,1
28,2,1
28,2,1
-269,38,0
30,4,1
58,32,1
42,64,1
53,21,1
61,33,1
25,1,1
42,8,1
31,7,1
46,16,1
28,2,1
33,5,1
-296,5,0
36,6,1
-300,1,0
33,5,1
-288,33,0
27,7,1
33,5,1
56,42,1
45,17,1
70,44,1
44,14,1
-260,45,0
49,21,1
25,1,1
27,3,1
28,2,1
39,7,1
-300,1,0
38,12,1
63,43,1
36,6,1
26,20,1
-242,51,0
47,19,1
31,7,1
36,22,1
-303,4,0
-300,1,0
25,1,1
-295,4,0
25,1,1
24,2,1
25,1,1
-300,1,0
40,18,1
-199,108,0
-288,13,0
24,2,1
32,6,1
100,102,1
-294,3,0
38,12,1
34,8,1
-297,6,0
45,17,1
-300,1,0
-303,4,0
24,2,1
25,1,1
25,1,1
28,2,1
65,41,1
40,10,1
48,14,1
25,1,1
33,5,1
31,3,1
40,14,1
25,1,1
42,12,1
-301,2,0
-294,15,0
-297,2,0
-297,6,0
55,43,1
25,1,1
61,33,1
47,11,1
-284,25,0
61,33,1
27,3,1
39,11,1
-306,11,0
-280,29,0
-299,4,0
30,4,1
47,19,1
25,1,1
-300,1,0
-296,5,0
27,3,1
76,66,1
48,22,1
63,23,1
25,1,1
25,1,1
25,1,1
-298,3,0
37,9,1
-295,4,0
31,19,1
45,25,1
35,7,1
55,43,1
28,2,1
38,12,1
74,52,1
-294,3,0
-295,8,0
-295,8,0
-253,42,0
25,1,1
48,34,1
-280,17,0
45,25,1
41,9,1
31,3,1
28,2,1
61,25,1
38,8,1
-296,5,0
25,1,1
-293,6,0
25,1,1
25,1,1
-299,4,0
39,11,1
37,9,1
39,7,1
45,13,1
-296,5,0
28,2,1
35,7,1
37,9,1
46,16,1
31,3,1
25,5,1
25,1,1
-295,4,0
37,9,1
30,4,1
-297,2,0
25,1,1
69,49,1
-302,3,0
34,4,1
60,38,1
-288,9,0
25,1,1
-294,11,0
40,14,1
28,2,1
-301,2,0
-297,2,0
-291,24,0
32,6,1
25,1,1
33,9,1
-295,4,0
56,22,1
37,5,1
54,24,1
-280,25,0
25,1,1
44,14,1
25,1,1
40,18,1
33,5,1
25,1,1
-271,28,0
-294,7,0
35,7,1
-298,3,0
44,14,1
54,16,1
25,1,1
56,22,1
51,23,1
41,17,1
33,33,1
48,26,1
-301,2,0
-294,3,0
40,10,1
40,14,1
-294,3,0
31,7,1
-292,21,0
41,13,1
37,5,1
34,4,1
39,7,1
-297,26,0
-302,15,0
24,2,1
25,1,1
25,1,1
25,1,1
31,3,1
-301,10,0
25,1,1
25,1,1
-291,12,0
48,14,1
25,1,1
24,2,1
25,1,1
39,31,1
47,11,1
25,1,1
-300,1,0
-300,1,0
-291,4,0
-297,2,0
25,1,1
25,1,1
25,1,1
25,1,1
28,2,1
33,5,1
60,22,1
-263,36,0
-280,29,0
-285,18,0
41,17,1
-193,126,0
25,1,1
-295,8,0
-297,10,0
37,5,1
25,1,1
56,22,1
36,10,1
38,8,1
30,4,1
-302,3,0
40,22,1
-300,5,0
32,10,1
25,1,1
-289,30,0
-300,1,0
36,10,1
35,7,1
34,4,1
53,37,1
38,32,1
67,43,1
37,17,1
-273,58,0
36,18,1
-270,23,0
28,2,1
31,3,1
-298,3,0
-298,7,0
59,43,1
33,5,1
39,7,1
28,2,1
-292,9,0
25,1,1
42,8,1
45,17,1
25,1,1
39,7,1
25,1,1
74,40,1
35,19,1
25,1,1
-286,15,0
-285,18,0
45,17,1
29,9,1
-301,2,0
34,8,1
39,7,1
28,2,1
27,3,1
-298,31,0
25,1,1
40,10,1
44,18,1
-299,4,0
-289,10,0
41,9,1
-296,9,0
33,9,1
28,2,1
62,28,1
26,4,1
-297,2,0
24,2,1
39,7,1
66,44,1
33,5,1
-297,2,0
-298,3,0
25,1,1
39,11,1
28,2,1
35,7,1
30,4,1
25,1,1
35,7,1
27,3,1
57,25,1
40,6,1
-300,1,0
41,9,1
51,31,1
-297,2,0
-296,9,0
25,5,1
28,2,1
25,1,1
33,5,1
30,4,1
-294,15,0
55,27,1
29,5,1
-294,3,0
28,2,1
25,1,1
-301,2,0
-292,9,0
34,4,1
32,6,1
30,4,1
25,1,1
-300,17,0
32,10,1
31,7,1
36,6,1
40,14,1
27,7,1
55,23,1
31,7,1
40,10,1
42,12,1
50,28,1
40,6,1
28,2,1
25,1,1
49,21,1
25,1,1
23,3,1
25,1,1
-282,23,0
-283,16,0
28,2,1
60,30,1
-294,7,0
-294,7,0
-290,11,0
25,1,1
25,1,1
24,2,1
36,6,1
25,1,1
36,10,1
-295,16,0
44,10,1
-279,32,0
28,2,1
39,7,1
28,2,1
52,22,1
44,14,1
33,5,1
55,31,1
28,2,1
25,1,1
-300,1,0
34,8,1
30,4,1
52,22,1
45,13,1
25,1,1
42,16,1
46,16,1
-284,29,0
36,10,1
25,1,1
63,31,1
42,12,1
37,5,1
-293,6,0
-300,1,0
38,8,1
-296,5,0
28,2,1
37,9,1
43,11,1
25,1,1
-277,22,0
-299,4,0
33,13,1
25,1,1
45,17,1
25,1,1
25,1,1
-286,19,0
58,36,1
32,6,1
34,4,1
27,11,1
26,4,1
39,7,1
47,15,1
-295,8,0
-277,42,0
39,7,1
-293,10,0
35,19,1
-292,9,0
24,2,1
59,31,1
33,5,1
47,15,1
27,3,1
47,15,1
43,11,1
-300,1,0
28,2,1
58,44,1
36,6,1
-300,1,0
47,11,1
33,17,1
-300,1,0
32,6,1
45,29,1
-300,5,0
-273,26,0
68,46,1
24,2,1
26,4,1
37,5,1
-301,2,0
25,1,1
28,2,1
25,1,1
-300,1,0
39,7,1
41,9,1
-280,21,0
31,3,1
29,9,1
39,7,1
-293,10,0
-284,9,0
-297,6,0
29,5,1
-256,53,0
42,20,1
36,10,1
45,17,1
27,3,1
44,22,1
25,5,1
46,24,1
39,11,1
32,6,1
56,26,1
28,2,1
54,24,1
31,3,1
30,4,1
49,25,1
-289,10,0
30,8,1
31,3,1
27,3,1
-292,5,0
46,12,1
33,5,1
-275,32,0
-302,3,0
25,1,1
29,9,1
-298,11,0
28,2,1
44,14,1
26,4,1
60,30,1
28,2,1
55,19,1
35,11,1
29,5,1
-289,14,0
30,4,1
31,3,1
44,18,1
63,31,1
25,1,1
39,7,1
31,3,1
38,16,1
54,32,1
32,6,1
-259,36,0
-293,18,0
24,2,1
28,2,1
49,13,1
42,16,1
30,8,1
30,8,1
-286,19,0
27,3,1
25,1,1
41,9,1
32,10,1
25,1,1
31,3,1
27,3,1
71,31,1
-305,6,0
37,5,1
25,1,1
25,1,1
47,15,1
24,2,1
30,4,1
-257,66,0
24,2,1
-300,1,0
-297,2,0
25,1,1
-299,8,0
49,21,1
41,9,1
30,4,1
25,1,1
48,14,1
-301,2,0
37,13,1
44,22,1
28,2,1
-238,91,0
-290,11,0
-288,13,0
27,3,1
25,1,1
30,4,1
39,23,1
34,4,1
37,5,1
32,6,1
25,1,1
57,41,1
60,34,1
25,1,1
29,5,1
58,28,1
26,4,1
38,8,1
-284,21,0
25,1,1
68,38,1
38,8,1
54,24,1
36,10,1
35,11,1
50,16,1
30,4,1
37,9,1
45,13,1
25,1,1
-294,11,0
40,10,1
-295,8,0
25,1,1
50,32,1
28,2,1
25,1,1
60,34,1
-284,17,0
45,13,1
67,35,1
31,3,1
-291,4,0
-299,4,0
38,8,1
40,14,1
-284,41,0
128,118,1
31,7,1
25,1,1
34,4,1
31,3,1
-302,3,0
34,4,1
35,11,1
26,4,1
39,7,1
24,2,1
28,2,1
43,15,1
-294,7,0
52,22,1
34,4,1
23,3,1
28,2,1
-293,10,0
52,18,1
43,11,1
33,5,1
28,2,1
-289,14,0
36,10,1
25,1,1
25,1,1
33,9,1
40,10,1
-271,32,0
-287,20,0
28,2,1
28,2,1
28,2,1
36,6,1
39,11,1
36,10,1
-264,41,0
31,3,1
25,1,1
24,2,1
-295,8,0
32,6,1
24,2,1
41,17,1
46,12,1
67,51,1
39,7,1
52,26,1
-288,17,0
30,4,1
34,12,1
31,3,1
25,1,1
-297,2,0
34,4,1
25,1,1
-266,35,0
34,8,1
45,13,1
25,1,1
27,11,1
43,11,1
25,1,1
28,2,1
-298,3,0
25,1,1
-300,1,0
36,6,1
42,16,1
34,12,1
-297,6,0
41,9,1
52,26,1
60,30,1
48,18,1
51,19,1
-302,11,0
-298,3,0
-299,20,0
25,1,1
25,1,1
25,1,1
25,1,1
-279,24,0
-300,1,0
-300,1,0
48,14,1
49,29,1
47,19,1
34,8,1
29,9,1
34,8,1
28,2,1
37,13,1
36,14,1
36,6,1
40,6,1
55,27,1
25,1,1
25,1,1
-294,3,0
53,25,1
28,2,1
-286,11,0
30,4,1
-281,10,0
39,7,1
37,9,1
-295,12,0
50,20,1
40,10,1
41,9,1
33,5,1
26,4,1
39,11,1
26,4,1
-279,28,0
63,35,1
47,11,1
35,7,1
31,3,1
25,1,1
46,12,1
41,21,1
25,1,1
-295,24,0
25,1,1
24,2,1
43,19,1
25,1,1
-280,25,0
40,14,1
-297,6,0
48,14,1
42,12,1
35,7,1
43,27,1
-298,7,0
46,20,1
-277,22,0
56,30,1
50,20,1
24,2,1
31,3,1
48,22,1
-259,40,0
-285,10,0
59,39,1
37,5,1
63,27,1
-297,6,0
30,4,1
31,7,1
35,7,1
28,2,1
37,9,1
51,23,1
25,1,1
37,5,1
25,1,1
-297,2,0
-288,29,0
40,6,1
28,6,1
-295,8,0
38,8,1
-271,40,0
53,25,1
31,3,1
25,1,1
36,10,1
25,1,1
38,20,1
24,2,1
-278,27,0
31,3,1
21,5,1
57,25,1
-294,3,0
36,6,1
56,30,1
36,6,1
43,27,1
35,11,1
-300,1,0
25,1,1
24,2,1
26,4,1
31,19,1
37,13,1
41,13,1
25,1,1
38,8,1
35,7,1
42,12,1
25,1,1
30,4,1
28,2,1
-262,35,0
36,6,1
40,10,1
25,1,1
27,3,1
-250,51,0
33,5,1
41,13,1
-272,25,0
24,2,1
-274,27,0
28,2,1
25,1,1
24,2,1
55,23,1
24,2,1
46,16,1
24,2,1
46,12,1
40,18,1
81,53,1
-302,3,0
-268,37,0
28,2,1
41,13,1
-294,7,0
52,18,1
26,8,1
52,22,1
25,1,1
28,2,1
25,1,1
42,8,1
24,2,1
25,1,1
42,16,1
-295,4,0
32,6,1
33,5,1
24,2,1
25,1,1
-298,3,0
30,4,1
-287,16,0
32,10,1
36,10,1
28,2,1
31,3,1
34,4,1
35,11,1
25,1,1
28,2,1
-293,14,0
-299,4,0
52,22,1
25,1,1
61,29,1
-291,8,0
31,7,1
50,28,1
57,17,1
-291,12,0
24,2,1
30,4,1
-295,4,0
-250,67,0
26,4,1
-288,13,0
33,5,1
39,11,1
-260,37,0
59,31,1
25,1,1
-297,6,0
25,1,1
25,1,1
28,2,1
31,3,1
47,15,1
53,29,1
25,1,1
35,11,1
33,9,1
37,9,1
25,1,1
39,7,1
46,24,1
-294,3,0
-287,12,0
30,4,1
28,2,1
24,2,1
-290,15,0
28,2,1
25,1,1
-277,34,0
-279,24,0
43,7,1
34,12,1
28,2,1
52,34,1
25,1,1
33,5,1
31,3,1
35,7,1
26,4,1
39,11,1
26,4,1
-272,25,0
42,16,1
47,31,1
-291,12,0
27,3,1
28,2,1
30,4,1
60,30,1
69,53,1
33,5,1
33,9,1
46,16,1
28,2,1
-301,2,0
24,2,1
58,28,1
-298,3,0
-294,7,0
-274,23,0
26,4,1
-293,18,0
28,2,1
25,1,1
-293,10,0
40,6,1
32,6,1
32,6,1
-299,4,0
-276,29,0
43,19,1
46,12,1
37,9,1
28,2,1
28,6,1
31,3,1
37,21,1
32,6,1
34,4,1
27,3,1
34,4,1
25,1,1
43,19,1
-300,1,0
26,4,1
39,7,1
31,3,1
-300,1,0
28,2,1
36,6,1
25,1,1
31,3,1
25,1,1
40,6,1
25,1,1
38,8,1
34,4,1
30,4,1
45,17,1
63,27,1
28,2,1
37,13,1
38,8,1
-296,5,0
30,4,1
28,2,1
40,18,1
32,6,1
41,13,1
24,2,1
39,11,1
63,35,1
25,1,1
25,1,1
36,6,1
25,1,1
25,1,1
39,27,1
-293,10,0
34,4,1
39,7,1
27,3,1
56,30,1
-263,52,0
36,10,1
25,5,1
46,20,1
25,1,1
28,2,1
-278,31,0
63,39,1
54,16,1
-295,4,0
31,7,1
33,5,1
-303,4,0
25,1,1
54,24,1
37,9,1
64,34,1
43,15,1
28,2,1
31,3,1
-292,9,0
30,4,1
40,18,1
46,12,1
28,6,1
39,7,1
28,6,1
-297,2,0
-293,22,0
30,4,1
34,8,1
-274,39,0
27,3,1
33,5,1
25,1,1
25,1,1
36,6,1
30,4,1
54,24,1
24,2,1
44,10,1
45,33,1
25,1,1
-287,12,0
62,32,1
35,7,1
71,63,1
25,1,1
28,2,1
25,1,1
82,56,1
-296,9,0
-276,37,0
-271,28,0
38,8,1
71,47,1
38,8,1
27,3,1
25,1,1
-289,10,0
28,2,1
47,11,1
40,6,1
-300,5,0
25,1,1
67,31,1
44,14,1
24,2,1
38,12,1
37,5,1
25,1,1
31,11,1
55,23,1
25,1,1
65,37,1
51,19,1
-291,16,0
51,23,1
38,8,1
25,1,1
60,42,1
-271,32,0
31,3,1
40,10,1
25,1,1
31,3,1
30,4,1
44,14,1
28,6,1
-292,5,0
-296,5,0
36,10,1
32,14,1
35,7,1
-301,2,0
42,8,1
36,6,1
36,6,1
-265,46,0
-284,17,0
-291,16,0
-299,4,0
-291,40,0
39,7,1
-283,16,0
-300,1,0
35,15,1
-301,2,0
39,7,1
58,40,1
28,2,1
64,34,1
-286,27,0
-276,25,0
63,39,1
28,2,1
38,8,1
25,1,1
-295,4,0
48,18,1
31,3,1
36,6,1
51,23,1
34,4,1
-289,22,0
27,3,1
-299,4,0
-286,15,0
42,8,1
43,11,1
29,9,1
47,15,1
46,24,1
-289,18,0
25,1,1
-288,21,0
33,5,1
70,48,1
35,7,1
39,7,1
-301,2,0
43,15,1
28,2,1
-298,3,0
25,1,1
36,6,1
-300,1,0
24,2,1
32,6,1
36,10,1
-284,25,0
-293,10,0
-300,1,0
28,2,1
-296,5,0
40,14,1
-293,6,0
24,2,1
25,1,1
79,63,1
36,6,1
32,6,1
25,1,1
49,17,1
28,2,1
35,7,1
28,2,1
66,32,1
32,6,1
31,3,1
34,4,1
30,4,1
47,15,1
28,2,1
55,27,1
25,1,1
47,19,1
58,36,1
25,1,1
24,2,1
-289,10,0
34,4,1
42,8,1
37,9,1
37,5,1
25,1,1
25,1,1
31,7,1
25,1,1
25,1,1
62,24,1
-283,20,0
34,4,1
44,10,1
-290,11,0
62,32,1
27,3,1
25,1,1
43,11,1
56,22,1
35,7,1
30,4,1
25,1,1
-302,3,0
34,4,1
33,5,1
28,6,1
34,8,1
-298,7,0
42,8,1
-276,21,0
29,5,1
51,19,1
48,26,1
-277,26,0
75,47,1
35,7,1
34,4,1
59,27,1
33,13,1
29,5,1
60,30,1
-240,65,0
51,19,1
31,3,1
78,80,1
42,8,1
53,21,1
-300,1,0
31,3,1
36,14,1
39,7,1
39,11,1
42,8,1
29,5,1
50,24,1
-296,5,0
40,10,1
28,2,1
34,4,1
50,20,1
36,10,1
28,2,1
24,2,1
27,3,1
24,2,1
25,1,1
30,4,1
61,33,1
-265,26,0
49,17,1
25,1,1
53,25,1
40,10,1
49,13,1
55,23,1
25,1,1
51,39,1
24,6,1
25,1,1
33,5,1
39,7,1
-294,3,0
25,1,1
53,33,1
26,4,1
-300,1,0
36,6,1
51,27,1
24,2,1
38,8,1
25,1,1
25,1,1
34,8,1
25,1,1
-287,8,0
-300,1,0
33,5,1
-295,4,0
49,29,1
49,17,1
88,50,1
34,12,1
30,4,1
28,2,1
49,17,1
60,26,1
37,9,1
-300,1,0
33,5,1
38,12,1
31,3,1
35,11,1
25,1,1
30,12,1
25,1,1
36,6,1
46,16,1
27,3,1
-300,1,0
-282,19,0
25,1,1
25,1,1
-300,1,0
-306,11,0
31,3,1
25,1,1
29,5,1
40,10,1
-295,8,0
-300,1,0
-296,5,0
31,3,1
33,21,1
-285,26,0
49,21,1
26,4,1
25,5,1
38,8,1
32,6,1
28,2,1
-300,1,0
43,11,1
-300,1,0
38,8,1
-295,4,0
-294,7,0
-301,2,0
35,7,1
-283,12,0
-290,11,0
30,4,1
-278,27,0
-271,40,0
52,18,1
31,3,1
25,1,1
-282,19,0
28,2,1
-246,55,0
25,1,1
33,5,1
24,2,1
45,9,1
-234,103,0
65,33,1
30,8,1
-295,4,0
25,1,1
47,23,1
-286,19,0
-270,35,0
40,10,1
28,2,1
55,23,1
53,33,1
67,43,1
43,11,1
31,3,1
31,3,1
28,2,1
51,19,1
-283,12,0
28,2,1
52,22,1
24,2,1
40,6,1
-282,19,0
28,2,1
41,13,1
36,14,1
62,40,1
40,14,1
27,11,1
33,5,1
32,6,1
28,2,1
29,5,1
35,7,1
29,5,1
-265,50,0
28,2,1
-284,13,0
30,4,1
26,4,1
49,25,1
31,3,1
33,5,1
36,6,1
25,1,1
54,32,1
40,6,1
36,6,1
33,5,1
63,35,1
33,5,1
25,1,1
32,6,1
25,1,1
32,6,1
42,12,1
79,47,1
44,30,1
25,1,1
31,3,1
27,3,1
32,6,1
34,4,1
23,3,1
24,2,1
68,46,1
25,1,1
35,7,1
73,45,1
33,5,1
24,2,1
39,11,1
48,18,1
25,1,1
32,6,1
25,1,1
-300,1,0
25,1,1
57,21,1
58,20,1
31,3,1
32,6,1
-299,20,0
33,5,1
31,7,1
59,23,1
28,2,1
37,9,1
34,12,1
27,3,1
37,9,1
36,6,1
34,4,1
40,10,1
47,19,1
-289,10,0
42,16,1
28,2,1
-294,7,0
-279,20,0
38,8,1
27,3,1
58,28,1
41,9,1
25,1,1
-283,20,0
25,1,1
28,2,1
-275,28,0
-286,11,0
28,6,1
34,4,1
51,15,1
-293,10,0
25,1,1
36,6,1
31,19,1
25,1,1
30,4,1
36,10,1
81,49,1
28,2,1
25,1,1
35,11,1
28,2,1
44,10,1
-298,3,0
25,1,1
25,1,1
42,8,1
-295,4,0
41,13,1
50,16,1
56,34,1
-282,19,0
38,8,1
50,24,1
31,7,1
25,1,1
34,4,1
25,1,1
34,4,1
26,4,1
60,46,1
-288,17,0
53,29,1
35,11,1
46,12,1
25,1,1
-301,2,0
42,12,1
24,2,1
30,4,1
30,4,1
-301,2,0
-292,13,0
72,50,1
29,5,1
31,7,1
28,2,1
42,8,1
25,1,1
-266,51,0
33,5,1
49,21,1
25,1,1
63,23,1
44,22,1
31,7,1
39,11,1
-288,25,0
43,7,1
31,3,1
25,1,1
44,14,1
36,10,1
41,9,1
25,1,1
55,35,1
-279,16,0
-294,3,0
34,4,1
41,9,1
37,5,1
32,6,1
43,11,1
69,37,1
24,2,1
30,4,1
34,8,1
95,79,1
54,36,1
-273,34,0
42,12,1
-287,12,0
50,16,1
37,5,1
28,2,1
29,9,1
33,9,1
39,19,1
-290,11,0
25,1,1
25,1,1
28,2,1
28,2,1
38,8,1
28,2,1
25,1,1
48,18,1
30,4,1
36,10,1
25,1,1
25,1,1
30,4,1
25,1,1
-292,5,0
34,4,1
42,12,1
31,3,1
28,2,1
57,25,1
25,1,1
40,14,1
32,14,1
35,7,1
25,1,1
33,5,1
40,10,1
39,11,1
73,45,1
51,15,1
-272,25,0
39,11,1
25,1,1
28,2,1
34,4,1
45,9,1
58,32,1
25,1,1
25,1,1
61,53,1
25,1,1
25,1,1
32,6,1
-303,4,0
34,4,1
25,1,1
24,2,1
-303,4,0
25,1,1
-300,1,0
24,2,1
-298,7,0
44,14,1
34,8,1
33,5,1
43,11,1
36,10,1
-269,34,0
55,23,1
35,7,1
25,1,1
30,4,1
-300,1,0
38,16,1
38,8,1
42,12,1
33,5,1
38,8,1
56,30,1
-267,36,0
-300,1,0
59,27,1
-299,8,0
25,1,1
30,4,1
-282,11,0
28,2,1
38,8,1
34,8,1
31,3,1
39,7,1
28,2,1
25,1,1
-296,5,0
-300,1,0
28,2,1
48,18,1
-281,18,0
38,8,1
24,2,1
35,7,1
-294,3,0
-295,4,0
36,6,1
25,1,1
25,1,1
24,2,1
28,2,1
25,1,1
43,11,1
28,2,1
33,17,1
25,5,1
38,12,1
53,17,1
52,18,1
25,1,1
24,2,1
-271,24,0
33,5,1
33,5,1
44,18,1
25,1,1
37,5,1
27,3,1
28,2,1
35,7,1
45,13,1
28,2,1
46,16,1
42,8,1
28,2,1
36,10,1
48,26,1
25,1,1
-259,44,0
31,7,1
-295,8,0
25,1,1
42,12,1
-291,4,0
37,9,1
66,40,1
91,75,1
24,2,1
48,14,1
46,16,1
-293,6,0
37,13,1
45,21,1
30,8,1
-289,6,0
-297,2,0
39,7,1
32,6,1
25,1,1
-295,4,0
36,10,1
36,6,1
52,34,1
28,2,1
28,2,1
25,1,1
-300,1,0
49,21,1
49,29,1
-301,2,0
30,4,1
27,3,1
51,23,1
63,31,1
25,1,1
25,1,1
24,2,1
47,19,1
42,28,1
28,2,1
-287,28,0
25,1,1
54,20,1
25,1,1
28,6,1
27,11,1
37,9,1
29,5,1
55,19,1
27,7,1
49,17,1
36,6,1
43,15,1
34,8,1
32,6,1
44,14,1
-301,2,0
25,1,1
25,1,1
-281,18,0
-283,16,0
64,38,1
28,2,1
41,9,1
36,6,1
40,10,1
40,14,1
-300,1,0
-293,14,0
38,8,1
52,18,1
37,9,1
34,4,1
52,26,1
24,2,1
35,7,1
39,7,1
52,18,1
30,4,1
28,2,1
61,41,1
25,1,1
52,18,1
45,13,1
34,4,1
62,32,1
24,2,1
-294,3,0
48,14,1
25,1,1
39,11,1
25,1,1
40,14,1
48,14,1
31,3,1
40,10,1
35,7,1
25,1,1
-300,1,0
28,2,1
54,32,1
33,9,1
48,14,1
28,2,1
37,9,1
31,11,1
34,4,1
-297,2,0
36,6,1
25,1,1
62,32,1
69,45,1
-282,23,0
-300,1,0
30,4,1
39,7,1
25,1,1
25,1,1
-294,3,0
-295,8,0
-283,28,0
30,4,1
30,4,1
68,42,1
31,3,1
-279,12,0
50,20,1
28,2,1
61,29,1
34,8,1
33,5,1
38,12,1
49,21,1
47,11,1
-304,9,0
-295,12,0
25,1,1
25,1,1
41,9,1
-281,10,0
30,4,1
85,45,1
28,14,1
44,14,1
41,9,1
58,24,1
25,1,1
30,8,1
30,4,1
-284,21,0
-286,15,0
46,16,1
33,5,1
63,39,1
28,2,1
40,10,1
41,17,1
37,5,1
41,13,1
28,2,1
39,11,1
53,25,1
35,11,1
25,1,1
69,45,1
28,2,1
34,4,1
67,39,1
35,7,1
-294,3,0
37,5,1
-299,8,0
36,6,1
61,41,1
-294,11,0
47,19,1
30,4,1
36,6,1
48,18,1
24,2,1
53,21,1
34,4,1
39,11,1
32,6,1
25,1,1
32,10,1
28,2,1
44,14,1
25,1,1
25,1,1
37,9,1
31,3,1
28,2,1
37,13,1
-301,6,0
27,3,1
45,17,1
25,1,1
27,3,1
34,4,1
31,3,1
41,17,1
-300,1,0
-258,35,0
-296,9,0
40,10,1
41,9,1
28,2,1
32,6,1
39,11,1
38,8,1
31,3,1
36,10,1
-255,52,0
25,1,1
35,7,1
43,15,1
32,6,1
29,5,1
28,2,1
24,2,1
-285,22,0
25,1,1
38,12,1
25,1,1
-292,21,0
25,1,1
34,8,1
32,6,1
66,40,1
-297,2,0
34,8,1
36,6,1
39,7,1
-272,41,0
-291,4,0
31,3,1
50,16,1
35,7,1
25,1,1
55,27,1
39,7,1
25,1,1
-300,1,0
28,2,1
25,1,1
25,1,1
-294,3,0
51,11,1
25,1,1
25,1,1
25,1,1
30,8,1
31,3,1
25,1,1
39,11,1
25,1,1
26,16,1
24,2,1
-281,30,0
64,26,1
41,13,1
31,3,1
47,27,1
25,1,1
-284,13,0
25,1,1
-286,15,0
30,4,1
25,1,1
46,28,1
25,1,1
34,8,1
31,3,1
41,13,1
-302,3,0
46,12,1
-275,16,0
-287,12,0
25,1,1
25,1,1
28,2,1
34,8,1
24,2,1
61,33,1
60,34,1
-292,13,0
38,8,1
41,13,1
55,31,1
-295,12,0
47,23,1
27,3,1
-300,1,0
31,3,1
52,22,1
24,2,1
27,3,1
25,1,1
-296,9,0
36,10,1
26,4,1
52,22,1
47,19,1
30,4,1
25,1,1
37,5,1
40,14,1
58,32,1
37,9,1
22,4,1
40,10,1
24,2,1
41,13,1
40,14,1
43,11,1
48,22,1
25,1,1
-294,7,0
41,9,1
25,1,1
-297,6,0
39,15,1
45,25,1
25,1,1
-295,4,0
50,24,1
-299,8,0
25,1,1
25,1,1
49,17,1
69,65,1
36,6,1
44,14,1
-282,27,0
-276,17,0
24,2,1
34,4,1
41,9,1
38,8,1
25,1,1
33,9,1
26,12,1
25,1,1
-282,19,0
31,3,1
-300,1,0
48,30,1
32,10,1
25,1,1
-282,23,0
36,6,1
28,2,1
38,8,1
38,8,1
40,10,1
-301,2,0
-291,16,0
34,12,1
25,1,1
32,6,1
-294,3,0
31,3,1
-269,34,0
35,11,1
27,3,1
27,3,1
32,6,1
56,18,1
-296,5,0
37,9,1
33,5,1
34,4,1
-298,3,0
25,1,1
42,12,1
70,44,1
25,1,1
50,20,1
48,10,1
40,10,1
-292,25,0
24,2,1
28,2,1
36,6,1
31,3,1
27,3,1
28,2,1
44,18,1
32,6,1
42,12,1
72,46,1
28,2,1
30,4,1
44,10,1
33,9,1
-304,9,0
45,13,1
-300,1,0
37,9,1
42,8,1
36,6,1
-286,15,0
25,1,1
40,10,1
33,9,1
27,7,1
57,29,1
40,10,1
-292,5,0
-291,12,0
41,9,1
38,8,1
28,2,1
38,8,1
34,4,1
28,2,1
35,7,1
30,4,1
44,14,1
27,3,1
25,1,1
52,22,1
27,3,1
25,1,1
25,1,1
-296,5,0
28,2,1
25,1,1
54,36,1
24,2,1
35,7,1
72,58,1
28,2,1
31,3,1
37,9,1
-285,18,0
54,24,1
25,1,1
30,4,1
34,4,1
39,15,1
48,14,1
25,1,1
29,5,1
50,40,1
34,8,1
58,28,1
41,9,1
-282,15,0
-296,5,0
28,2,1
-293,6,0
28,2,1
28,2,1
24,2,1
34,8,1
40,10,1
31,3,1
25,1,1
28,2,1
32,6,1
25,1,1
36,14,1
-300,1,0
-295,4,0
52,14,1
25,1,1
28,2,1
37,9,1
47,15,1
57,41,1
40,10,1
-298,3,0
-290,15,0
31,3,1
45,13,1
44,10,1
26,4,1
38,12,1
43,11,1
44,14,1
27,3,1
31,3,1
33,5,1
36,10,1
-300,1,0
25,1,1
31,3,1
-287,28,0
50,20,1
40,10,1
38,8,1
33,5,1
25,1,1
-284,33,0
42,16,1
36,6,1
-296,9,0
-290,11,0
25,1,1
-297,6,0
71,39,1
31,3,1
-294,3,0
25,1,1
-278,23,0
50,24,1
35,7,1
38,8,1
25,1,1
28,6,1
30,8,1
44,14,1
31,3,1
-275,28,0
25,1,1
-300,1,0
-289,10,0
64,30,1
28,6,1
-278,15,0
28,2,1
32,6,1
25,1,1
-290,11,0
25,1,1
-301,2,0
-301,2,0
25,1,1
37,5,1
47,19,1
-287,8,0
30,4,1
25,1,1
28,2,1
36,6,1
25,1,1
43,23,1
27,3,1
25,1,1
-277,26,0
26,4,1
24,2,1
39,7,1
-292,5,0
23,3,1
25,1,1
25,1,1
25,1,1
36,18,1
31,3,1
28,2,1
30,4,1
45,13,1
25,1,1
29,5,1
-301,2,0
-290,15,0
25,1,1
64,34,1
24,2,1
-299,8,0
52,18,1
-262,51,0
35,7,1
24,2,1
24,2,1
25,1,1
57,33,1
33,9,1
55,23,1
40,10,1
28,2,1
39,11,1
-300,1,0
33,5,1
46,16,1
31,3,1
-295,4,0
33,5,1
33,5,1
47,15,1
-297,2,0
26,4,1
28,6,1
53,25,1
38,12,1
44,10,1
-300,1,0
57,33,1
38,16,1
23,3,1
35,7,1
-301,6,0
50,20,1
50,16,1
35,7,1
43,11,1
59,27,1
25,1,1
29,5,1
54,24,1
-296,5,0
25,1,1
43,11,1
25,1,1
-281,22,0
62,28,1
25,1,1
25,1,1
55,31,1
28,2,1
33,13,1
57,21,1
31,3,1
29,5,1
25,1,1
-294,3,0
42,8,1
28,2,1
31,3,1
28,2,1
39,11,1
36,10,1
-290,7,0
55,19,1
39,7,1
50,20,1
-297,2,0
39,7,1
30,8,1
25,1,1
44,10,1
39,11,1
-290,7,0
48,18,1
37,9,1
24,2,1
25,1,1
42,8,1
39,11,1
29,5,1
38,8,1
27,3,1
31,3,1
25,1,1
30,4,1
28,2,1
34,8,1
30,4,1
31,3,1
65,41,1
54,24,1
-300,9,0
60,26,1
33,5,1
55,31,1
44,14,1
47,15,1
35,7,1
-294,11,0
-297,6,0
24,2,1
-298,3,0
33,5,1
34,8,1
33,5,1
28,2,1
47,15,1
24,2,1
31,3,1
27,3,1
50,16,1
36,6,1
-301,2,0
37,9,1
25,1,1
35,7,1
25,1,1
25,1,1
34,4,1
55,23,1
25,1,1
28,2,1
33,9,1
55,19,1
25,1,1
28,2,1
25,1,1
24,2,1
50,16,1
73,49,1
25,1,1
33,5,1
33,5,1
49,21,1
25,1,1
42,8,1
48,18,1
35,7,1
37,9,1
-292,5,0
30,4,1
45,9,1
28,2,1
36,14,1
35,7,1
43,7,1
34,12,1
-293,18,0
28,2,1
-281,18,0
29,5,1
24,2,1
25,1,1
-302,3,0
86,48,1
66,32,1
49,13,1
-300,9,0
65,53,1
42,8,1
25,1,1
50,24,1
34,4,1
32,6,1
25,1,1
24,2,1
25,1,1
34,8,1
48,18,1
50,20,1
25,1,1
39,7,1
38,8,1
25,1,1
55,23,1
38,12,1
28,2,1
58,36,1
72,50,1
42,16,1
-266,27,0
59,35,1
25,1,1
25,1,1
25,1,1
-271,28,0
31,3,1
62,28,1
25,1,1
28,2,1
31,3,1
34,8,1
42,8,1
31,3,1
26,4,1
39,11,1
27,3,1
25,1,1
-300,1,0
25,1,1
31,3,1
71,55,1
-304,5,0
25,1,1
-300,1,0
43,11,1
36,10,1
-285,10,0
25,1,1
-291,8,0
27,3,1
-300,1,0
36,6,1
51,23,1
66,36,1
-295,4,0
26,4,1
-289,18,0
45,13,1
58,24,1
-302,7,0
39,7,1
34,4,1
35,7,1
27,3,1
40,6,1
42,12,1
24,2,1
42,8,1
42,16,1
25,1,1
32,6,1
28,2,1
34,4,1
46,12,1
-281,62,0
29,5,1
38,8,1
-292,5,0
61,25,1
31,3,1
-291,16,0
59,31,1
31,3,1
37,5,1
69,33,1
41,9,1
25,1,1
44,26,1
-301,6,0
31,3,1
25,1,1
37,9,1
57,29,1
43,15,1
25,1,1
25,1,1
33,9,1
32,6,1
40,10,1
31,3,1
-285,14,0
62,36,1
32,6,1
36,6,1
-300,13,0
28,2,1
42,12,1
63,35,1
51,19,1
24,2,1
25,1,1
25,1,1
30,4,1
-287,12,0
31,3,1
-298,3,0
49,17,1
-299,4,0
68,30,1
39,7,1
52,18,1
32,6,1
40,6,1
54,24,1
24,2,1
58,20,1
-300,1,0
28,2,1
27,3,1
25,1,1
-290,7,0
31,3,1
-296,9,0
31,3,1
32,14,1
25,1,1
43,11,1
30,4,1
43,11,1
25,1,1
-300,1,0
31,3,1
36,6,1
62,28,1
-293,10,0
-293,6,0
73,57,1
-283,8,0
-296,9,0
56,30,1
25,1,1
31,3,1
52,14,1
-301,2,0
41,9,1
42,8,1
25,1,1
24,6,1
44,14,1
52,30,1
32,6,1
-277,22,0
25,1,1
-296,25,0
27,3,1
37,5,1
59,27,1
25,1,1
30,4,1
25,1,1
43,11,1
33,5,1
28,2,1
56,30,1
30,4,1
41,9,1
31,3,1
26,4,1
25,1,1
-300,1,0
-298,7,0
39,7,1
42,12,1
27,3,1
45,13,1
43,15,1
-300,1,0
60,30,1
29,5,1
37,5,1
28,2,1
50,28,1
-283,24,0
39,11,1
36,6,1
25,1,1
30,4,1
40,10,1
32,6,1
30,4,1
-277,34,0
66,36,1
25,1,1
40,6,1
37,5,1
28,2,1
42,12,1
48,14,1
30,4,1
33,5,1
35,11,1
50,12,1
27,3,1
-300,1,0
25,1,1
71,51,1
38,8,1
36,6,1
25,1,1
38,8,1
46,16,1
25,1,1
41,9,1
47,23,1
35,7,1
25,1,1
34,4,1
25,1,1
31,3,1
38,8,1
28,6,1
40,10,1
63,27,1
28,2,1
40,6,1
-300,1,0
25,1,1
39,7,1
34,8,1
35,7,1
-302,3,0
57,17,1
38,8,1
28,2,1
25,1,1
38,20,1
32,6,1
38,12,1
32,6,1
51,15,1
36,10,1
-297,2,0
28,6,1
45,9,1
34,4,1
42,8,1
25,1,1
25,1,1
31,3,1
33,5,1
31,3,1
84,50,1
30,4,1
38,8,1
30,4,1
28,2,1
27,3,1
25,1,1
-297,2,0
25,1,1
32,6,1
-298,3,0
-300,1,0
44,18,1
25,1,1
-283,28,0
69,57,1
-285,18,0
49,13,1
127,115,1
24,2,1
-304,5,0
28,6,1
31,3,1
29,21,1
31,3,1
34,4,1
24,2,1
37,5,1
25,1,1
37,5,1
35,11,1
28,2,1
-300,1,0
25,1,1
27,3,1
38,8,1
31,7,1
-300,1,0
23,3,1
-266,27,0
24,2,1
63,35,1
42,16,1
59,23,1
-263,40,0
32,6,1
39,11,1
46,8,1
25,1,1
28,2,1
71,51,1
48,22,1
-286,19,0
28,2,1
28,2,1
34,16,1
-300,1,0
25,1,1
62,28,1
41,13,1
24,2,1
31,3,1
38,12,1
28,2,1
37,5,1
-294,11,0
40,14,1
54,28,1
34,4,1
28,2,1
52,22,1
45,13,1
34,4,1
26,4,1
41,9,1
24,2,1
24,2,1
97,81,1
38,8,1
-286,11,0
48,14,1
35,11,1
-299,4,0
40,14,1
-292,13,0
31,3,1
-298,3,0
38,24,1
58,24,1
53,17,1
30,4,1
55,27,1
45,13,1
27,3,1
-303,8,0
-297,6,0
-291,4,0
36,6,1
38,8,1
57,29,1
25,1,1
56,30,1
28,2,1
30,4,1
43,15,1
-299,4,0
24,2,1
44,26,1
28,2,1
44,14,1
-300,1,0
44,14,1
33,5,1
31,3,1
37,9,1
24,2,1
38,8,1
40,38,1
-301,2,0
-288,9,0
28,2,1
66,48,1
25,1,1
47,15,1
30,4,1
28,2,1
26,4,1
56,34,1
35,7,1
-300,1,0
28,2,1
51,19,1
49,37,1
33,5,1
33,5,1
62,40,1
44,14,1
29,5,1
25,1,1
28,2,1
25,1,1
-292,13,0
39,11,1
30,4,1
-295,8,0
36,10,1
79,47,1
25,1,1
-295,4,0
29,9,1
25,1,1
45,17,1
-298,3,0
34,12,1
25,1,1
52,26,1
28,2,1
-298,11,0
25,1,1
44,18,1
25,1,1
36,6,1
25,1,1
27,3,1
-277,42,0
-290,19,0
57,37,1
28,2,1
45,9,1
25,1,1
42,12,1
27,3,1
25,1,1
33,5,1
25,1,1
34,4,1
40,18,1
24,2,1
38,8,1
31,3,1
67,35,1
-299,8,0
39,7,1
-287,12,0
28,2,1
28,2,1
27,7,1
40,14,1
25,1,1
48,14,1
25,1,1
24,2,1
26,4,1
31,3,1
25,1,1
31,3,1
28,2,1
39,7,1
33,13,1
25,1,1
47,19,1
25,1,1
30,4,1
46,16,1
-300,1,0
54,20,1
43,11,1
64,30,1
25,1,1
36,10,1
25,1,1
24,2,1
37,17,1
25,1,1
28,6,1
47,27,1
55,15,1
28,2,1
28,2,1
25,1,1
31,7,1
35,7,1
38,12,1
34,4,1
25,1,1
34,4,1
38,8,1
50,20,1
-300,1,0
29,5,1
28,2,1
34,4,1
-287,16,0
56,30,1
31,3,1
-300,1,0
39,7,1
24,2,1
41,13,1
32,6,1
59,31,1
58,24,1
-292,17,0
28,2,1
-291,8,0
57,37,1
24,2,1
34,4,1
59,35,1
30,4,1
34,4,1
45,17,1
31,3,1
37,5,1
31,3,1
43,11,1
35,7,1
35,7,1
51,15,1
-276,29,0
28,2,1
40,10,1
-300,1,0
25,1,1
42,8,1
-301,2,0
29,5,1
45,13,1
49,13,1
-294,3,0
25,1,1
25,1,1
25,1,1
32,6,1
57,21,1
28,2,1
-300,1,0
25,1,1
52,18,1
-294,19,0
46,12,1
-277,18,0
51,19,1
28,2,1
60,26,1
41,9,1
37,9,1
43,7,1
35,7,1
28,2,1
-288,37,0
40,6,1
25,1,1
49,13,1
31,3,1
31,7,1
53,21,1
71,35,1
24,2,1
39,11,1
52,18,1
28,6,1
46,12,1
49,17,1
39,7,1
48,22,1
-269,30,0
-300,1,0
24,2,1
41,13,1
-283,24,0
29,5,1
37,13,1
25,1,1
66,36,1
25,1,1
42,16,1
27,3,1
31,3,1
30,4,1
35,7,1
24,2,1
47,11,1
63,27,1
70,40,1
37,5,1
35,7,1
24,2,1
-282,23,0
39,15,1
25,1,1
25,1,1
50,16,1
28,2,1
-294,11,0
44,10,1
28,2,1
40,10,1
49,21,1
45,13,1
33,5,1
45,13,1
25,1,1
33,9,1
31,3,1
-292,9,0
-289,30,0
28,2,1
-293,6,0
56,26,1
67,31,1
63,27,1
41,9,1
32,6,1
39,7,1
36,6,1
35,7,1
70,32,1
33,9,1
-301,2,0
-273,18,0
41,9,1
25,1,1
24,2,1
25,1,1
-293,10,0
-298,7,0
42,8,1
61,25,1
-300,1,0
26,4,1
34,4,1
30,4,1
28,2,1
28,2,1
52,30,1
38,12,1
54,16,1
48,14,1
38,8,1
53,17,1
61,29,1
44,10,1
34,4,1
61,37,1
25,1,1
46,12,1
37,25,1
30,4,1
-301,2,0
33,5,1
25,1,1
-284,21,0
31,3,1
33,5,1
60,26,1
25,1,1
33,5,1
-287,8,0
52,42,1
-300,1,0
52,22,1
39,11,1
31,3,1
47,23,1
34,4,1
34,4,1
25,1,1
33,5,1
-302,3,0
32,10,1
72,50,1
-300,1,0
25,1,1
31,3,1
45,13,1
25,1,1
25,1,1
32,6,1
31,3,1
-292,5,0
44,22,1
37,5,1
35,7,1
43,11,1
48,14,1
25,1,1
-290,11,0
46,16,1
25,1,1
28,2,1
65,33,1
28,2,1
-284,37,0
48,14,1
28,2,1
27,3,1
60,26,1
35,7,1
27,3,1
49,13,1
46,8,1
53,17,1
-265,30,0
55,39,1
24,2,1
37,5,1
25,1,1
25,1,1
-294,7,0
25,1,1
31,3,1
31,7,1
44,10,1
57,37,1
31,7,1
62,40,1
27,3,1
30,4,1
38,8,1
25,1,1
-306,7,0
-261,62,0
59,31,1
25,1,1
25,1,1
25,1,1
30,4,1
30,8,1
37,5,1
31,3,1
25,1,1
51,23,1
58,28,1
25,1,1
-267,36,0
50,12,1
26,4,1
26,4,1
40,10,1
25,1,1
24,2,1
52,14,1
29,5,1
25,1,1
25,1,1
25,1,1
25,1,1
31,3,1
41,13,1
37,5,1
27,3,1
30,8,1
25,1,1
58,20,1
46,16,1
28,2,1
61,57,1
56,26,1
32,6,1
28,2,1
40,10,1
28,2,1
39,11,1
25,1,1
45,13,1
25,1,1
28,2,1
36,6,1
42,16,1
28,2,1
33,9,1
31,3,1
-295,4,0
25,1,1
35,15,1
-285,10,0
33,5,1
46,16,1
40,6,1
-290,15,0
25,1,1
57,25,1
-302,3,0
25,1,1
31,3,1
41,9,1
47,11,1
38,12,1
53,29,1
62,32,1
34,4,1
70,36,1
49,13,1
40,10,1
37,5,1
28,2,1
53,21,1
44,14,1
25,1,1
-293,6,0
51,15,1
38,8,1
61,33,1
37,9,1
25,1,1
34,8,1
40,10,1
51,23,1
-296,9,0
48,18,1
35,11,1
31,3,1
55,19,1
26,4,1
47,15,1
31,3,1
31,3,1
-300,1,0
34,4,1
45,17,1
31,3,1
48,22,1
33,5,1
-285,10,0
31,3,1
25,1,1
51,19,1
55,19,1
-294,7,0
41,17,1
38,8,1
28,2,1
37,5,1
42,8,1
32,6,1
40,10,1
25,1,1
24,2,1
37,5,1
47,15,1
43,11,1
34,4,1
43,7,1
36,6,1
25,1,1
25,1,1
47,19,1
-300,1,0
38,8,1
48,22,1
40,6,1
40,14,1
28,2,1
49,33,1
28,2,1
58,24,1
39,11,1
75,51,1
51,23,1
25,1,1
32,6,1
25,1,1
36,10,1
-291,4,0
-294,7,0
36,6,1
35,11,1
50,12,1
50,28,1
28,2,1
-304,5,0
45,21,1
31,3,1
60,30,1
37,5,1
57,25,1
45,21,1
-286,23,0
47,15,1
-291,4,0
25,1,1
42,8,1
25,1,1
39,7,1
50,16,1
24,2,1
25,1,1
33,5,1
70,44,1
23,3,1
28,2,1
34,4,1
38,8,1
42,12,1
31,3,1
30,4,1
-287,16,0
-303,4,0
60,26,1
33,5,1
52,26,1
34,12,1
-301,2,0
31,3,1
31,7,1
34,4,1
24,2,1
40,10,1
36,6,1
41,9,1
35,7,1
36,10,1
25,1,1
43,11,1
47,11,1
25,1,1
38,12,1
40,6,1
66,40,1
40,10,1
30,4,1
28,2,1
30,4,1
-295,12,0
44,22,1
37,9,1
46,8,1
41,13,1
28,2,1
35,7,1
-266,39,0
39,11,1
28,2,1
68,30,1
33,5,1
50,20,1
-300,1,0
25,1,1
30,4,1
27,7,1
44,14,1
25,1,1
60,22,1
41,17,1
-300,1,0
28,2,1
25,1,1
25,1,1
-276,21,0
46,28,1
33,9,1
-288,9,0
36,6,1
27,3,1
25,1,1
44,22,1
44,10,1
68,42,1
26,4,1
60,30,1
-289,10,0
-298,3,0
32,6,1
-291,16,0
47,19,1
25,1,1
25,1,1
31,3,1
-288,9,0
51,15,1
28,2,1
82,56,1
53,49,1
52,26,1
25,1,1
62,24,1
55,27,1
38,8,1
-288,13,0
25,1,1
42,12,1
25,1,1
-298,3,0
54,20,1
37,9,1
43,23,1
34,8,1
-299,4,0
36,6,1
37,9,1
46,12,1
28,2,1
28,2,1
33,5,1
37,9,1
24,2,1
25,1,1
34,4,1
31,3,1
28,2,1
25,1,1
-289,10,0
-296,5,0
28,2,1
28,2,1
33,9,1
-285,6,0
24,2,1
68,30,1
24,2,1
36,10,1
24,2,1
25,1,1
33,5,1
33,5,1
45,13,1
25,1,1
28,2,1
40,10,1
28,2,1
24,2,1
31,3,1
50,36,1
31,7,1
28,2,1
46,12,1
24,2,1
31,3,1
53,29,1
27,3,1
-240,65,0
34,4,1
50,24,1
43,11,1
33,5,1
46,12,1
49,17,1
65,29,1
28,2,1
28,2,1
49,21,1
24,2,1
36,6,1
65,33,1
-275,44,0
33,5,1
-301,2,0
-282,15,0
31,3,1
52,18,1
33,9,1
31,3,1
40,10,1
25,1,1
34,4,1
25,1,1
31,7,1
36,10,1
-301,6,0
37,9,1
40,14,1
-303,12,0
36,6,1
24,2,1
29,5,1
25,1,1
25,1,1
33,5,1
25,1,1
28,2,1
54,20,1
28,2,1
-280,21,0
42,12,1
-300,5,0
28,2,1
-300,1,0
42,8,1
64,42,1
38,8,1
49,13,1
42,8,1
27,3,1
25,1,1
43,7,1
40,6,1
54,24,1
47,19,1
67,35,1
25,1,1
-302,3,0
37,5,1
-294,7,0
39,11,1
37,13,1
49,13,1
47,19,1
-293,14,0
25,1,1
32,6,1
25,1,1
71,43,1
-278,15,0
-283,12,0
50,20,1
47,11,1
33,5,1
31,3,1
31,3,1
28,2,1
-300,1,0
30,8,1
33,5,1
61,33,1
25,1,1
54,20,1
27,3,1
25,1,1
37,5,1
31,3,1
42,12,1
25,1,1
28,2,1
25,1,1
28,2,1
34,4,1
-300,1,0
25,1,1
28,2,1
-290,7,0
55,31,1
51,23,1
59,27,1
25,1,1
55,31,1
71,47,1
30,4,1
25,1,1
25,1,1
27,3,1
35,7,1
43,7,1
25,1,1
34,4,1
25,1,1
28,2,1
29,5,1
50,20,1
24,2,1
50,20,1
37,9,1
25,1,1
33,5,1
49,17,1
41,9,1
34,4,1
-299,4,0
28,2,1
-288,5,0
-300,1,0
40,6,1
69,61,1
39,11,1
31,3,1
54,24,1
42,8,1
25,1,1
33,9,1
34,8,1
24,2,1
42,8,1
34,4,1
28,2,1
28,2,1
36,6,1
25,1,1
60,34,1
34,4,1
51,23,1
58,28,1
34,4,1
28,2,1
38,8,1
-299,4,0
49,17,1
49,17,1
-300,1,0
25,1,1
71,43,1
31,3,1
42,12,1
25,1,1
45,9,1
31,3,1
37,5,1
-296,9,0
31,3,1
25,1,1
-299,4,0
24,2,1
25,1,1
56,38,1
24,2,1
49,13,1
42,8,1
40,6,1
27,3,1
48,14,1
25,1,1
-297,2,0
-295,4,0
38,8,1
34,4,1
28,2,1
25,1,1
39,7,1
36,14,1
-299,4,0
25,1,1
-300,1,0
38,8,1
42,12,1
35,7,1
29,13,1
-286,27,0
43,11,1
-290,11,0
25,1,1
47,11,1
-297,2,0
28,2,1
25,1,1
37,9,1
32,10,1
24,2,1
37,13,1
55,19,1
-286,19,0
33,5,1
51,23,1
25,1,1
34,4,1
54,24,1
25,1,1
31,11,1
-293,6,0
25,1,1
25,1,1
-301,10,0
25,1,1
34,4,1
24,2,1
-300,1,0
34,12,1
41,9,1
42,12,1
28,2,1
34,4,1
25,1,1
68,34,1
-300,1,0
-277,34,0
-300,1,0
28,2,1
-280,33,0
-301,2,0
31,3,1
25,1,1
60,34,1
28,2,1
31,3,1
51,19,1
33,5,1
-291,20,0
49,17,1
46,16,1
30,12,1
25,1,1
36,6,1
-292,5,0
44,10,1
45,17,1
-300,1,0
63,39,1
28,2,1
-291,12,0
25,1,1
28,2,1
24,2,1
-294,3,0
35,7,1
-296,5,0
-304,9,0
25,1,1
25,1,1
33,5,1
40,6,1
40,6,1
34,8,1
31,3,1
25,1,1
39,7,1
32,6,1
34,4,1
25,1,1
33,13,1
41,9,1
38,12,1
35,7,1
40,10,1
31,3,1
30,4,1
65,33,1
31,7,1
44,10,1
30,4,1
28,2,1
44,18,1
24,2,1
-295,8,0
59,23,1
40,18,1
46,16,1
25,1,1
33,5,1
44,10,1
24,2,1
42,8,1
43,11,1
-290,19,0
25,1,1
25,1,1
31,7,1
-297,6,0
36,6,1
40,14,1
51,15,1
28,2,1
-298,3,0
31,3,1
40,10,1
25,1,1
30,4,1
-297,2,0
31,3,1
28,2,1
25,1,1
-287,24,0
39,23,1
48,10,1
31,3,1
31,3,1
-290,11,0
25,1,1
-301,2,0
42,20,1
25,1,1
25,1,1
36,6,1
52,22,1
28,2,1
-294,7,0
28,2,1
29,5,1
31,3,1
49,17,1
28,2,1
24,2,1
48,22,1
27,3,1
38,16,1
39,11,1
31,3,1
65,41,1
25,1,1
-302,3,0
28,2,1
24,2,1
36,6,1
25,1,1
39,19,1
43,11,1
25,1,1
25,1,1
27,3,1
25,1,1
31,3,1
47,11,1
41,9,1
25,1,1
-300,1,0
31,3,1
27,3,1
48,14,1
24,2,1
25,1,1
25,1,1
28,2,1
31,3,1
26,4,1
31,3,1
45,13,1
32,6,1
-301,34,0
33,5,1
43,15,1
-300,1,0
30,4,1
57,37,1
58,36,1
-288,17,0
29,5,1
40,18,1
-297,6,0
25,1,1
25,1,1
44,10,1
40,14,1
58,28,1
25,1,1
31,3,1
47,11,1
25,1,1
48,14,1
33,5,1
24,2,1
33,5,1
43,19,1
40,6,1
55,23,1
52,22,1
45,17,1
52,14,1
36,6,1
25,1,1
73,41,1
-300,1,0
25,1,1
-300,1,0
50,12,1
28,2,1
35,23,1
25,1,1
58,20,1
28,2,1
37,5,1
35,7,1
33,5,1
25,1,1
44,10,1
33,5,1
-300,1,0
31,3,1
40,18,1
36,6,1
34,8,1
37,5,1
-300,1,0
38,8,1
-300,1,0
25,1,1
49,21,1
-279,20,0
30,4,1
34,4,1
55,27,1
33,5,1
-290,23,0
28,2,1
25,1,1
-296,5,0
57,29,1
58,20,1
25,1,1
28,2,1
34,4,1
25,1,1
31,3,1
33,9,1
35,7,1
47,19,1
-279,28,0
33,9,1
60,22,1
31,3,1
25,1,1
34,4,1
39,7,1
31,3,1
43,15,1
30,4,1
24,2,1
50,32,1
28,2,1
25,1,1
25,1,1
64,30,1
39,7,1
31,3,1
-301,2,0
27,3,1
-297,6,0
25,1,1
28,2,1
36,6,1
36,6,1
32,6,1
46,8,1
-302,3,0
34,4,1
-297,6,0
28,2,1
-299,4,0
25,1,1
34,12,1
27,3,1
25,1,1
57,25,1
-286,11,0
34,4,1
29,5,1
50,16,1
28,2,1
24,2,1
-284,13,0
38,8,1
46,16,1
-264,29,0
-299,4,0
28,2,1
-294,11,0
28,2,1
25,1,1
32,10,1
41,9,1
30,16,1
-271,36,0
-299,4,0
52,42,1
32,6,1
37,9,1
25,1,1
27,3,1
50,16,1
28,2,1
25,1,1
31,3,1
37,9,1
50,16,1
-283,24,0
39,7,1
33,5,1
36,6,1
24,2,1
-298,7,0
-300,5,0
25,1,1
-283,12,0
25,1,1
25,1,1
29,5,1
31,3,1
42,16,1
33,5,1
27,3,1
43,19,1
37,5,1
35,7,1
30,4,1
40,10,1
30,12,1
-299,8,0
34,4,1
25,1,1
37,5,1
28,2,1
61,33,1
-291,8,0
37,5,1
37,9,1
33,5,1
43,19,1
39,7,1
31,3,1
25,1,1
25,1,1
54,16,1
25,1,1
31,3,1
25,1,1
31,3,1
52,18,1
40,10,1
48,22,1
25,1,1
34,4,1
53,21,1
31,3,1
-291,4,0
-290,7,0
25,1,1
47,11,1
44,10,1
50,16,1
31,3,1
41,13,1
-298,3,0
25,5,1
43,11,1
25,1,1
34,8,1
32,6,1
33,9,1
-294,15,0
34,12,1
28,2,1
25,1,1
25,1,1
37,5,1
31,3,1
60,26,1
25,1,1
43,11,1
34,4,1
36,10,1
31,3,1
25,1,1
31,3,1
25,1,1
26,4,1
35,7,1
55,27,1
25,1,1
25,1,1
44,10,1
43,19,1
-286,11,0
24,2,1
55,23,1
83,79,1
52,18,1
47,11,1
43,11,1
32,6,1
30,4,1
-283,16,0
36,6,1
54,16,1
-295,8,0
52,14,1
30,4,1
28,2,1
34,4,1
25,1,1
25,1,1
30,4,1
25,1,1
33,5,1
62,28,1
30,4,1
35,7,1
24,2,1
34,4,1
33,5,1
-297,2,0
38,24,1
46,12,1
-274,15,0
44,10,1
24,2,1
40,10,1
24,2,1
25,1,1
36,6,1
25,1,1
32,6,1
51,23,1
30,4,1
33,5,1
32,6,1
36,6,1
-301,2,0
25,1,1
31,3,1
46,20,1
64,30,1
42,12,1
31,3,1
34,8,1
25,1,1
47,23,1
25,1,1
-278,15,0
-286,11,0
58,28,1
-292,17,0
34,4,1
34,4,1
24,2,1
39,7,1
47,23,1
28,2,1
43,7,1
31,3,1
37,9,1
26,4,1
62,28,1
72,42,1
44,18,1
42,16,1
60,50,1
28,2,1
44,10,1
28,2,1
24,2,1
25,1,1
30,4,1
31,3,1
38,8,1
-296,5,0
36,10,1
36,6,1
44,10,1
43,11,1
28,2,1
49,17,1
-288,9,0
60,26,1
24,2,1
24,2,1
37,5,1
47,19,1
24,10,1
38,8,1
41,13,1
34,8,1
33,9,1
33,5,1
-297,10,0
36,14,1
41,41,1
42,12,1
31,3,1
25,1,1
57,29,1
34,4,1
43,7,1
28,2,1
34,8,1
28,2,1
28,2,1
28,2,1
31,3,1
44,10,1
42,8,1
46,20,1
68,42,1
25,1,1
33,5,1
-301,2,0
42,12,1
27,3,1
32,6,1
-287,8,0
42,8,1
57,21,1
28,2,1
56,34,1
50,24,1
30,4,1
-297,14,0
28,2,1
45,13,1
41,9,1
35,7,1
37,9,1
40,18,1
25,1,1
-273,66,0
-292,13,0
39,15,1
55,35,1
27,3,1
25,1,1
61,21,1
28,2,1
39,11,1
40,6,1
-286,7,0
30,4,1
28,2,1
-292,9,0
-283,20,0
48,14,1
25,1,1
28,2,1
36,6,1
38,8,1
-296,5,0
33,9,1
25,9,1
-299,4,0
36,6,1
25,1,1
42,12,1
44,22,1
-296,45,0
31,3,1
-302,3,0
36,22,1
41,9,1
31,3,1
68,38,1
42,12,1
-291,4,0
102,84,1
38,8,1
37,9,1
45,13,1
28,2,1
24,2,1
24,2,1
28,2,1
-268,29,0
36,10,1
41,13,1
27,3,1
44,14,1
30,4,1
49,25,1
36,42,1
50,16,1
25,1,1
47,19,1
-298,7,0
25,1,1
53,21,1
40,6,1
24,2,1
46,20,1
37,9,1
-283,16,0
25,1,1
55,27,1
36,6,1
-289,18,0
26,4,1
33,5,1
28,2,1
50,16,1
60,22,1
26,8,1
31,3,1
-298,3,0
46,20,1
-263,60,0
58,28,1
42,12,1
67,39,1
25,1,1
31,3,1
46,8,1
53,17,1
31,3,1
25,1,1
-287,24,0
34,4,1
24,2,1
43,15,1
25,1,1
46,12,1
76,50,1
24,2,1
25,9,1
52,26,1
31,3,1
37,5,1
28,2,1
28,2,1
33,5,1
25,1,1
25,1,1
-294,11,0
25,1,1
50,24,1
43,11,1
31,3,1
65,25,1
72,70,1
27,3,1
29,5,1
31,3,1
28,2,1
65,37,1
28,2,1
36,14,1
30,4,1
36,10,1
39,7,1
28,6,1
-295,8,0
50,24,1
28,2,1
25,1,1
28,2,1
25,1,1
28,2,1
31,7,1
29,5,1
37,5,1
-299,4,0
25,1,1
27,3,1
37,9,1
25,1,1
31,3,1
-290,11,0
37,5,1
45,29,1
29,5,1
28,2,1
24,2,1
57,25,1
34,8,1
31,3,1
42,12,1
28,2,1
28,2,1
28,2,1
24,2,1
60,22,1
42,12,1
105,77,1
-301,2,0
25,1,1
25,1,1
44,14,1
-292,9,0
38,8,1
23,3,1
58,28,1
34,4,1
28,2,1
-294,11,0
50,16,1
39,7,1
28,2,1
24,2,1
38,8,1
33,5,1
28,2,1
55,23,1
36,6,1
31,11,1
41,9,1
-294,19,0
40,6,1
61,25,1
27,3,1
50,16,1
-292,5,0
59,31,1
39,15,1
36,6,1
46,12,1
44,14,1
34,4,1
25,1,1
40,6,1
41,9,1
36,6,1
24,2,1
41,13,1
49,21,1
28,2,1
25,1,1
39,11,1
31,3,1
25,1,1
28,2,1
27,3,1
36,6,1
68,42,1
28,2,1
30,4,1
47,15,1
39,7,1
31,3,1
35,7,1
-297,6,0
43,11,1
24,2,1
39,7,1
44,14,1
-296,5,0
31,3,1
36,6,1
-300,1,0
75,63,1
34,4,1
24,2,1
-294,11,0
27,3,1
31,3,1
28,2,1
46,16,1
28,2,1
25,1,1
56,14,1
30,4,1
31,3,1
52,22,1
43,19,1
46,16,1
41,9,1
25,1,1
-286,11,0
35,7,1
33,5,1
43,11,1
-301,2,0
31,3,1
-300,1,0
33,5,1
25,1,1
67,31,1
46,12,1
41,25,1
30,8,1
25,1,1
25,1,1
36,6,1
50,16,1
-279,12,0
63,35,1
45,13,1
55,23,1
35,11,1
25,1,1
-292,21,0
34,4,1
25,1,1
34,4,1
-268,45,0
42,8,1
25,1,1
42,8,1
40,18,1
30,4,1
-288,9,0
31,3,1
35,7,1
47,11,1
92,70,1
52,30,1
33,5,1
37,13,1
42,8,1
49,13,1
47,23,1
33,5,1
43,11,1
31,3,1
29,5,1
34,4,1
32,6,1
31,3,1
36,6,1
28,2,1
25,1,1
57,17,1
37,9,1
-306,7,0
38,8,1
25,1,1
-281,18,0
38,8,1
57,33,1
25,1,1
-271,32,0
31,7,1
31,3,1
24,2,1
29,5,1
52,14,1
24,2,1
25,1,1
31,3,1
34,4,1
37,5,1
25,1,1
30,4,1
37,5,1
24,2,1
30,4,1
-300,1,0
25,1,1
-295,4,0
46,12,1
43,11,1
25,1,1
34,8,1
-303,4,0
34,4,1
32,6,1
25,1,1
31,3,1
34,8,1
34,4,1
40,6,1
46,8,1
33,5,1
50,12,1
42,12,1
34,8,1
36,10,1
40,6,1
40,10,1
-300,1,0
46,16,1
37,9,1
39,11,1
49,21,1
25,1,1
-294,7,0
31,3,1
36,6,1
31,3,1
-301,2,0
25,1,1
31,3,1
24,2,1
25,1,1
38,12,1
40,18,1
-286,7,0
25,1,1
25,1,1
-291,8,0
41,13,1
32,6,1
-296,5,0
39,15,1
33,5,1
41,13,1
41,13,1
41,9,1
-292,5,0
50,12,1
30,4,1
43,19,1
48,18,1
-278,15,0
25,1,1
30,8,1
-266,23,0
47,27,1
38,8,1
25,1,1
25,1,1
44,14,1
28,2,1
38,8,1
34,4,1
37,5,1
35,7,1
37,9,1
50,20,1
25,1,1
25,1,1
36,6,1
36,6,1
52,34,1
40,18,1
24,2,1
28,2,1
-292,9,0
31,3,1
25,1,1
58,24,1
-300,1,0
39,7,1
26,4,1
31,3,1
25,1,1
56,18,1
37,5,1
41,9,1
30,4,1
25,1,1
42,16,1
25,1,1
-286,19,0
73,45,1
67,43,1
31,3,1
-285,14,0
32,6,1
42,16,1
37,5,1
38,8,1
28,2,1
42,8,1
36,6,1
37,5,1
-292,9,0
25,1,1
-303,4,0
-300,1,0
25,1,1
-297,14,0
-297,2,0
57,25,1
-297,6,0
25,1,1
28,2,1
-252,49,0
34,8,1
45,17,1
-300,5,0
52,22,1
25,1,1
50,24,1
46,20,1
34,4,1
28,2,1
43,15,1
31,3,1
45,13,1
35,11,1
33,5,1
28,2,1
25,1,1
31,3,1
33,5,1
40,6,1
89,61,1
64,54,1
56,38,1
27,3,1
47,23,1
32,6,1
44,14,1
38,8,1
46,12,1
28,2,1
34,8,1
39,15,1
-294,7,0
23,3,1
37,5,1
63,27,1
37,13,1
28,2,1
24,2,1
-295,8,0
56,22,1
25,1,1
-289,18,0
35,11,1
59,19,1
-289,10,0
34,4,1
32,6,1
-292,9,0
42,8,1
41,17,1
24,6,1
53,25,1
55,19,1
25,1,1
28,2,1
75,47,1
-298,3,0
54,28,1
-300,1,0
25,1,1
39,7,1
40,6,1
-298,7,0
25,1,1
25,1,1
-292,5,0
-295,4,0
36,10,1
28,2,1
30,4,1
38,8,1
57,21,1
36,6,1
35,7,1
25,1,1
28,2,1
34,8,1
28,6,1
42,12,1
27,3,1
25,1,1
44,10,1
37,5,1
31,3,1
45,13,1
65,37,1
24,2,1
28,6,1
25,1,1
28,2,1
33,5,1
31,3,1
63,35,1
34,4,1
46,20,1
69,45,1
32,6,1
31,3,1
25,1,1
44,18,1
-300,5,0
25,1,1
24,2,1
48,22,1
25,1,1
52,18,1
34,4,1
49,17,1
37,5,1
39,7,1
55,19,1
-300,1,0
39,7,1
-291,8,0
47,11,1
24,2,1
28,10,1
25,1,1
69,37,1
31,3,1
41,17,1
41,17,1
32,6,1
-300,1,0
31,7,1
55,19,1
25,1,1
28,2,1
24,2,1
25,1,1
28,2,1
36,6,1
54,16,1
48,14,1
25,1,1
34,20,1
53,25,1
25,1,1
28,2,1
24,2,1
25,1,1
32,6,1
28,6,1
71,47,1
38,8,1
-299,4,0
24,2,1
30,4,1
37,9,1
25,1,1
28,2,1
24,2,1
38,8,1
33,5,1
31,3,1
54,20,1
35,7,1
28,2,1
55,27,1
-296,5,0
28,2,1
25,1,1
31,7,1
25,1,1
24,2,1
37,5,1
38,8,1
42,20,1
34,4,1
36,6,1
36,6,1
36,14,1
25,1,1
32,6,1
28,2,1
40,6,1
25,1,1
25,1,1
-290,7,0
28,2,1
27,3,1
28,2,1
56,30,1
28,2,1
31,3,1
69,33,1
37,9,1
-295,8,0
90,72,1
35,7,1
25,1,1
26,4,1
25,1,1
39,11,1
31,7,1
31,3,1
23,3,1
-296,5,0
39,7,1
25,1,1
30,4,1
44,14,1
28,2,1
44,10,1
-290,7,0
40,10,1
33,5,1
31,3,1
25,1,1
30,8,1
-298,3,0
45,17,1
46,24,1
37,13,1
-302,3,0
30,4,1
46,20,1
66,32,1
49,17,1
46,16,1
51,15,1
48,30,1
25,1,1
35,7,1
61,29,1
30,4,1
36,10,1
28,2,1
31,3,1
28,2,1
34,4,1
41,13,1
37,5,1
47,23,1
40,14,1
36,6,1
43,11,1
25,1,1
41,13,1
40,6,1
34,4,1
31,3,1
28,2,1
28,6,1
24,2,1
-299,4,0
49,17,1
25,1,1
41,9,1
43,11,1
66,40,1
35,7,1
25,5,1
31,3,1
28,2,1
49,21,1
25,1,1
24,2,1
25,1,1
-297,2,0
31,3,1
34,4,1
59,43,1
82,64,1
30,4,1
34,8,1
34,8,1
25,1,1
28,2,1
25,1,1
43,11,1
28,6,1
26,4,1
26,4,1
45,13,1
44,14,1
33,5,1
43,7,1
51,15,1
-298,3,0
37,9,1
25,1,1
-300,1,0
33,5,1
24,2,1
56,18,1
57,33,1
25,1,1
34,4,1
37,9,1
25,1,1
-295,4,0
43,11,1
44,14,1
41,9,1
25,1,1
28,2,1
49,17,1
28,2,1
31,3,1
-298,3,0
60,26,1
-297,6,0
25,1,1
25,1,1
34,4,1
47,19,1
26,4,1
49,13,1
31,3,1
40,6,1
25,1,1
27,3,1
25,1,1
36,6,1
60,30,1
44,22,1
57,33,1
58,28,1
38,12,1
38,8,1
28,2,1
39,7,1
25,1,1
25,1,1
28,2,1
-293,6,0
-302,3,0
42,12,1
40,10,1
38,8,1
28,2,1
37,5,1
61,33,1
41,9,1
31,3,1
39,11,1
25,1,1
40,10,1
46,16,1
25,1,1
33,5,1
28,2,1
47,11,1
34,4,1
34,4,1
-293,6,0
50,16,1
42,12,1
45,9,1
32,6,1
25,1,1
33,5,1
31,3,1
37,9,1
25,1,1
53,25,1
42,12,1
-295,8,0
28,2,1
28,2,1
40,6,1
25,1,1
44,10,1
39,7,1
33,13,1
-295,12,0
-304,5,0
-292,5,0
39,7,1
40,6,1
29,5,1
25,1,1
47,23,1
42,8,1
25,5,1
45,9,1
44,14,1
27,3,1
-300,1,0
34,8,1
51,11,1
44,18,1
54,24,1
25,1,1
33,5,1
25,1,1
45,17,1
-293,6,0
38,12,1
24,2,1
25,1,1
25,1,1
25,1,1
42,8,1
40,6,1
-266,23,0
34,8,1
25,1,1
25,1,1
-300,1,0
40,10,1
52,18,1
42,8,1
25,1,1
24,2,1
47,11,1
25,1,1
34,4,1
27,3,1
34,4,1
40,14,1
34,8,1
25,1,1
42,8,1
25,1,1
31,3,1
26,4,1
43,11,1
31,3,1
38,16,1
36,14,1
39,11,1
34,4,1
53,21,1
37,5,1
37,5,1
25,1,1
25,1,1
25,1,1
50,28,1
53,13,1
25,1,1
42,12,1
35,7,1
38,8,1
36,6,1
-286,15,0
48,18,1
36,6,1
43,11,1
36,6,1
40,10,1
36,6,1
33,5,1
24,2,1
33,5,1
37,9,1
41,9,1
-294,19,0
25,1,1
27,3,1
45,13,1
25,1,1
42,8,1
52,18,1
36,6,1
31,3,1
28,2,1
-282,15,0
42,8,1
25,1,1
32,6,1
25,1,1
25,1,1
34,4,1
-298,7,0
25,1,1
25,1,1
53,17,1
33,5,1
31,3,1
28,2,1
31,7,1
25,1,1
55,23,1
30,4,1
25,1,1
24,2,1
37,9,1
25,1,1
25,1,1
-298,3,0
37,5,1
25,1,1
-298,3,0
25,1,1
36,10,1
24,2,1
57,25,1
66,28,1
39,7,1
28,2,1
26,8,1
28,2,1
52,14,1
30,4,1
28,2,1
28,2,1
31,3,1
25,1,1
40,10,1
33,5,1
25,1,1
58,20,1
34,4,1
25,1,1
57,17,1
-296,13,0
-300,1,0
40,10,1
-275,24,0
25,1,1
50,20,1
46,12,1
47,15,1
24,2,1
24,2,1
-296,5,0
30,4,1
47,19,1
24,2,1
42,8,1
54,24,1
-299,4,0
28,2,1
33,5,1
30,4,1
60,30,1
33,5,1
30,4,1
39,11,1
51,35,1
48,18,1
25,1,1
38,8,1
25,1,1
26,8,1
43,11,1
54,16,1
32,6,1
25,1,1
28,2,1
31,3,1
33,5,1
44,10,1
44,14,1
25,1,1
31,7,1
67,39,1
28,2,1
44,10,1
28,2,1
98,88,1
44,14,1
25,1,1
31,3,1
-291,28,0
36,6,1
25,1,1
27,3,1
33,5,1
43,7,1
53,21,1
51,23,1
43,23,1
31,7,1
31,3,1
48,14,1
25,1,1
26,4,1
25,1,1
33,5,1
33,5,1
25,1,1
45,17,1
25,1,1
47,15,1
49,17,1
25,1,1
39,15,1
25,5,1
40,10,1
44,18,1
38,16,1
38,8,1
33,5,1
45,9,1
25,1,1
44,10,1
45,13,1
28,2,1
37,13,1
48,18,1
25,1,1
-300,1,0
38,12,1
38,12,1
42,8,1
24,2,1
25,1,1
25,1,1
40,30,1
60,90,1
-298,3,0
39,7,1
45,13,1
-298,3,0
62,28,1
41,9,1
25,1,1
64,38,1
25,1,1
55,19,1
37,9,1
32,6,1
40,10,1
25,1,1
51,19,1
25,1,1
25,1,1
24,2,1
-299,4,0
28,2,1
44,14,1
41,13,1
48,10,1
46,16,1
34,4,1
38,8,1
31,3,1
52,22,1
25,1,1
26,4,1
28,2,1
54,28,1
25,1,1
25,13,1
25,1,1
46,12,1
-278,19,0
29,5,1
-298,3,0
60,30,1
51,19,1
36,6,1
25,1,1
42,12,1
33,5,1
30,4,1
30,4,1
84,50,1
37,5,1
58,32,1
57,29,1
43,11,1
-300,1,0
24,2,1
38,8,1
-277,38,0
52,18,1
25,1,1
36,6,1
32,10,1
25,1,1
36,10,1
42,12,1
-300,1,0
25,1,1
36,18,1
59,43,1
27,3,1
28,2,1
45,13,1
25,1,1
60,26,1
53,21,1
52,18,1
28,2,1
-298,3,0
-300,1,0
31,3,1
32,6,1
34,4,1
60,38,1
53,45,1
25,1,1
48,10,1
33,5,1
28,2,1
25,1,1
38,8,1
-276,13,0
42,8,1
-292,5,0
31,3,1
47,15,1
37,5,1
31,3,1
28,2,1
25,1,1
31,3,1
27,3,1
28,2,1
31,3,1
71,35,1
25,1,1
45,9,1
-296,9,0
36,6,1
27,3,1
32,6,1
28,6,1
52,18,1
28,2,1
25,1,1
52,14,1
40,6,1
34,8,1
-295,4,0
24,2,1
31,3,1
24,2,1
87,79,1
55,27,1
35,7,1
36,6,1
49,25,1
25,1,1
25,1,1
56,22,1
28,2,1
28,2,1
25,1,1
31,3,1
47,19,1
47,15,1
23,3,1
38,8,1
28,2,1
25,1,1
28,2,1
39,11,1
-298,3,0
39,7,1
60,34,1
25,1,1
25,1,1
33,5,1
49,17,1
44,14,1
28,2,1
28,2,1
25,1,1
48,26,1
48,14,1
-254,35,0
38,8,1
43,15,1
38,8,1
25,1,1
31,3,1
51,15,1
33,5,1
38,8,1
40,6,1
31,3,1
35,7,1
49,13,1
34,4,1
34,4,1
36,10,1
33,5,1
-281,18,0
56,26,1
37,9,1
43,23,1
34,4,1
27,3,1
37,5,1
28,2,1
48,14,1
28,2,1
31,3,1
39,11,1
25,1,1
43,15,1
25,1,1
25,1,1
-295,8,0
25,1,1
30,4,1
28,2,1
40,10,1
37,5,1
-300,1,0
38,12,1
58,28,1
58,28,1
68,34,1
29,5,1
-300,1,0
39,11,1
34,4,1
30,4,1
61,25,1
40,14,1
28,2,1
49,17,1
25,1,1
41,13,1
28,2,1
-295,4,0
28,2,1
-285,10,0
27,7,1
25,1,1
98,60,1
31,7,1
49,17,1
40,6,1
35,11,1
28,2,1
-300,1,0
28,2,1
33,5,1
-302,3,0
41,9,1
28,2,1
56,30,1
28,2,1
37,5,1
33,5,1
40,6,1
54,24,1
30,4,1
25,1,1
25,1,1
39,7,1
25,1,1
30,4,1
24,2,1
-292,5,0
28,2,1
33,9,1
24,2,1
25,1,1
-297,2,0
27,7,1
-297,2,0
30,4,1
31,3,1
-256,49,0
25,1,1
28,2,1
-296,5,0
25,1,1
33,5,1
66,28,1
51,31,1
44,26,1
37,17,1
36,10,1
25,1,1
49,13,1
46,12,1
45,25,1
28,2,1
28,2,1
30,4,1
28,2,1
24,2,1
35,7,1
-297,2,0
25,13,1
33,5,1
-295,20,0
42,12,1
39,7,1
26,16,1
-301,2,0
71,43,1
48,14,1
25,1,1
-300,5,0
39,11,1
28,2,1
-291,8,0
25,1,1
41,9,1
40,10,1
27,3,1
24,2,1
68,38,1
42,24,1
-299,4,0
-285,14,0
33,5,1
24,2,1
33,5,1
57,21,1
38,16,1
33,5,1
31,3,1
38,8,1
-290,23,0
48,22,1
25,1,1
25,1,1
33,5,1
-299,4,0
25,1,1
25,1,1
44,10,1
31,3,1
34,4,1
25,1,1
38,8,1
25,1,1
-281,18,0
-291,8,0
35,7,1
68,34,1
43,15,1
33,5,1
25,1,1
22,4,1
24,2,1
28,2,1
60,22,1
38,12,1
31,3,1
44,10,1
25,1,1
-288,9,0
41,13,1
46,8,1
37,9,1
-287,8,0
-268,53,0
34,8,1
24,2,1
25,1,1
46,16,1
28,2,1
41,13,1
25,1,1
33,5,1
-299,4,0
25,1,1
-303,4,0
35,7,1
-297,2,0
25,1,1
25,1,1
28,2,1
44,18,1
-296,5,0
50,24,1
24,2,1
36,6,1
25,1,1
31,3,1
55,35,1
30,4,1
40,10,1
62,28,1
59,19,1
26,8,1
34,4,1
-280,13,0
43,23,1
-300,9,0
-298,3,0
34,8,1
36,10,1
36,6,1
-299,16,0
-301,2,0
-300,1,0
44,14,1
25,1,1
-297,2,0
55,15,1
-281,14,0
84,42,1
44,14,1
28,2,1
37,17,1
37,13,1
34,8,1
-298,3,0
31,3,1
43,11,1
66,32,1
24,2,1
44,14,1
34,4,1
-300,1,0
44,10,1
-292,9,0
53,17,1
34,8,1
26,4,1
25,1,1
25,1,1
35,11,1
33,5,1
25,1,1
25,1,1
25,1,1
37,5,1
45,13,1
31,7,1
36,6,1
48,14,1
28,2,1
27,3,1
39,15,1
31,3,1
30,4,1
40,6,1
71,39,1
24,2,1
39,7,1
39,7,1
-299,4,0
44,10,1
46,36,1
26,4,1
62,40,1
32,6,1
34,4,1
56,22,1
35,11,1
41,9,1
34,4,1
31,3,1
49,13,1
31,3,1
35,11,1
31,3,1
25,1,1
53,17,1
27,3,1
31,7,1
49,21,1
39,7,1
49,17,1
31,3,1
43,11,1
25,1,1
25,1,1
35,7,1
50,12,1
53,17,1
73,45,1
49,21,1
-289,14,0
35,7,1
58,24,1
29,9,1
75,47,1
31,3,1
33,5,1
36,6,1
55,27,1
28,2,1
28,2,1
25,1,1
31,3,1
-292,9,0
25,1,1
-301,6,0
25,1,1
31,3,1
49,33,1
44,14,1
56,38,1
25,1,1
31,3,1
31,3,1
25,1,1
31,3,1
36,10,1
30,4,1
25,1,1
31,3,1
59,23,1
81,53,1
35,7,1
34,4,1
39,7,1
37,9,1
25,1,1
35,7,1
25,1,1
52,22,1
-300,1,0
38,8,1
31,3,1
-300,1,0
42,16,1
25,1,1
57,33,1
25,1,1
25,1,1
28,2,1
34,8,1
39,7,1
30,4,1
42,8,1
31,3,1
25,1,1
44,14,1
33,9,1
44,10,1
29,5,1
39,19,1
25,1,1
46,8,1
34,4,1
28,6,1
49,29,1
25,1,1
-300,1,0
42,16,1
44,22,1
34,4,1
25,1,1
23,3,1
28,6,1
25,1,1
29,5,1
36,6,1
43,11,1
59,27,1
28,2,1
46,8,1
-300,1,0
33,5,1
35,7,1
28,2,1
34,4,1
35,7,1
26,4,1
32,6,1
25,1,1
31,3,1
33,5,1
-295,8,0
38,16,1
-300,1,0
25,1,1
27,7,1
34,4,1
44,22,1
25,1,1
58,28,1
28,2,1
25,1,1
24,2,1
25,1,1
49,17,1
28,2,1
25,1,1
74,44,1
36,6,1
33,5,1
25,1,1
24,2,1
-272,17,0
38,8,1
40,10,1
44,10,1
31,3,1
33,5,1
-286,15,0
45,25,1
28,2,1
26,4,1
28,6,1
52,22,1
51,23,1
25,1,1
25,1,1
28,2,1
28,2,1
46,32,1
25,1,1
36,6,1
41,9,1
62,48,1
25,1,1
25,1,1
-304,9,0
36,6,1
25,1,1
36,10,1
26,4,1
24,2,1
28,2,1
-295,4,0
34,4,1
51,19,1
51,19,1
51,15,1
28,2,1
37,5,1
55,27,1
58,24,1
26,4,1
40,10,1
-289,10,0
25,1,1
48,18,1
62,32,1
49,13,1
44,10,1
28,2,1
34,4,1
25,1,1
41,9,1
35,7,1
44,10,1
38,12,1
39,19,1
58,36,1
46,12,1
36,10,1
31,3,1
35,19,1
49,17,1
-298,7,0
39,11,1
28,2,1
34,4,1
28,2,1
39,11,1
42,8,1
48,18,1
34,4,1
-273,26,0
-301,2,0
37,17,1
36,6,1
-297,6,0
39,7,1
37,5,1
56,22,1
36,10,1
33,5,1
31,3,1
34,4,1
-286,19,0
45,9,1
33,5,1
36,18,1
30,4,1
34,4,1
24,2,1
36,10,1
34,4,1
31,3,1
38,12,1
73,53,1
-300,1,0
30,4,1
28,2,1
47,15,1
25,1,1
-299,4,0
30,4,1
24,2,1
39,7,1
46,12,1
31,3,1
24,2,1
28,2,1
30,4,1
25,1,1
33,5,1
56,30,1
62,32,1
-290,11,0
-297,6,0
36,6,1
26,4,1
-301,6,0
28,2,1
44,10,1
29,5,1
50,12,1
30,4,1
38,16,1
25,1,1
31,3,1
25,1,1
-297,2,0
53,17,1
37,5,1
25,1,1
37,17,1
41,9,1
-294,11,0
25,1,1
33,5,1
38,12,1
28,2,1
53,17,1
25,1,1
33,5,1
31,3,1
50,20,1
24,2,1
31,3,1
25,1,1
37,9,1
33,5,1
34,4,1
39,15,1
54,24,1
33,5,1
27,3,1
