39,0
-293,1
40,2
-247,3
-177,4
82,5
-298,6
40,7
56,8
-205,9
-293,10
-295,11
99,12
-297,13
-286,14
-287,15
-285,16
30,17
92,18
-235,19
-244,20
25,21
-233,22
-221,23
-298,24
-234,25
-269,26
-304,27
147,28
105,29
-234,30
104,31
-246,32
-274,33
33,34
89,35
31,36
130,37
65,38
76,39
-295,40
-299,41
47,42
64,43
-281,44
92,45
-297,46
111,47
-248,48
76,49
-287,50
34,51
92,52
45,53
-279,54
-180,55
-208,56
-226,57
29,58
-289,59
52,60
-226,61
-257,62
23,63
-299,64
-288,65
30,66
-294,67
-266,68
-243,69
-302,70
-277,71
24,72
-293,73
-270,74
-311,75
-301,76
-217,77
63,78
-277,79
-273,80
-302,81
-300,82
62,83
29,84
74,85
49,86
-296,87
-299,88
131,89
-297,90
-286,91
63,92
25,93
25,94
47,95
-245,96
-256,97
-255,98
32,99
-240,100
25,101
71,102
-301,103
28,104
-281,105
-300,106
-293,107
-247,108
-270,109
-183,110
-222,111
-298,112
-274,113
-271,114
67,115
33,116
27,117
-304,118
-290,119
-288,120
-238,121
37,122
-284,123
-300,124
-279,125
-271,126
-295,127
-270,128
-280,129
-220,130
124,131
92,132
67,133
-277,134
69,135
-229,136
49,137
119,138
-291,139
67,140
87,141
-284,142
27,143
-304,144
-290,145
58,146
-303,147
77,148
-258,149
32,150
103,151
66,152
-266,153
48,154
-304,155
23,156
26,157
-266,158
124,159
-242,160
-228,161
-272,162
-221,163
73,164
-283,165
-275,166
32,167
-284,168
-268,169
-195,170
-283,171
-293,172
-293,173
-273,174
-277,175
30,176
-299,177
-302,178
33,179
-273,180
-268,181
-266,182
-293,183
35,184
30,185
56,186
66,187
121,188
69,189
-304,190
-262,191
23,192
-306,193
-250,194
-261,195
60,196
100,197
49,198
62,199
124,200
-256,201
50,202
-303,203
47,204
107,205
-304,206
59,207
30,208
31,209
25,210
65,211
39,212
47,213
-252,214
52,215
34,216
-277,217
-300,218
-289,219
-256,220
-264,221
-231,222
-305,223
-253,224
-288,225
45,226
-284,227
-293,228
-303,229
-253,230
-239,231
52,232
-210,233
-296,234
-298,235
-295,236
50,237
130,238
-260,239
52,240
-271,241
-266,242
-295,243
-289,244
-291,245
25,246
-287,247
28,248
25,249
-287,250
60,251
75,252
-299,253
-291,254
31,255
81,256
39,257
-243,258
-251,259
-289,260
25,261
-298,262
112,263
27,264
39,265
-254,266
-276,267
-241,268
-297,269
25,270
-292,271
28,272
57,273
25,274
-298,275
-286,276
96,277
-291,278
-239,279
43,280
-297,281
-278,282
-270,283
-270,284
50,285
-228,286
32,287
48,288
-298,289
-297,290
-299,291
68,292
36,293
124,294
46,295
-288,296
41,297
-302,298
27,299
-301,300
-287,301
-280,302
120,303
-268,304
37,305
-259,306
-298,307
-291,308
-301,309
-278,310
43,311
-298,312
28,313
-305,314
-296,315
56,316
-299,317
-252,318
35,319
-291,320
33,321
49,322
46,323
-256,324
-263,325
-232,326
-301,327
63,328
29,329
-300,330
31,331
-297,332
-267,333
-285,334
26,335
-289,336
-300,337
34,338
39,339
-219,340
-244,341
68,342
-294,343
-273,344
-253,345
-308,346
25,347
-294,348
-255,349
-297,350
-300,351
45,352
-292,353
-230,354
-276,355
-298,356
-264,357
-300,358
41,359
-297,360
-289,361
-300,362
-295,363
79,364
149,365
-265,366
46,367
-294,368
25,369
76,370
30,371
46,372
-293,373
-240,374
-275,375
-300,376
74,377
-275,378
54,379
-227,380
-299,381
24,382
-280,383
-287,384
26,385
-297,386
41,387
46,388
41,389
53,390
-297,391
-301,392
-300,393
28,394
-300,395
43,396
-294,397
-303,398
27,399
23,400
139,401
33,402
-248,403
36,404
43,405
-277,406
32,407
25,408
60,409
37,410
-185,411
-300,412
-297,413
-254,414
145,415
-237,416
30,417
-298,418
102,419
-297,420
-274,421
-300,422
-268,423
-298,424
91,425
127,426
25,427
-298,428
-300,429
25,430
-301,431
-258,432
-284,433
95,434
-280,435
78,436
-302,437
23,438
-301,439
89,440
-245,441
-272,442
24,443
-276,444
25,445
68,446
-289,447
-257,448
45,449
-261,450
-305,451
121,452
29,453
58,454
-300,455
67,456
-293,457
35,458
-223,459
-247,460
-302,461
-302,462
63,463
58,464
-301,465
-232,466
100,467
-293,468
25,469
-234,470
82,471
40,472
-257,473
-251,474
133,475
-288,476
-293,477
-300,478
-305,479
42,480
117,481
30,482
-296,483
-242,484
-271,485
-271,486
-266,487
39,488
-295,489
33,490
-267,491
-285,492
40,493
52,494
27,495
25,496
-256,497
24,498
55,499
125,500
-300,501
63,502
31,503
-301,504
46,505
-307,506
-218,507
-300,508
-269,509
59,510
-231,511
41,512
25,513
-298,514
40,515
27,516
-307,517
-292,518
-302,519
-296,520
40,521
31,522
-276,523
35,524
113,525
-292,526
-277,527
74,528
-278,529
-251,530
102,531
25,532
-263,533
72,534
-287,535
-266,536
127,537
-292,538
122,539
-291,540
-243,541
-252,542
-271,543
60,544
-286,545
-294,546
-284,547
42,548
-302,549
-293,550
-297,551
-297,552
-276,553
34,554
26,555
32,556
-270,557
107,558
47,559
-267,560
61,561
28,562
21,563
-279,564
-297,565
-297,566
-272,567
64,568
-277,569
90,570
-285,571
-293,572
42,573
131,574
65,575
-300,576
-286,577
-274,578
-279,579
-292,580
-245,581
59,582
61,583
15,584
125,585
33,586
-301,587
29,588
-293,589
-289,590
-304,591
45,592
33,593
61,594
-304,595
25,596
42,597
76,598
-301,599
-302,600
-269,601
-295,602
-257,603
-309,604
40,605
-247,606
-278,607
25,608
41,609
-276,610
-279,611
-284,612
70,613
-264,614
62,615
-237,616
29,617
-303,618
-284,619
23,620
32,621
-220,622
31,623
109,624
-288,625
-280,626
-298,627
65,628
85,629
25,630
70,631
84,632
-306,633
-277,634
57,635
-288,636
28,637
-299,638
-269,639
42,640
23,641
46,642
28,643
50,644
102,645
-297,646
35,647
58,648
114,649
-249,650
-245,651
-258,652
42,653
-295,654
50,655
-276,656
-291,657
49,658
-263,659
-282,660
-262,661
-258,662
-301,663
23,664
-234,665
78,666
36,667
44,668
30,669
28,670
25,671
32,672
-258,673
59,674
-226,675
28,676
34,677
-265,678
-293,679
-301,680
-281,681
121,682
-251,683
-300,684
66,685
-279,686
-278,687
54,688
25,689
-274,690
85,691
102,692
111,693
48,694
50,695
125,696
-296,697
40,698
28,699
43,700
32,701
41,702
-302,703
-285,704
65,705
-237,706
-209,707
-261,708
66,709
70,710
50,711
-221,712
-297,713
145,714
-296,715
34,716
-238,717
111,718
-206,719
-298,720
-237,721
-280,722
-303,723
35,724
64,725
66,726
89,727
117,728
92,729
63,730
-267,731
33,732
-302,733
34,734
25,735
41,736
-258,737
-307,738
30,739
-264,740
-299,741
22,742
-289,743
45,744
121,745
-287,746
-240,747
-250,748
-262,749
37,750
85,751
112,752
40,753
-285,754
38,755
-273,756
105,757
-270,758
-280,759
71,760
-302,761
68,762
24,763
-305,764
72,765
-287,766
70,767
-302,768
45,769
27,770
-238,771
-301,772
-261,773
-289,774
90,775
69,776
59,777
59,778
-300,779
-300,780
-294,781
-254,782
-299,783
39,784
-301,785
-291,786
-297,787
51,788
-238,789
-293,790
124,791
42,792
-285,793
-252,794
-294,795
60,796
33,797
-254,798
-293,799
-270,800
38,801
-294,802
-246,803
-283,804
-291,805
27,806
30,807
-187,808
-299,809
40,810
-275,811
69,812
36,813
-306,814
-265,815
-301,816
59,817
-280,818
-260,819
-287,820
71,821
-184,822
57,823
-299,824
-288,825
25,826
-293,827
109,828
31,829
-277,830
-289,831
-279,832
-296,833
43,834
-294,835
32,836
21,837
-259,838
38,839
-233,840
-263,841
-299,842
-277,843
42,844
-307,845
25,846
-294,847
-289,848
55,849
24,850
-308,851
-296,852
-304,853
29,854
67,855
-292,856
-269,857
41,858
-298,859
-286,860
80,861
-265,862
-235,863
-269,864
-291,865
-254,866
25,867
-273,868
-293,869
38,870
-269,871
-289,872
-262,873
-270,874
34,875
88,876
-227,877
83,878
-300,879
-288,880
-291,881
-280,882
33,883
91,884
-308,885
-250,886
71,887
42,888
80,889
-202,890
-294,891
-245,892
-243,893
55,894
68,895
-277,896
-230,897
-274,898
-299,899
92,900
-219,901
-284,902
-285,903
34,904
139,905
-296,906
-264,907
-299,908
-276,909
-292,910
-248,911
-288,912
-297,913
27,914
-274,915
-273,916
-288,917
-299,918
-291,919
-249,920
73,921
28,922
-273,923
25,924
58,925
-185,926
112,927
-243,928
25,929
25,930
25,931
34,932
41,933
42,934
38,935
70,936
105,937
81,938
28,939
31,940
31,941
76,942
25,943
-296,944
-295,945
50,946
24,947
27,948
32,949
28,950
-261,951
42,952
-279,953
90,954
74,955
-301,956
-295,957
68,958
-290,959
70,960
78,961
98,962
-283,963
60,964
-289,965
-300,966
-271,967
-289,968
-281,969
-303,970
-270,971
25,972
-298,973
-297,974
-261,975
76,976
25,977
86,978
-267,979
65,980
-310,981
137,982
38,983
-238,984
83,985
-219,986
88,987
53,988
-280,989
-296,990
94,991
-264,992
108,993
46,994
60,995
32,996
-250,997
39,998
-255,999
-283,1000
-262,1001
-258,1002
-266,1003
58,1004
-299,1005
-272,1006
-277,1007
32,1008
45,1009
116,1010
-296,1011
28,1012
-262,1013
76,1014
-300,1015
62,1016
-293,1017
52,1018
96,1019
42,1020
62,1021
31,1022
45,1023
-282,1024
73,1025
-296,1026
51,1027
73,1028
46,1029
48,1030
-268,1031
53,1032
39,1033
-290,1034
-274,1035
41,1036
-302,1037
-290,1038
-293,1039
-286,1040
25,1041
127,1042
-243,1043
-300,1044
78,1045
-284,1046
-274,1047
-290,1048
-282,1049
-298,1050
-302,1051
-300,1052
-302,1053
25,1054
40,1055
34,1056
27,1057
-293,1058
30,1059
-300,1060
-283,1061
41,1062
-299,1063
65,1064
-278,1065
-185,1066
-211,1067
70,1068
-254,1069
-297,1070
103,1071
-289,1072
32,1073
-300,1074
103,1075
31,1076
25,1077
36,1078
-281,1079
120,1080
-300,1081
54,1082
77,1083
51,1084
-299,1085
-230,1086
-297,1087
-300,1088
-301,1089
-277,1090
-282,1091
-256,1092
-281,1093
36,1094
-273,1095
90,1096
25,1097
121,1098
45,1099
-300,1100
-301,1101
-298,1102
25,1103
135,1104
-293,1105
33,1106
64,1107
49,1108
42,1109
106,1110
-274,1111
-300,1112
32,1113
104,1114
32,1115
43,1116
-296,1117
66,1118
25,1119
-282,1120
-284,1121
-252,1122
-300,1123
50,1124
-284,1125
-255,1126
-206,1127
53,1128
-302,1129
-305,1130
-246,1131
26,1132
-280,1133
-283,1134
-288,1135
25,1136
-301,1137
-302,1138
77,1139
28,1140
-260,1141
43,1142
-280,1143
-252,1144
50,1145
-287,1146
70,1147
55,1148
-264,1149
-300,1150
-183,1151
28,1152
-286,1153
-260,1154
41,1155
-223,1156
23,1157
40,1158
-293,1159
29,1160
-289,1161
102,1162
43,1163
36,1164
30,1165
25,1166
50,1167
42,1168
-288,1169
-301,1170
-275,1171
63,1172
34,1173
-296,1174
118,1175
27,1176
-297,1177
43,1178
-295,1179
-261,1180
-265,1181
-285,1182
-293,1183
-222,1184
29,1185
-283,1186
34,1187
-238,1188
44,1189
-225,1190
-267,1191
52,1192
-290,1193
65,1194
-269,1195
34,1196
46,1197
58,1198
-264,1199
-234,1200
-252,1201
-296,1202
-275,1203
58,1204
-306,1205
-273,1206
43,1207
-301,1208
33,1209
39,1210
-294,1211
-278,1212
-238,1213
52,1214
28,1215
-267,1216
-226,1217
37,1218
-232,1219
37,1220
-220,1221
28,1222
-277,1223
-262,1224
-267,1225
-272,1226
-300,1227
-231,1228
108,1229
27,1230
-302,1231
-300,1232
105,1233
90,1234
126,1235
-235,1236
-242,1237
57,1238
-288,1239
42,1240
-248,1241
-301,1242
-284,1243
29,1244
-299,1245
45,1246
-257,1247
26,1248
-300,1249
47,1250
24,1251
-295,1252
-271,1253
25,1254
52,1255
33,1256
97,1257
-286,1258
29,1259
-300,1260
36,1261
76,1262
38,1263
58,1264
48,1265
-181,1266
65,1267
-300,1268
29,1269
109,1270
67,1271
41,1272
26,1273
-297,1274
-295,1275
-285,1276
-268,1277
-297,1278
-308,1279
78,1280
-302,1281
-292,1282
-275,1283
23,1284
58,1285
33,1286
71,1287
-253,1288
-283,1289
25,1290
-290,1291
-263,1292
28,1293
90,1294
52,1295
-286,1296
-292,1297
-293,1298
106,1299
61,1300
47,1301
33,1302
57,1303
-277,1304
-269,1305
69,1306
40,1307
33,1308
91,1309
-289,1310
-253,1311
46,1312
-297,1313
42,1314
-252,1315
45,1316
-301,1317
-300,1318
91,1319
-307,1320
-274,1321
25,1322
-273,1323
23,1324
-287,1325
-170,1326
-263,1327
59,1328
-233,1329
-303,1330
65,1331
-283,1332
-286,1333
-282,1334
-306,1335
-294,1336
40,1337
-245,1338
-306,1339
45,1340
-275,1341
-272,1342
-267,1343
106,1344
-299,1345
-297,1346
-305,1347
32,1348
-291,1349
-295,1350
-267,1351
-235,1352
-238,1353
-286,1354
-263,1355
60,1356
-299,1357
70,1358
56,1359
46,1360
-256,1361
-294,1362
63,1363
42,1364
71,1365
-246,1366
-241,1367
69,1368
-297,1369
25,1370
-295,1371
34,1372
-288,1373
42,1374
-299,1375
-291,1376
-233,1377
42,1378
83,1379
-206,1380
150,1381
-298,1382
-295,1383
48,1384
-285,1385
64,1386
-289,1387
68,1388
61,1389
-298,1390
-283,1391
71,1392
55,1393
57,1394
87,1395
31,1396
39,1397
48,1398
-245,1399
41,1400
-292,1401
129,1402
25,1403
-291,1404
40,1405
25,1406
-272,1407
34,1408
96,1409
-281,1410
38,1411
48,1412
-292,1413
47,1414
-293,1415
-242,1416
-292,1417
87,1418
47,1419
-284,1420
71,1421
-293,1422
-295,1423
-262,1424
-265,1425
-289,1426
38,1427
43,1428
-260,1429
52,1430
31,1431
45,1432
96,1433
-294,1434
-260,1435
-274,1436
34,1437
134,1438
47,1439
-294,1440
-218,1441
122,1442
-272,1443
56,1444
41,1445
89,1446
-297,1447
33,1448
90,1449
25,1450
-264,1451
130,1452
-238,1453
-260,1454
-215,1455
75,1456
-293,1457
39,1458
53,1459
59,1460
99,1461
87,1462
36,1463
-300,1464
-279,1465
-292,1466
35,1467
-300,1468
-297,1469
-276,1470
-279,1471
-299,1472
-310,1473
-236,1474
112,1475
-278,1476
-277,1477
-275,1478
31,1479
24,1480
25,1481
-267,1482
-269,1483
-304,1484
-250,1485
-299,1486
-301,1487
-283,1488
30,1489
-296,1490
39,1491
-297,1492
25,1493
42,1494
35,1495
65,1496
89,1497
-295,1498
-300,1499
123,1500
67,1501
49,1502
67,1503
49,1504
34,1505
59,1506
25,1507
-260,1508
-283,1509
-280,1510
-258,1511
37,1512
-296,1513
-296,1514
-295,1515
25,1516
-284,1517
-297,1518
30,1519
37,1520
-268,1521
-297,1522
25,1523
-275,1524
-252,1525
47,1526
25,1527
-300,1528
25,1529
39,1530
-299,1531
-296,1532
-298,1533
-291,1534
109,1535
53,1536
37,1537
-283,1538
28,1539
29,1540
-296,1541
-285,1542
-300,1543
95,1544
64,1545
-280,1546
-295,1547
25,1548
73,1549
-262,1550
-286,1551
-296,1552
-297,1553
49,1554
43,1555
37,1556
69,1557
32,1558
-292,1559
34,1560
-254,1561
56,1562
26,1563
53,1564
-275,1565
25,1566
-290,1567
34,1568
42,1569
-260,1570
44,1571
23,1572
-291,1573
-275,1574
32,1575
57,1576
-272,1577
-283,1578
41,1579
23,1580
-264,1581
31,1582
-302,1583
-226,1584
31,1585
104,1586
-229,1587
55,1588
-255,1589
59,1590
-288,1591
-254,1592
-299,1593
49,1594
-221,1595
-234,1596
32,1597
-249,1598
-255,1599
-291,1600
-272,1601
-288,1602
42,1603
-285,1604
-300,1605
40,1606
58,1607
87,1608
42,1609
25,1610
83,1611
53,1612
-293,1613
25,1614
-297,1615
37,1616
118,1617
36,1618
44,1619
34,1620
68,1621
28,1622
34,1623
31,1624
-295,1625
28,1626
43,1627
-201,1628
-290,1629
58,1630
54,1631
-226,1632
23,1633
-291,1634
76,1635
-285,1636
67,1637
-300,1638
34,1639
73,1640
-301,1641
67,1642
49,1643
-267,1644
-294,1645
39,1646
-295,1647
105,1648
25,1649
40,1650
60,1651
111,1652
-301,1653
-302,1654
38,1655
25,1656
-300,1657
29,1658
43,1659
-292,1660
34,1661
72,1662
78,1663
40,1664
27,1665
-308,1666
-289,1667
-287,1668
60,1669
67,1670
-298,1671
-302,1672
62,1673
25,1674
-281,1675
52,1676
-287,1677
-221,1678
46,1679
125,1680
51,1681
28,1682
-300,1683
79,1684
-290,1685
-292,1686
-264,1687
24,1688
-302,1689
163,1690
-300,1691
-206,1692
-283,1693
25,1694
49,1695
-250,1696
58,1697
31,1698
-263,1699
52,1700
-215,1701
-287,1702
31,1703
34,1704
-241,1705
-292,1706
45,1707
118,1708
-272,1709
48,1710
57,1711
-273,1712
-296,1713
26,1714
25,1715
25,1716
45,1717
80,1718
-297,1719
-271,1720
-272,1721
56,1722
-297,1723
29,1724
-292,1725
56,1726
65,1727
55,1728
31,1729
76,1730
71,1731
-300,1732
-291,1733
-231,1734
46,1735
-239,1736
48,1737
-286,1738
49,1739
-258,1740
-272,1741
-273,1742
27,1743
-274,1744
65,1745
93,1746
-217,1747
23,1748
70,1749
35,1750
25,1751
39,1752
-282,1753
-262,1754
-248,1755
-263,1756
-282,1757
48,1758
56,1759
95,1760
-268,1761
-306,1762
-298,1763
77,1764
30,1765
-268,1766
93,1767
-276,1768
28,1769
31,1770
31,1771
-266,1772
51,1773
129,1774
47,1775
25,1776
47,1777
51,1778
-295,1779
36,1780
-256,1781
-298,1782
32,1783
74,1784
64,1785
-284,1786
54,1787
-242,1788
-242,1789
-297,1790
-301,1791
34,1792
25,1793
45,1794
127,1795
-220,1796
39,1797
-299,1798
70,1799
69,1800
28,1801
22,1802
25,1803
-290,1804
52,1805
45,1806
89,1807
37,1808
39,1809
-258,1810
31,1811
70,1812
-303,1813
86,1814
43,1815
-251,1816
25,1817
39,1818
57,1819
64,1820
93,1821
-297,1822
24,1823
-263,1824
-281,1825
66,1826
-295,1827
-302,1828
94,1829
32,1830
-297,1831
60,1832
-296,1833
-273,1834
-209,1835
-300,1836
-297,1837
25,1838
-288,1839
-300,1840
-303,1841
-278,1842
36,1843
46,1844
-232,1845
24,1846
-244,1847
30,1848
111,1849
-190,1850
51,1851
-234,1852
-222,1853
-214,1854
50,1855
-272,1856
25,1857
53,1858
42,1859
27,1860
-269,1861
-266,1862
-279,1863
40,1864
81,1865
36,1866
-296,1867
-294,1868
88,1869
30,1870
-269,1871
-288,1872
29,1873
-234,1874
28,1875
-302,1876
50,1877
51,1878
-249,1879
25,1880
94,1881
25,1882
38,1883
-284,1884
25,1885
-299,1886
62,1887
84,1888
25,1889
83,1890
-270,1891
-178,1892
-300,1893
50,1894
25,1895
67,1896
31,1897
-295,1898
-280,1899
46,1900
-279,1901
33,1902
-300,1903
-294,1904
-235,1905
-254,1906
-287,1907
-299,1908
-300,1909
50,1910
-231,1911
24,1912
-294,1913
-276,1914
-278,1915
44,1916
-288,1917
51,1918
-272,1919
-225,1920
34,1921
-292,1922
27,1923
-285,1924
28,1925
23,1926
-273,1927
37,1928
-253,1929
43,1930
101,1931
35,1932
-279,1933
81,1934
-279,1935
25,1936
-273,1937
-302,1938
-284,1939
48,1940
39,1941
-293,1942
-293,1943
-301,1944
-180,1945
52,1946
114,1947
-282,1948
24,1949
132,1950
-289,1951
47,1952
45,1953
135,1954
-290,1955
-299,1956
-261,1957
90,1958
-300,1959
-289,1960
39,1961
48,1962
-274,1963
-251,1964
-300,1965
67,1966
55,1967
55,1968
24,1969
47,1970
30,1971
72,1972
31,1973
-287,1974
-301,1975
-278,1976
48,1977
98,1978
-179,1979
-269,1980
41,1981
-254,1982
63,1983
53,1984
-255,1985
-300,1986
28,1987
-275,1988
-290,1989
37,1990
63,1991
66,1992
-224,1993
25,1994
-271,1995
-287,1996
-266,1997
33,1998
31,1999
-241,2000
-279,2001
25,2002
-283,2003
25,2004
28,2005
61,2006
60,2007
-286,2008
-275,2009
39,2010
103,2011
-278,2012
-302,2013
52,2014
52,2015
80,2016
-300,2017
23,2018
-258,2019
-259,2020
-285,2021
49,2022
-292,2023
30,2024
-300,2025
39,2026
44,2027
40,2028
94,2029
-288,2030
-277,2031
-299,2032
-294,2033
65,2034
-303,2035
-262,2036
36,2037
-299,2038
57,2039
41,2040
42,2041
-303,2042
-273,2043
-299,2044
-232,2045
42,2046
-277,2047
-201,2048
-231,2049
-291,2050
-245,2051
-259,2052
-253,2053
-278,2054
38,2055
-297,2056
43,2057
-302,2058
70,2059
25,2060
-279,2061
-300,2062
88,2063
63,2064
-297,2065
45,2066
25,2067
-283,2068
78,2069
-288,2070
-280,2071
76,2072
30,2073
44,2074
-280,2075
88,2076
66,2077
55,2078
28,2079
57,2080
43,2081
25,2082
-300,2083
-300,2084
-290,2085
65,2086
45,2087
-271,2088
-295,2089
44,2090
-263,2091
-290,2092
42,2093
27,2094
-242,2095
-283,2096
-300,2097
-275,2098
-298,2099
-302,2100
-300,2101
43,2102
-295,2103
109,2104
-274,2105
-301,2106
30,2107
22,2108
-270,2109
23,2110
-295,2111
40,2112
97,2113
-288,2114
29,2115
-291,2116
-300,2117
-266,2118
25,2119
-239,2120
30,2121
70,2122
40,2123
-259,2124
46,2125
33,2126
-301,2127
31,2128
-295,2129
-288,2130
-269,2131
28,2132
-286,2133
47,2134
-270,2135
-269,2136
162,2137
25,2138
25,2139
-265,2140
-288,2141
47,2142
25,2143
28,2144
-281,2145
-297,2146
149,2147
-299,2148
52,2149
32,2150
30,2151
-309,2152
-283,2153
45,2154
107,2155
-237,2156
-273,2157
28,2158
-292,2159
48,2160
42,2161
33,2162
-289,2163
-302,2164
29,2165
30,2166
-261,2167
-212,2168
-296,2169
-259,2170
36,2171
-286,2172
-288,2173
77,2174
34,2175
-298,2176
-306,2177
-277,2178
73,2179
55,2180
91,2181
-315,2182
24,2183
-225,2184
-198,2185
25,2186
-300,2187
-300,2188
59,2189
25,2190
33,2191
41,2192
-235,2193
82,2194
-290,2195
66,2196
148,2197
59,2198
26,2199
26,2200
-298,2201
92,2202
48,2203
56,2204
41,2205
-303,2206
40,2207
25,2208
25,2209
-304,2210
-276,2211
25,2212
53,2213
34,2214
-291,2215
-291,2216
71,2217
38,2218
-296,2219
36,2220
61,2221
45,2222
47,2223
-269,2224
-282,2225
-307,2226
42,2227
32,2228
54,2229
29,2230
-251,2231
-290,2232
-291,2233
25,2234
-280,2235
48,2236
93,2237
41,2238
33,2239
-297,2240
32,2241
34,2242
-252,2243
32,2244
47,2245
-300,2246
-300,2247
46,2248
-295,2249
-302,2250
25,2251
53,2252
-302,2253
34,2254
19,2255
81,2256
55,2257
-279,2258
62,2259
-281,2260
121,2261
62,2262
30,2263
34,2264
-252,2265
-271,2266
31,2267
39,2268
-270,2269
96,2270
29,2271
40,2272
46,2273
-300,2274
-300,2275
-304,2276
-187,2277
-278,2278
-303,2279
23,2280
104,2281
74,2282
-282,2283
-300,2284
41,2285
-293,2286
42,2287
-246,2288
25,2289
124,2290
31,2291
-264,2292
-203,2293
-240,2294
-296,2295
-281,2296
-265,2297
-258,2298
-290,2299
45,2300
46,2301
31,2302
-291,2303
-258,2304
30,2305
29,2306
-300,2307
-289,2308
25,2309
-294,2310
-259,2311
75,2312
53,2313
33,2314
31,2315
-298,2316
42,2317
28,2318
-240,2319
-286,2320
35,2321
25,2322
-300,2323
28,2324
72,2325
55,2326
45,2327
-297,2328
-258,2329
36,2330
-253,2331
-300,2332
25,2333
37,2334
-285,2335
-295,2336
-300,2337
23,2338
88,2339
76,2340
-215,2341
-297,2342
40,2343
38,2344
69,2345
68,2346
70,2347
-294,2348
-292,2349
110,2350
81,2351
-296,2352
36,2353
-281,2354
40,2355
23,2356
-240,2357
33,2358
25,2359
101,2360
28,2361
56,2362
-287,2363
-257,2364
-281,2365
-300,2366
29,2367
89,2368
28,2369
28,2370
77,2371
79,2372
-270,2373
67,2374
25,2375
43,2376
-297,2377
-280,2378
-294,2379
-208,2380
-284,2381
69,2382
-266,2383
49,2384
43,2385
-294,2386
-249,2387
25,2388
-287,2389
66,2390
-239,2391
-300,2392
130,2393
-286,2394
33,2395
66,2396
-261,2397
82,2398
101,2399
34,2400
-297,2401
121,2402
28,2403
47,2404
28,2405
78,2406
34,2407
55,2408
-230,2409
-277,2410
28,2411
-301,2412
38,2413
-274,2414
-202,2415
-181,2416
-295,2417
-295,2418
-283,2419
57,2420
42,2421
-300,2422
57,2423
123,2424
46,2425
36,2426
160,2427
-255,2428
115,2429
134,2430
-281,2431
-283,2432
40,2433
49,2434
-270,2435
31,2436
72,2437
57,2438
92,2439
-276,2440
-253,2441
94,2442
-298,2443
-284,2444
84,2445
52,2446
44,2447
-249,2448
-228,2449
-302,2450
-304,2451
35,2452
24,2453
42,2454
-301,2455
25,2456
-276,2457
-299,2458
-274,2459
-276,2460
72,2461
28,2462
25,2463
57,2464
-299,2465
25,2466
28,2467
74,2468
-178,2469
-278,2470
114,2471
115,2472
30,2473
50,2474
45,2475
-258,2476
25,2477
85,2478
-303,2479
38,2480
92,2481
50,2482
121,2483
25,2484
36,2485
53,2486
-300,2487
-288,2488
44,2489
-238,2490
-269,2491
87,2492
-295,2493
97,2494
-278,2495
-295,2496
29,2497
28,2498
115,2499
28,2500
-275,2501
25,2502
28,2503
25,2504
-270,2505
-287,2506
-295,2507
25,2508
95,2509
-299,2510
38,2511
46,2512
41,2513
29,2514
-297,2515
33,2516
-290,2517
32,2518
54,2519
-271,2520
25,2521
-285,2522
28,2523
60,2524
-292,2525
-263,2526
-288,2527
42,2528
-300,2529
-285,2530
47,2531
-272,2532
105,2533
-296,2534
25,2535
27,2536
56,2537
39,2538
-294,2539
-243,2540
89,2541
84,2542
60,2543
49,2544
-269,2545
107,2546
35,2547
-251,2548
29,2549
27,2550
26,2551
-305,2552
46,2553
-291,2554
-290,2555
-289,2556
66,2557
-268,2558
-273,2559
32,2560
31,2561
69,2562
41,2563
50,2564
38,2565
-281,2566
25,2567
-295,2568
174,2569
23,2570
55,2571
-282,2572
-287,2573
25,2574
-256,2575
79,2576
99,2577
-300,2578
-268,2579
-278,2580
43,2581
42,2582
68,2583
49,2584
91,2585
51,2586
65,2587
25,2588
-218,2589
117,2590
-299,2591
53,2592
115,2593
-283,2594
-293,2595
50,2596
-284,2597
59,2598
-298,2599
-239,2600
27,2601
41,2602
94,2603
36,2604
71,2605
85,2606
-277,2607
-262,2608
-260,2609
25,2610
23,2611
25,2612
52,2613
-191,2614
43,2615
-295,2616
49,2617
-284,2618
65,2619
-230,2620
-255,2621
39,2622
-278,2623
-272,2624
105,2625
-233,2626
-282,2627
41,2628
56,2629
25,2630
50,2631
-287,2632
-289,2633
-295,2634
37,2635
-274,2636
92,2637
62,2638
-277,2639
-260,2640
25,2641
23,2642
-302,2643
-269,2644
139,2645
-268,2646
-264,2647
31,2648
-258,2649
58,2650
63,2651
-295,2652
-291,2653
66,2654
88,2655
-311,2656
-300,2657
26,2658
-284,2659
-303,2660
25,2661
61,2662
-302,2663
-281,2664
-253,2665
122,2666
55,2667
-300,2668
23,2669
30,2670
41,2671
-253,2672
107,2673
-300,2674
-249,2675
25,2676
-298,2677
36,2678
-257,2679
-205,2680
45,2681
28,2682
35,2683
28,2684
21,2685
41,2686
-282,2687
86,2688
-302,2689
36,2690
35,2691
-293,2692
-298,2693
-297,2694
86,2695
-269,2696
29,2697
52,2698
-279,2699
36,2700
-297,2701
55,2702
34,2703
-281,2704
31,2705
42,2706
41,2707
28,2708
75,2709
-291,2710
90,2711
53,2712
-296,2713
72,2714
54,2715
40,2716
-299,2717
39,2718
-292,2719
62,2720
27,2721
-278,2722
-270,2723
22,2724
40,2725
33,2726
29,2727
72,2728
-298,2729
28,2730
-294,2731
-300,2732
-285,2733
-294,2734
45,2735
35,2736
49,2737
100,2738
67,2739
43,2740
50,2741
-300,2742
-298,2743
-297,2744
25,2745
42,2746
40,2747
-278,2748
89,2749
39,2750
-297,2751
33,2752
-293,2753
25,2754
-280,2755
94,2756
-269,2757
-287,2758
-275,2759
41,2760
62,2761
58,2762
58,2763
46,2764
-299,2765
44,2766
50,2767
52,2768
24,2769
-297,2770
24,2771
28,2772
23,2773
45,2774
50,2775
25,2776
-270,2777
-261,2778
-298,2779
-205,2780
74,2781
-224,2782
-301,2783
-297,2784
25,2785
-288,2786
-302,2787
56,2788
33,2789
25,2790
29,2791
38,2792
42,2793
50,2794
-242,2795
-297,2796
27,2797
56,2798
48,2799
85,2800
101,2801
27,2802
-292,2803
62,2804
-304,2805
-282,2806
95,2807
52,2808
-289,2809
26,2810
-303,2811
161,2812
-287,2813
-286,2814
25,2815
62,2816
-274,2817
-289,2818
28,2819
44,2820
-274,2821
-301,2822
74,2823
-238,2824
46,2825
-263,2826
59,2827
29,2828
31,2829
75,2830
-308,2831
61,2832
87,2833
30,2834
37,2835
-258,2836
25,2837
-255,2838
37,2839
33,2840
53,2841
-284,2842
-249,2843
44,2844
-287,2845
54,2846
95,2847
53,2848
111,2849
-271,2850
25,2851
57,2852
-294,2853
117,2854
25,2855
50,2856
53,2857
67,2858
34,2859
60,2860
49,2861
-294,2862
81,2863
26,2864
79,2865
42,2866
-291,2867
27,2868
36,2869
-275,2870
38,2871
123,2872
-287,2873
31,2874
-303,2875
33,2876
-319,2877
118,2878
48,2879
-279,2880
-263,2881
39,2882
72,2883
43,2884
35,2885
34,2886
-307,2887
-300,2888
-292,2889
34,2890
94,2891
28,2892
46,2893
-261,2894
-257,2895
35,2896
-215,2897
-300,2898
-261,2899
69,2900
69,2901
56,2902
69,2903
-293,2904
-300,2905
96,2906
-291,2907
108,2908
-279,2909
99,2910
-300,2911
24,2912
-280,2913
-306,2914
-299,2915
75,2916
45,2917
100,2918
49,2919
-288,2920
39,2921
61,2922
-296,2923
-297,2924
-284,2925
25,2926
67,2927
26,2928
-300,2929
57,2930
-280,2931
39,2932
-296,2933
-285,2934
-289,2935
-284,2936
38,2937
89,2938
54,2939
41,2940
25,2941
49,2942
31,2943
25,2944
-273,2945
86,2946
-293,2947
45,2948
-302,2949
-274,2950
29,2951
82,2952
25,2953
31,2954
81,2955
-260,2956
-300,2957
-297,2958
28,2959
-191,2960
-249,2961
-230,2962
-296,2963
53,2964
20,2965
-290,2966
92,2967
-287,2968
23,2969
-287,2970
56,2971
45,2972
30,2973
47,2974
-305,2975
26,2976
-301,2977
35,2978
30,2979
-231,2980
59,2981
48,2982
-211,2983
25,2984
31,2985
40,2986
-297,2987
-300,2988
-290,2989
25,2990
43,2991
-300,2992
52,2993
100,2994
100,2995
-280,2996
25,2997
28,2998
108,2999
-241,3000
50,3001
34,3002
33,3003
44,3004
-274,3005
-299,3006
39,3007
77,3008
-300,3009
34,3010
-300,3011
-261,3012
33,3013
46,3014
22,3015
-293,3016
-294,3017
42,3018
-287,3019
70,3020
-267,3021
36,3022
-267,3023
-259,3024
47,3025
24,3026
25,3027
33,3028
39,3029
34,3030
31,3031
57,3032
44,3033
36,3034
-301,3035
44,3036
-300,3037
25,3038
-260,3039
-285,3040
94,3041
36,3042
80,3043
-285,3044
-280,3045
91,3046
-266,3047
-201,3048
-288,3049
-234,3050
-240,3051
-306,3052
56,3053
-272,3054
25,3055
25,3056
96,3057
-297,3058
48,3059
46,3060
34,3061
44,3062
-294,3063
91,3064
-233,3065
64,3066
-216,3067
-303,3068
43,3069
49,3070
-280,3071
25,3072
43,3073
29,3074
-287,3075
108,3076
35,3077
39,3078
-300,3079
-289,3080
81,3081
55,3082
68,3083
47,3084
30,3085
-294,3086
-284,3087
-301,3088
43,3089
49,3090
-220,3091
48,3092
33,3093
138,3094
-292,3095
-269,3096
-294,3097
43,3098
-166,3099
25,3100
-286,3101
-258,3102
67,3103
-222,3104
26,3105
39,3106
-299,3107
25,3108
-295,3109
23,3110
36,3111
111,3112
33,3113
30,3114
-291,3115
80,3116
-208,3117
123,3118
-301,3119
30,3120
-284,3121
-280,3122
118,3123
55,3124
47,3125
99,3126
-303,3127
39,3128
29,3129
-266,3130
39,3131
-229,3132
99,3133
43,3134
21,3135
53,3136
-270,3137
-289,3138
-196,3139
74,3140
-278,3141
41,3142
24,3143
55,3144
-296,3145
33,3146
-293,3147
25,3148
30,3149
38,3150
-258,3151
69,3152
34,3153
-263,3154
32,3155
87,3156
-301,3157
63,3158
106,3159
-292,3160
50,3161
-294,3162
76,3163
31,3164
30,3165
25,3166
79,3167
-260,3168
35,3169
51,3170
73,3171
43,3172
72,3173
-276,3174
31,3175
-302,3176
-254,3177
78,3178
-284,3179
24,3180
77,3181
54,3182
-290,3183
25,3184
35,3185
41,3186
-289,3187
-295,3188
44,3189
-262,3190
56,3191
74,3192
99,3193
89,3194
40,3195
50,3196
55,3197
84,3198
34,3199
51,3200
52,3201
-218,3202
-247,3203
37,3204
42,3205
77,3206
29,3207
-300,3208
-260,3209
93,3210
-288,3211
38,3212
47,3213
48,3214
99,3215
52,3216
62,3217
25,3218
41,3219
25,3220
54,3221
41,3222
25,3223
31,3224
-300,3225
52,3226
48,3227
49,3228
-297,3229
41,3230
25,3231
116,3232
105,3233
25,3234
-296,3235
-280,3236
-299,3237
-300,3238
-294,3239
41,3240
-271,3241
-262,3242
-290,3243
-278,3244
-242,3245
-303,3246
-293,3247
48,3248
-286,3249
72,3250
-300,3251
109,3252
-268,3253
28,3254
-241,3255
42,3256
-303,3257
30,3258
-273,3259
-287,3260
37,3261
39,3262
-294,3263
27,3264
-277,3265
-278,3266
-268,3267
42,3268
28,3269
37,3270
41,3271
40,3272
-279,3273
46,3274
-303,3275
-234,3276
-298,3277
39,3278
-305,3279
25,3280
-264,3281
25,3282
40,3283
-263,3284
-288,3285
-212,3286
-282,3287
28,3288
-178,3289
49,3290
31,3291
-215,3292
47,3293
29,3294
31,3295
-285,3296
-290,3297
-274,3298
-296,3299
44,3300
-287,3301
69,3302
51,3303
39,3304
-294,3305
-290,3306
22,3307
44,3308
32,3309
23,3310
46,3311
-298,3312
89,3313
-233,3314
-303,3315
25,3316
-301,3317
65,3318
25,3319
-273,3320
43,3321
53,3322
86,3323
109,3324
48,3325
-300,3326
-298,3327
39,3328
50,3329
41,3330
-300,3331
-302,3332
-274,3333
30,3334
-276,3335
84,3336
-271,3337
49,3338
-248,3339
33,3340
28,3341
45,3342
38,3343
75,3344
-285,3345
-279,3346
42,3347
32,3348
38,3349
-300,3350
-271,3351
-304,3352
32,3353
-256,3354
38,3355
-293,3356
57,3357
40,3358
28,3359
73,3360
-250,3361
25,3362
-280,3363
75,3364
43,3365
46,3366
49,3367
46,3368
-287,3369
40,3370
-300,3371
42,3372
-295,3373
-301,3374
-281,3375
28,3376
53,3377
-292,3378
-291,3379
39,3380
-294,3381
-282,3382
-305,3383
51,3384
51,3385
70,3386
-283,3387
-254,3388
58,3389
51,3390
39,3391
-269,3392
-282,3393
-250,3394
73,3395
29,3396
-299,3397
-301,3398
64,3399
-231,3400
-236,3401
64,3402
55,3403
-291,3404
-240,3405
-300,3406
44,3407
-272,3408
31,3409
50,3410
28,3411
46,3412
81,3413
105,3414
46,3415
-300,3416
51,3417
150,3418
-274,3419
25,3420
49,3421
-275,3422
76,3423
26,3424
-300,3425
34,3426
-282,3427
36,3428
102,3429
43,3430
67,3431
46,3432
-293,3433
56,3434
51,3435
-298,3436
31,3437
-271,3438
-270,3439
-297,3440
56,3441
-252,3442
63,3443
70,3444
32,3445
100,3446
60,3447
28,3448
32,3449
-299,3450
25,3451
48,3452
66,3453
52,3454
39,3455
80,3456
89,3457
52,3458
136,3459
-299,3460
-277,3461
31,3462
-294,3463
-302,3464
63,3465
25,3466
51,3467
-299,3468
33,3469
26,3470
145,3471
66,3472
-219,3473
60,3474
28,3475
41,3476
25,3477
30,3478
41,3479
38,3480
25,3481
105,3482
31,3483
-298,3484
-283,3485
-269,3486
42,3487
-267,3488
47,3489
55,3490
43,3491
-257,3492
23,3493
-300,3494
86,3495
70,3496
-300,3497
37,3498
33,3499
-280,3500
64,3501
25,3502
87,3503
32,3504
-288,3505
59,3506
-292,3507
-303,3508
-198,3509
41,3510
51,3511
37,3512
63,3513
31,3514
60,3515
-296,3516
-288,3517
-233,3518
-263,3519
23,3520
-269,3521
-289,3522
67,3523
49,3524
25,3525
53,3526
65,3527
-289,3528
69,3529
47,3530
23,3531
-300,3532
108,3533
37,3534
-286,3535
-297,3536
-300,3537
51,3538
-301,3539
-285,3540
25,3541
66,3542
35,3543
-282,3544
66,3545
36,3546
57,3547
-257,3548
23,3549
34,3550
-295,3551
37,3552
-301,3553
38,3554
-297,3555
92,3556
-257,3557
62,3558
37,3559
39,3560
-281,3561
-297,3562
72,3563
-283,3564
28,3565
32,3566
25,3567
28,3568
-272,3569
118,3570
-227,3571
75,3572
-299,3573
-270,3574
-300,3575
25,3576
-254,3577
-288,3578
-266,3579
-300,3580
-260,3581
41,3582
-285,3583
25,3584
-231,3585
50,3586
53,3587
-279,3588
-302,3589
80,3590
37,3591
65,3592
-269,3593
60,3594
32,3595
43,3596
47,3597
46,3598
-297,3599
-252,3600
25,3601
58,3602
40,3603
31,3604
65,3605
35,3606
-300,3607
25,3608
78,3609
28,3610
53,3611
35,3612
49,3613
-240,3614
55,3615
62,3616
83,3617
34,3618
50,3619
56,3620
55,3621
-288,3622
29,3623
25,3624
63,3625
77,3626
-301,3627
56,3628
65,3629
-248,3630
56,3631
54,3632
-251,3633
-298,3634
62,3635
47,3636
55,3637
-304,3638
41,3639
98,3640
-300,3641
62,3642
-297,3643
-277,3644
37,3645
-295,3646
23,3647
-253,3648
80,3649
-302,3650
60,3651
-294,3652
61,3653
54,3654
-290,3655
71,3656
56,3657
-272,3658
41,3659
32,3660
-286,3661
24,3662
72,3663
33,3664
-288,3665
25,3666
-277,3667
47,3668
-276,3669
-288,3670
-251,3671
-271,3672
36,3673
-253,3674
-292,3675
31,3676
-262,3677
40,3678
27,3679
28,3680
31,3681
25,3682
49,3683
84,3684
-252,3685
-294,3686
41,3687
-300,3688
57,3689
-246,3690
47,3691
-275,3692
41,3693
31,3694
56,3695
57,3696
74,3697
-253,3698
-301,3699
49,3700
72,3701
99,3702
34,3703
-280,3704
36,3705
-277,3706
79,3707
-230,3708
25,3709
52,3710
-193,3711
120,3712
-280,3713
86,3714
84,3715
-296,3716
-288,3717
53,3718
30,3719
34,3720
28,3721
66,3722
26,3723
40,3724
-275,3725
42,3726
-251,3727
110,3728
119,3729
34,3730
67,3731
46,3732
-304,3733
94,3734
127,3735
35,3736
56,3737
40,3738
158,3739
119,3740
28,3741
45,3742
-281,3743
-278,3744
-301,3745
-293,3746
27,3747
-308,3748
-198,3749
34,3750
76,3751
-237,3752
28,3753
-264,3754
-280,3755
-279,3756
-306,3757
24,3758
-300,3759
-289,3760
45,3761
59,3762
25,3763
38,3764
31,3765
-274,3766
78,3767
-277,3768
39,3769
-266,3770
-295,3771
-294,3772
-300,3773
61,3774
50,3775
-299,3776
29,3777
-292,3778
-300,3779
57,3780
36,3781
-282,3782
65,3783
37,3784
22,3785
-245,3786
126,3787
24,3788
-243,3789
72,3790
-245,3791
44,3792
90,3793
-270,3794
-297,3795
23,3796
-275,3797
26,3798
66,3799
47,3800
28,3801
56,3802
-304,3803
-287,3804
-292,3805
44,3806
101,3807
133,3808
-267,3809
-297,3810
-242,3811
25,3812
-302,3813
61,3814
46,3815
42,3816
103,3817
46,3818
47,3819
-231,3820
25,3821
-286,3822
24,3823
25,3824
25,3825
82,3826
120,3827
39,3828
-298,3829
67,3830
-297,3831
-231,3832
-240,3833
67,3834
54,3835
49,3836
25,3837
148,3838
34,3839
-260,3840
54,3841
40,3842
29,3843
51,3844
50,3845
-291,3846
59,3847
-301,3848
130,3849
-295,3850
56,3851
-289,3852
31,3853
59,3854
-299,3855
37,3856
61,3857
44,3858
-264,3859
54,3860
-214,3861
25,3862
122,3863
-302,3864
-289,3865
-296,3866
-281,3867
45,3868
42,3869
-304,3870
-300,3871
53,3872
65,3873
-293,3874
-242,3875
101,3876
71,3877
65,3878
35,3879
49,3880
-263,3881
-305,3882
-298,3883
-297,3884
35,3885
-231,3886
-280,3887
-244,3888
59,3889
65,3890
-270,3891
63,3892
29,3893
40,3894
35,3895
58,3896
51,3897
25,3898
-271,3899
47,3900
51,3901
40,3902
25,3903
75,3904
124,3905
-276,3906
59,3907
-299,3908
-277,3909
63,3910
31,3911
-287,3912
45,3913
-295,3914
115,3915
43,3916
43,3917
-275,3918
46,3919
-289,3920
25,3921
34,3922
24,3923
33,3924
46,3925
-289,3926
42,3927
54,3928
59,3929
32,3930
18,3931
-262,3932
34,3933
32,3934
46,3935
77,3936
55,3937
69,3938
33,3939
55,3940
-291,3941
-298,3942
48,3943
-297,3944
39,3945
62,3946
30,3947
-271,3948
-294,3949
55,3950
-282,3951
25,3952
51,3953
-298,3954
-297,3955
25,3956
55,3957
47,3958
51,3959
57,3960
102,3961
60,3962
94,3963
24,3964
25,3965
-260,3966
-300,3967
98,3968
62,3969
-298,3970
35,3971
51,3972
67,3973
73,3974
-260,3975
49,3976
49,3977
-289,3978
138,3979
25,3980
39,3981
-304,3982
28,3983
36,3984
40,3985
30,3986
33,3987
96,3988
64,3989
-299,3990
82,3991
72,3992
-278,3993
-195,3994
124,3995
42,3996
-284,3997
61,3998
-272,3999
31,4000
25,4001
-271,4002
42,4003
61,4004
53,4005
-293,4006
-272,4007
34,4008
28,4009
61,4010
-299,4011
41,4012
54,4013
-290,4014
39,4015
-285,4016
38,4017
-294,4018
48,4019
-306,4020
52,4021
63,4022
-294,4023
43,4024
-285,4025
28,4026
-289,4027
52,4028
38,4029
-279,4030
28,4031
89,4032
72,4033
70,4034
-298,4035
-303,4036
-247,4037
31,4038
41,4039
52,4040
-298,4041
-297,4042
-285,4043
57,4044
-280,4045
30,4046
28,4047
-301,4048
-290,4049
44,4050
-286,4051
73,4052
28,4053
28,4054
28,4055
-234,4056
73,4057
38,4058
44,4059
86,4060
37,4061
77,4062
-302,4063
31,4064
-293,4065
25,4066
36,4067
56,4068
77,4069
56,4070
-299,4071
76,4072
25,4073
29,4074
-303,4075
28,4076
-262,4077
41,4078
54,4079
62,4080
62,4081
54,4082
-292,4083
35,4084
-287,4085
-296,4086
29,4087
48,4088
87,4089
61,4090
82,4091
-263,4092
26,4093
63,4094
39,4095
115,4096
-287,4097
57,4098
109,4099
-270,4100
63,4101
-321,4102
-251,4103
-264,4104
143,4105
-275,4106
25,4107
-302,4108
28,4109
-249,4110
-289,4111
71,4112
-300,4113
23,4114
34,4115
-300,4116
70,4117
-262,4118
-288,4119
53,4120
-250,4121
36,4122
62,4123
56,4124
-283,4125
-287,4126
-256,4127
55,4128
37,4129
97,4130
34,4131
42,4132
33,4133
80,4134
23,4135
130,4136
46,4137
63,4138
-291,4139
105,4140
87,4141
96,4142
-284,4143
27,4144
42,4145
46,4146
25,4147
80,4148
-305,4149
-272,4150
58,4151
-289,4152
-288,4153
106,4154
53,4155
-266,4156
46,4157
52,4158
72,4159
80,4160
-294,4161
-306,4162
-297,4163
-230,4164
40,4165
-300,4166
-289,4167
60,4168
-298,4169
-284,4170
85,4171
65,4172
25,4173
-271,4174
28,4175
-292,4176
33,4177
-253,4178
-298,4179
43,4180
26,4181
31,4182
30,4183
28,4184
36,4185
130,4186
82,4187
-296,4188
58,4189
37,4190
-290,4191
79,4192
-283,4193
-264,4194
34,4195
31,4196
72,4197
25,4198
49,4199
86,4200
41,4201
-249,4202
-279,4203
68,4204
-267,4205
-298,4206
62,4207
39,4208
43,4209
-291,4210
27,4211
37,4212
25,4213
50,4214
-300,4215
53,4216
25,4217
-302,4218
-295,4219
25,4220
56,4221
35,4222
43,4223
61,4224
70,4225
23,4226
25,4227
-289,4228
-295,4229
25,4230
25,4231
81,4232
42,4233
-250,4234
58,4235
38,4236
24,4237
28,4238
49,4239
90,4240
44,4241
-281,4242
90,4243
75,4244
81,4245
-275,4246
60,4247
25,4248
60,4249
32,4250
-268,4251
46,4252
93,4253
51,4254
39,4255
53,4256
32,4257
47,4258
-289,4259
-224,4260
55,4261
28,4262
-256,4263
-300,4264
25,4265
-254,4266
49,4267
31,4268
41,4269
-299,4270
31,4271
50,4272
50,4273
25,4274
84,4275
-309,4276
45,4277
41,4278
-298,4279
48,4280
25,4281
-300,4282
32,4283
25,4284
-286,4285
38,4286
29,4287
-299,4288
-293,4289
-251,4290
46,4291
71,4292
53,4293
-253,4294
52,4295
40,4296
-287,4297
25,4298
-283,4299
46,4300
72,4301
-277,4302
-282,4303
-296,4304
44,4305
51,4306
-265,4307
34,4308
-299,4309
58,4310
-283,4311
-299,4312
71,4313
35,4314
-297,4315
40,4316
90,4317
-298,4318
50,4319
83,4320
-272,4321
31,4322
25,4323
42,4324
82,4325
68,4326
-286,4327
27,4328
36,4329
29,4330
50,4331
66,4332
-230,4333
-277,4334
67,4335
-289,4336
64,4337
54,4338
-288,4339
93,4340
-290,4341
30,4342
-302,4343
-291,4344
98,4345
42,4346
92,4347
33,4348
25,4349
25,4350
33,4351
41,4352
29,4353
87,4354
-264,4355
-302,4356
60,4357
25,4358
-298,4359
-300,4360
45,4361
61,4362
41,4363
61,4364
25,4365
36,4366
67,4367
46,4368
-286,4369
107,4370
59,4371
25,4372
39,4373
64,4374
66,4375
25,4376
25,4377
-285,4378
76,4379
67,4380
51,4381
31,4382
63,4383
-288,4384
31,4385
41,4386
36,4387
39,4388
70,4389
31,4390
25,4391
-292,4392
25,4393
98,4394
48,4395
71,4396
-279,4397
48,4398
32,4399
32,4400
44,4401
49,4402
109,4403
25,4404
69,4405
-252,4406
36,4407
-285,4408
-291,4409
33,4410
28,4411
35,4412
-291,4413
25,4414
105,4415
36,4416
-274,4417
-293,4418
51,4419
61,4420
74,4421
32,4422
-284,4423
165,4424
31,4425
-299,4426
47,4427
34,4428
-295,4429
-293,4430
-309,4431
66,4432
-243,4433
61,4434
59,4435
72,4436
45,4437
62,4438
40,4439
-300,4440
-289,4441
25,4442
29,4443
-279,4444
-289,4445
-300,4446
80,4447
-278,4448
66,4449
49,4450
-290,4451
92,4452
-262,4453
40,4454
-275,4455
26,4456
63,4457
34,4458
99,4459
30,4460
-236,4461
-287,4462
-294,4463
35,4464
-296,4465
36,4466
25,4467
63,4468
-302,4469
-303,4470
78,4471
25,4472
-284,4473
-267,4474
-281,4475
-284,4476
114,4477
-299,4478
35,4479
59,4480
-300,4481
43,4482
54,4483
43,4484
47,4485
58,4486
-300,4487
-290,4488
48,4489
55,4490
42,4491
-297,4492
26,4493
57,4494
132,4495
-216,4496
25,4497
48,4498
64,4499
31,4500
28,4501
-294,4502
-284,4503
35,4504
-291,4505
58,4506
23,4507
-290,4508
-288,4509
35,4510
-249,4511
92,4512
46,4513
44,4514
37,4515
51,4516
80,4517
-300,4518
95,4519
-300,4520
84,4521
61,4522
42,4523
25,4524
54,4525
38,4526
79,4527
47,4528
49,4529
45,4530
36,4531
48,4532
33,4533
-275,4534
28,4535
49,4536
86,4537
60,4538
79,4539
-272,4540
-272,4541
-286,4542
69,4543
28,4544
42,4545
-261,4546
25,4547
72,4548
-270,4549
33,4550
139,4551
26,4552
-302,4553
119,4554
-288,4555
67,4556
-240,4557
24,4558
28,4559
66,4560
25,4561
56,4562
-285,4563
31,4564
23,4565
80,4566
-298,4567
-291,4568
52,4569
-287,4570
-274,4571
58,4572
-278,4573
44,4574
60,4575
63,4576
50,4577
37,4578
50,4579
-279,4580
-287,4581
-297,4582
-284,4583
-300,4584
25,4585
85,4586
50,4587
-299,4588
-284,4589
52,4590
-279,4591
113,4592
72,4593
41,4594
-273,4595
46,4596
-293,4597
25,4598
42,4599
60,4600
72,4601
80,4602
25,4603
-283,4604
28,4605
25,4606
25,4607
32,4608
23,4609
77,4610
104,4611
-263,4612
-297,4613
-264,4614
35,4615
-288,4616
-282,4617
25,4618
55,4619
-283,4620
-276,4621
58,4622
28,4623
71,4624
-278,4625
74,4626
25,4627
32,4628
25,4629
-296,4630
69,4631
-295,4632
42,4633
56,4634
-284,4635
85,4636
33,4637
-257,4638
-291,4639
-295,4640
74,4641
-300,4642
46,4643
25,4644
62,4645
49,4646
25,4647
104,4648
-294,4649
-272,4650
56,4651
50,4652
25,4653
28,4654
25,4655
50,4656
41,4657
119,4658
-302,4659
25,4660
57,4661
45,4662
-224,4663
39,4664
-276,4665
37,4666
25,4667
39,4668
43,4669
69,4670
-299,4671
31,4672
25,4673
-297,4674
27,4675
50,4676
-293,4677
59,4678
56,4679
-300,4680
-282,4681
55,4682
65,4683
39,4684
-265,4685
45,4686
-297,4687
24,4688
-243,4689
49,4690
-277,4691
51,4692
43,4693
37,4694
27,4695
34,4696
-286,4697
-286,4698
60,4699
-300,4700
66,4701
-217,4702
-294,4703
44,4704
72,4705
107,4706
51,4707
17,4708
-268,4709
-296,4710
-187,4711
55,4712
-300,4713
38,4714
39,4715
59,4716
50,4717
-264,4718
99,4719
48,4720
-230,4721
72,4722
37,4723
62,4724
41,4725
25,4726
90,4727
25,4728
39,4729
-300,4730
25,4731
43,4732
95,4733
27,4734
-300,4735
45,4736
-301,4737
56,4738
25,4739
-298,4740
108,4741
28,4742
34,4743
44,4744
-290,4745
54,4746
44,4747
-294,4748
-271,4749
52,4750
-260,4751
61,4752
55,4753
33,4754
79,4755
56,4756
81,4757
28,4758
-294,4759
76,4760
25,4761
55,4762
-300,4763
-241,4764
101,4765
50,4766
-300,4767
55,4768
46,4769
49,4770
-294,4771
33,4772
78,4773
-279,4774
53,4775
31,4776
37,4777
46,4778
144,4779
25,4780
-294,4781
-300,4782
74,4783
25,4784
-294,4785
-297,4786
-243,4787
23,4788
42,4789
42,4790
37,4791
62,4792
104,4793
25,4794
-303,4795
63,4796
63,4797
64,4798
-298,4799
28,4800
69,4801
32,4802
60,4803
46,4804
25,4805
49,4806
38,4807
38,4808
-304,4809
29,4810
40,4811
43,4812
31,4813
49,4814
86,4815
-253,4816
-301,4817
79,4818
39,4819
-303,4820
36,4821
-302,4822
48,4823
40,4824
35,4825
-293,4826
34,4827
-269,4828
33,4829
29,4830
35,4831
74,4832
53,4833
-308,4834
-289,4835
45,4836
44,4837
79,4838
27,4839
58,4840
52,4841
50,4842
39,4843
56,4844
-281,4845
49,4846
29,4847
35,4848
69,4849
-299,4850
67,4851
-285,4852
31,4853
67,4854
50,4855
62,4856
70,4857
25,4858
48,4859
31,4860
34,4861
34,4862
64,4863
55,4864
-261,4865
-303,4866
-294,4867
25,4868
32,4869
24,4870
27,4871
57,4872
-245,4873
-289,4874
-271,4875
25,4876
-281,4877
25,4878
33,4879
39,4880
31,4881
25,4882
-273,4883
34,4884
53,4885
-290,4886
25,4887
83,4888
32,4889
44,4890
-290,4891
-295,4892
123,4893
-231,4894
47,4895
68,4896
80,4897
31,4898
33,4899
-256,4900
48,4901
66,4902
25,4903
48,4904
74,4905
25,4906
29,4907
145,4908
36,4909
70,4910
57,4911
25,4912
23,4913
-290,4914
49,4915
91,4916
84,4917
56,4918
62,4919
81,4920
28,4921
-277,4922
30,4923
100,4924
-207,4925
35,4926
52,4927
-293,4928
30,4929
27,4930
-302,4931
26,4932
25,4933
-269,4934
34,4935
28,4936
40,4937
30,4938
28,4939
53,4940
28,4941
37,4942
-274,4943
61,4944
28,4945
-273,4946
25,4947
90,4948
-274,4949
-291,4950
-236,4951
42,4952
-265,4953
40,4954
50,4955
-294,4956
34,4957
71,4958
44,4959
51,4960
69,4961
41,4962
-273,4963
58,4964
-303,4965
-273,4966
47,4967
29,4968
25,4969
31,4970
-297,4971
-263,4972
39,4973
-300,4974
39,4975
41,4976
46,4977
-291,4978
25,4979
41,4980
81,4981
28,4982
-298,4983
31,4984
-298,4985
113,4986
46,4987
34,4988
24,4989
-297,4990
68,4991
62,4992
41,4993
44,4994
28,4995
32,4996
44,4997
-299,4998
-300,4999
50,5000
41,5001
-259,5002
25,5003
61,5004
46,5005
-287,5006
-294,5007
46,5008
28,5009
25,5010
31,5011
42,5012
34,5013
-300,5014
65,5015
-286,5016
88,5017
27,5018
61,5019
76,5020
106,5021
24,5022
-297,5023
27,5024
36,5025
50,5026
31,5027
61,5028
48,5029
70,5030
59,5031
25,5032
-297,5033
57,5034
66,5035
94,5036
56,5037
-222,5038
100,5039
48,5040
25,5041
47,5042
35,5043
-294,5044
45,5045
46,5046
29,5047
52,5048
-284,5049
25,5050
86,5051
-295,5052
71,5053
36,5054
-300,5055
29,5056
46,5057
49,5058
-274,5059
39,5060
55,5061
60,5062
49,5063
-299,5064
157,5065
51,5066
59,5067
27,5068
-288,5069
101,5070
25,5071
-297,5072
57,5073
31,5074
28,5075
-207,5076
-260,5077
-291,5078
-268,5079
51,5080
-276,5081
44,5082
-303,5083
-250,5084
35,5085
-304,5086
30,5087
52,5088
36,5089
66,5090
84,5091
58,5092
50,5093
-280,5094
48,5095
50,5096
25,5097
59,5098
-289,5099
-301,5100
45,5101
68,5102
-302,5103
48,5104
28,5105
-256,5106
-300,5107
-274,5108
25,5109
27,5110
112,5111
-191,5112
63,5113
-235,5114
46,5115
63,5116
42,5117
44,5118
37,5119
-305,5120
57,5121
62,5122
-295,5123
33,5124
-268,5125
48,5126
30,5127
25,5128
33,5129
73,5130
59,5131
36,5132
-300,5133
84,5134
71,5135
58,5136
-283,5137
39,5138
-279,5139
-240,5140
-280,5141
103,5142
125,5143
38,5144
50,5145
42,5146
-290,5147
48,5148
51,5149
44,5150
85,5151
28,5152
52,5153
95,5154
-299,5155
55,5156
58,5157
46,5158
23,5159
-259,5160
68,5161
-237,5162
34,5163
38,5164
34,5165
-290,5166
52,5167
40,5168
43,5169
59,5170
65,5171
-298,5172
56,5173
-294,5174
74,5175
-300,5176
63,5177
24,5178
-267,5179
27,5180
101,5181
45,5182
27,5183
60,5184
57,5185
85,5186
48,5187
49,5188
-301,5189
61,5190
-189,5191
60,5192
25,5193
35,5194
-284,5195
28,5196
76,5197
38,5198
62,5199
-300,5200
84,5201
45,5202
28,5203
46,5204
27,5205
43,5206
51,5207
-296,5208
-285,5209
57,5210
-285,5211
42,5212
46,5213
-282,5214
25,5215
-265,5216
-297,5217
115,5218
111,5219
54,5220
-276,5221
-268,5222
51,5223
-295,5224
35,5225
-300,5226
47,5227
-299,5228
29,5229
25,5230
-284,5231
58,5232
-232,5233
57,5234
47,5235
66,5236
36,5237
53,5238
-254,5239
67,5240
98,5241
32,5242
42,5243
-284,5244
47,5245
55,5246
52,5247
67,5248
-300,5249
34,5250
38,5251
-302,5252
-300,5253
51,5254
-285,5255
55,5256
25,5257
34,5258
36,5259
50,5260
54,5261
45,5262
60,5263
-287,5264
67,5265
67,5266
144,5267
-300,5268
35,5269
47,5270
67,5271
64,5272
30,5273
-291,5274
63,5275
47,5276
43,5277
28,5278
97,5279
32,5280
43,5281
25,5282
60,5283
25,5284
-295,5285
33,5286
42,5287
102,5288
52,5289
-292,5290
-289,5291
40,5292
-260,5293
25,5294
-289,5295
38,5296
-284,5297
-283,5298
61,5299
49,5300
34,5301
46,5302
39,5303
-301,5304
31,5305
-267,5306
111,5307
-235,5308
62,5309
-276,5310
65,5311
43,5312
42,5313
28,5314
-297,5315
43,5316
-296,5317
72,5318
140,5319
25,5320
-256,5321
33,5322
-221,5323
23,5324
55,5325
58,5326
37,5327
39,5328
-299,5329
28,5330
-294,5331
70,5332
27,5333
51,5334
39,5335
-239,5336
25,5337
132,5338
45,5339
37,5340
77,5341
31,5342
64,5343
-293,5344
-294,5345
-291,5346
31,5347
58,5348
29,5349
-227,5350
56,5351
105,5352
31,5353
56,5354
29,5355
38,5356
-279,5357
37,5358
-264,5359
28,5360
41,5361
43,5362
-298,5363
-258,5364
25,5365
44,5366
39,5367
31,5368
60,5369
34,5370
48,5371
-302,5372
45,5373
-289,5374
-294,5375
49,5376
58,5377
68,5378
55,5379
41,5380
43,5381
-300,5382
75,5383
57,5384
105,5385
51,5386
82,5387
50,5388
56,5389
73,5390
23,5391
-299,5392
-288,5393
25,5394
23,5395
-286,5396
41,5397
25,5398
34,5399
63,5400
56,5401
-284,5402
-282,5403
74,5404
-273,5405
34,5406
25,5407
50,5408
-299,5409
40,5410
-254,5411
30,5412
-295,5413
61,5414
31,5415
32,5416
-297,5417
26,5418
85,5419
60,5420
37,5421
-292,5422
-261,5423
34,5424
-286,5425
78,5426
-297,5427
-271,5428
39,5429
31,5430
-300,5431
24,5432
-272,5433
123,5434
31,5435
25,5436
70,5437
25,5438
60,5439
73,5440
77,5441
77,5442
28,5443
62,5444
61,5445
-289,5446
35,5447
-304,5448
-298,5449
-255,5450
59,5451
31,5452
-228,5453
119,5454
35,5455
-302,5456
36,5457
-280,5458
103,5459
43,5460
-282,5461
116,5462
-286,5463
-295,5464
-269,5465
93,5466
32,5467
-294,5468
-255,5469
53,5470
-300,5471
-297,5472
25,5473
-277,5474
73,5475
57,5476
41,5477
-298,5478
83,5479
49,5480
-301,5481
63,5482
43,5483
99,5484
-286,5485
41,5486
25,5487
-299,5488
-280,5489
46,5490
56,5491
28,5492
25,5493
65,5494
31,5495
-289,5496
41,5497
70,5498
66,5499
64,5500
60,5501
38,5502
-257,5503
58,5504
34,5505
49,5506
57,5507
-297,5508
55,5509
-304,5510
79,5511
-235,5512
38,5513
-280,5514
32,5515
29,5516
28,5517
-271,5518
38,5519
-268,5520
57,5521
25,5522
-217,5523
28,5524
70,5525
-182,5526
-268,5527
45,5528
25,5529
-296,5530
-240,5531
43,5532
54,5533
84,5534
33,5535
69,5536
40,5537
60,5538
66,5539
25,5540
50,5541
77,5542
23,5543
38,5544
55,5545
37,5546
60,5547
-268,5548
63,5549
-235,5550
50,5551
23,5552
-286,5553
-301,5554
-287,5555
-257,5556
53,5557
-297,5558
-301,5559
-296,5560
46,5561
-302,5562
51,5563
25,5564
-302,5565
56,5566
-266,5567
25,5568
-281,5569
25,5570
33,5571
51,5572
40,5573
28,5574
53,5575
114,5576
-257,5577
108,5578
60,5579
27,5580
50,5581
52,5582
38,5583
-272,5584
-183,5585
-278,5586
63,5587
64,5588
25,5589
31,5590
63,5591
45,5592
-294,5593
-289,5594
122,5595
59,5596
-273,5597
-265,5598
34,5599
25,5600
28,5601
25,5602
25,5603
52,5604
61,5605
41,5606
25,5607
64,5608
33,5609
89,5610
37,5611
75,5612
23,5613
-295,5614
39,5615
-292,5616
-246,5617
67,5618
-234,5619
55,5620
-305,5621
54,5622
-300,5623
48,5624
25,5625
-300,5626
23,5627
49,5628
28,5629
48,5630
36,5631
53,5632
51,5633
31,5634
57,5635
-287,5636
-258,5637
88,5638
-297,5639
79,5640
72,5641
60,5642
-289,5643
-263,5644
48,5645
141,5646
74,5647
27,5648
25,5649
-299,5650
78,5651
24,5652
-276,5653
28,5654
30,5655
-302,5656
37,5657
29,5658
54,5659
121,5660
74,5661
36,5662
47,5663
44,5664
97,5665
24,5666
98,5667
-278,5668
52,5669
45,5670
-276,5671
44,5672
-276,5673
36,5674
35,5675
81,5676
34,5677
30,5678
32,5679
40,5680
66,5681
54,5682
-265,5683
89,5684
47,5685
60,5686
40,5687
73,5688
53,5689
28,5690
47,5691
25,5692
-238,5693
-257,5694
108,5695
37,5696
100,5697
-271,5698
45,5699
39,5700
63,5701
-287,5702
25,5703
77,5704
-258,5705
-299,5706
55,5707
40,5708
-288,5709
38,5710
-287,5711
25,5712
38,5713
28,5714
-297,5715
25,5716
34,5717
44,5718
57,5719
44,5720
43,5721
-272,5722
26,5723
28,5724
-294,5725
59,5726
25,5727
67,5728
-284,5729
72,5730
49,5731
41,5732
33,5733
65,5734
30,5735
26,5736
76,5737
34,5738
84,5739
28,5740
98,5741
-294,5742
45,5743
31,5744
33,5745
93,5746
45,5747
38,5748
25,5749
-294,5750
63,5751
71,5752
73,5753
-266,5754
-300,5755
81,5756
36,5757
-270,5758
40,5759
40,5760
43,5761
-273,5762
66,5763
34,5764
36,5765
-274,5766
25,5767
-280,5768
91,5769
39,5770
25,5771
-293,5772
-302,5773
67,5774
36,5775
50,5776
25,5777
50,5778
52,5779
37,5780
23,5781
-299,5782
-273,5783
45,5784
26,5785
38,5786
50,5787
42,5788
81,5789
101,5790
53,5791
69,5792
47,5793
-300,5794
-265,5795
42,5796
-301,5797
-273,5798
47,5799
-283,5800
25,5801
43,5802
54,5803
37,5804
131,5805
25,5806
-292,5807
41,5808
-302,5809
31,5810
29,5811
47,5812
67,5813
25,5814
31,5815
31,5816
-284,5817
-273,5818
-286,5819
48,5820
-265,5821
74,5822
30,5823
-287,5824
73,5825
66,5826
57,5827
103,5828
53,5829
47,5830
39,5831
61,5832
-297,5833
-300,5834
46,5835
48,5836
35,5837
-297,5838
25,5839
65,5840
-298,5841
-302,5842
123,5843
-300,5844
27,5845
28,5846
36,5847
49,5848
-298,5849
-290,5850
34,5851
53,5852
25,5853
-276,5854
-306,5855
28,5856
49,5857
38,5858
45,5859
53,5860
41,5861
29,5862
86,5863
59,5864
28,5865
34,5866
-295,5867
-268,5868
28,5869
52,5870
25,5871
61,5872
40,5873
66,5874
111,5875
40,5876
-276,5877
25,5878
32,5879
25,5880
-279,5881
58,5882
58,5883
31,5884
72,5885
-300,5886
30,5887
69,5888
-287,5889
111,5890
36,5891
-303,5892
-278,5893
-298,5894
44,5895
53,5896
-292,5897
38,5898
40,5899
-283,5900
38,5901
-278,5902
-286,5903
25,5904
-287,5905
45,5906
24,5907
60,5908
93,5909
25,5910
35,5911
33,5912
-294,5913
45,5914
38,5915
-300,5916
42,5917
37,5918
37,5919
63,5920
45,5921
46,5922
44,5923
25,5924
60,5925
42,5926
31,5927
53,5928
-297,5929
-281,5930
25,5931
-278,5932
31,5933
40,5934
52,5935
101,5936
25,5937
81,5938
25,5939
44,5940
80,5941
25,5942
79,5943
-263,5944
42,5945
48,5946
28,5947
78,5948
70,5949
80,5950
45,5951
32,5952
42,5953
29,5954
44,5955
31,5956
56,5957
31,5958
38,5959
-295,5960
28,5961
42,5962
74,5963
-294,5964
43,5965
-302,5966
74,5967
45,5968
52,5969
48,5970
-299,5971
25,5972
40,5973
-241,5974
45,5975
88,5976
54,5977
50,5978
-264,5979
81,5980
107,5981
31,5982
101,5983
34,5984
67,5985
26,5986
48,5987
31,5988
40,5989
-282,5990
-265,5991
25,5992
42,5993
-298,5994
-287,5995
32,5996
61,5997
23,5998
29,5999
95,6000
-284,6001
44,6002
55,6003
-301,6004
28,6005
33,6006
-271,6007
-261,6008
-297,6009
30,6010
37,6011
28,6012
61,6013
75,6014
41,6015
82,6016
28,6017
58,6018
57,6019
31,6020
66,6021
-294,6022
54,6023
41,6024
-289,6025
52,6026
-295,6027
42,6028
46,6029
24,6030
-285,6031
37,6032
-301,6033
59,6034
27,6035
-290,6036
28,6037
64,6038
43,6039
32,6040
52,6041
63,6042
87,6043
31,6044
27,6045
-303,6046
32,6047
31,6048
41,6049
61,6050
-296,6051
41,6052
46,6053
29,6054
88,6055
65,6056
-275,6057
25,6058
40,6059
94,6060
-296,6061
-266,6062
80,6063
28,6064
34,6065
44,6066
34,6067
37,6068
34,6069
68,6070
-300,6071
-242,6072
108,6073
-294,6074
24,6075
38,6076
40,6077
78,6078
73,6079
66,6080
-246,6081
29,6082
-291,6083
33,6084
53,6085
42,6086
52,6087
53,6088
37,6089
69,6090
-279,6091
28,6092
52,6093
49,6094
39,6095
55,6096
44,6097
73,6098
49,6099
46,6100
54,6101
25,6102
-274,6103
31,6104
61,6105
51,6106
-292,6107
39,6108
48,6109
74,6110
52,6111
48,6112
40,6113
34,6114
38,6115
28,6116
25,6117
-297,6118
39,6119
24,6120
-301,6121
-265,6122
52,6123
-278,6124
48,6125
28,6126
117,6127
56,6128
28,6129
-293,6130
52,6131
37,6132
28,6133
125,6134
25,6135
25,6136
28,6137
35,6138
47,6139
26,6140
28,6141
50,6142
35,6143
120,6144
40,6145
24,6146
28,6147
58,6148
-275,6149
49,6150
35,6151
42,6152
-262,6153
-297,6154
64,6155
38,6156
43,6157
107,6158
32,6159
54,6160
49,6161
28,6162
-254,6163
52,6164
-287,6165
36,6166
25,6167
32,6168
38,6169
25,6170
39,6171
33,6172
54,6173
32,6174
45,6175
86,6176
69,6177
37,6178
46,6179
69,6180
23,6181
39,6182
-271,6183
37,6184
-258,6185
33,6186
59,6187
-292,6188
64,6189
59,6190
25,6191
-292,6192
-286,6193
57,6194
50,6195
37,6196
25,6197
25,6198
-305,6199
-291,6200
-291,6201
58,6202
25,6203
53,6204
79,6205
90,6206
31,6207
33,6208
-252,6209
31,6210
66,6211
-299,6212
73,6213
45,6214
26,6215
-263,6216
60,6217
28,6218
41,6219
96,6220
36,6221
49,6222
39,6223
69,6224
66,6225
69,6226
33,6227
81,6228
59,6229
86,6230
40,6231
32,6232
34,6233
-298,6234
-302,6235
96,6236
31,6237
48,6238
31,6239
-278,6240
72,6241
-299,6242
37,6243
-276,6244
108,6245
34,6246
25,6247
-261,6248
-271,6249
49,6250
-297,6251
-297,6252
75,6253
40,6254
28,6255
-276,6256
63,6257
-256,6258
62,6259
90,6260
76,6261
23,6262
-266,6263
38,6264
51,6265
-288,6266
71,6267
84,6268
106,6269
-274,6270
58,6271
58,6272
34,6273
29,6274
34,6275
25,6276
67,6277
38,6278
63,6279
-292,6280
63,6281
-270,6282
-290,6283
26,6284
33,6285
40,6286
28,6287
29,6288
25,6289
55,6290
25,6291
-272,6292
35,6293
25,6294
92,6295
-269,6296
62,6297
-298,6298
57,6299
25,6300
68,6301
-268,6302
-298,6303
-269,6304
38,6305
-285,6306
39,6307
48,6308
53,6309
31,6310
68,6311
49,6312
-296,6313
69,6314
55,6315
-294,6316
-283,6317
28,6318
70,6319
55,6320
25,6321
-280,6322
-304,6323
-300,6324
-277,6325
-245,6326
42,6327
31,6328
52,6329
36,6330
-277,6331
37,6332
-267,6333
65,6334
30,6335
25,6336
74,6337
-299,6338
-281,6339
47,6340
25,6341
45,6342
67,6343
53,6344
-301,6345
85,6346
-285,6347
23,6348
86,6349
33,6350
-297,6351
33,6352
43,6353
58,6354
-289,6355
74,6356
45,6357
31,6358
-273,6359
50,6360
28,6361
55,6362
46,6363
34,6364
24,6365
28,6366
23,6367
59,6368
47,6369
34,6370
81,6371
-294,6372
25,6373
77,6374
-291,6375
69,6376
41,6377
37,6378
41,6379
-289,6380
-292,6381
42,6382
-302,6383
28,6384
51,6385
36,6386
36,6387
61,6388
23,6389
31,6390
78,6391
91,6392
25,6393
-259,6394
48,6395
64,6396
31,6397
100,6398
-279,6399
25,6400
31,6401
85,6402
38,6403
46,6404
35,6405
52,6406
28,6407
-302,6408
103,6409
59,6410
36,6411
36,6412
57,6413
25,6414
49,6415
45,6416
-300,6417
32,6418
29,6419
48,6420
36,6421
78,6422
79,6423
47,6424
41,6425
-306,6426
36,6427
30,6428
40,6429
-304,6430
57,6431
-308,6432
38,6433
62,6434
49,6435
-268,6436
86,6437
31,6438
35,6439
76,6440
-293,6441
-295,6442
25,6443
-296,6444
24,6445
47,6446
57,6447
-297,6448
-300,6449
-296,6450
39,6451
49,6452
31,6453
24,6454
40,6455
82,6456
39,6457
63,6458
35,6459
68,6460
-250,6461
62,6462
41,6463
50,6464
88,6465
54,6466
79,6467
47,6468
71,6469
31,6470
25,6471
75,6472
-291,6473
57,6474
24,6475
-294,6476
25,6477
30,6478
31,6479
49,6480
-269,6481
24,6482
70,6483
28,6484
44,6485
55,6486
115,6487
39,6488
92,6489
-300,6490
47,6491
25,6492
59,6493
-299,6494
36,6495
63,6496
-295,6497
34,6498
28,6499
39,6500
28,6501
-294,6502
-295,6503
27,6504
43,6505
61,6506
31,6507
43,6508
-276,6509
-274,6510
24,6511
28,6512
57,6513
37,6514
61,6515
55,6516
70,6517
27,6518
-287,6519
36,6520
-289,6521
45,6522
46,6523
55,6524
92,6525
30,6526
25,6527
-297,6528
24,6529
58,6530
68,6531
-294,6532
26,6533
77,6534
34,6535
25,6536
50,6537
-289,6538
39,6539
86,6540
72,6541
24,6542
31,6543
43,6544
-275,6545
40,6546
45,6547
41,6548
85,6549
-292,6550
59,6551
-271,6552
-282,6553
42,6554
25,6555
-295,6556
25,6557
-297,6558
-288,6559
27,6560
40,6561
34,6562
41,6563
-304,6564
41,6565
34,6566
25,6567
31,6568
37,6569
30,6570
45,6571
31,6572
34,6573
-292,6574
54,6575
29,6576
47,6577
48,6578
56,6579
32,6580
28,6581
39,6582
25,6583
42,6584
-296,6585
54,6586
-282,6587
32,6588
40,6589
41,6590
57,6591
36,6592
25,6593
27,6594
67,6595
44,6596
43,6597
43,6598
34,6599
103,6600
-269,6601
70,6602
49,6603
-297,6604
65,6605
28,6606
-306,6607
63,6608
42,6609
-300,6610
127,6611
61,6612
50,6613
-264,6614
27,6615
43,6616
25,6617
40,6618
37,6619
25,6620
44,6621
32,6622
-276,6623
34,6624
69,6625
31,6626
34,6627
28,6628
-297,6629
61,6630
-297,6631
39,6632
-288,6633
36,6634
36,6635
46,6636
41,6637
-294,6638
-298,6639
28,6640
50,6641
57,6642
25,6643
85,6644
57,6645
25,6646
-238,6647
54,6648
123,6649
41,6650
-285,6651
43,6652
-285,6653
57,6654
43,6655
91,6656
54,6657
37,6658
40,6659
87,6660
25,6661
81,6662
130,6663
-274,6664
90,6665
23,6666
25,6667
86,6668
51,6669
23,6670
29,6671
38,6672
33,6673
69,6674
-298,6675
-285,6676
27,6677
72,6678
50,6679
40,6680
68,6681
-293,6682
25,6683
31,6684
37,6685
29,6686
40,6687
25,6688
42,6689
40,6690
45,6691
66,6692
25,6693
-218,6694
79,6695
-297,6696
-294,6697
93,6698
53,6699
74,6700
40,6701
-298,6702
37,6703
40,6704
51,6705
42,6706
-257,6707
-281,6708
39,6709
41,6710
59,6711
-299,6712
64,6713
34,6714
29,6715
82,6716
35,6717
-296,6718
46,6719
-291,6720
26,6721
40,6722
49,6723
44,6724
57,6725
54,6726
59,6727
32,6728
-300,6729
-233,6730
54,6731
23,6732
31,6733
-293,6734
38,6735
-297,6736
38,6737
26,6738
24,6739
44,6740
59,6741
33,6742
21,6743
106,6744
38,6745
25,6746
92,6747
52,6748
42,6749
-301,6750
47,6751
-295,6752
28,6753
60,6754
25,6755
32,6756
59,6757
95,6758
-300,6759
31,6760
34,6761
-302,6762
71,6763
45,6764
28,6765
-301,6766
77,6767
56,6768
105,6769
28,6770
42,6771
-298,6772
-269,6773
66,6774
48,6775
80,6776
50,6777
41,6778
56,6779
-277,6780
-294,6781
69,6782
115,6783
45,6784
44,6785
25,6786
60,6787
49,6788
52,6789
40,6790
-300,6791
100,6792
61,6793
38,6794
33,6795
25,6796
68,6797
44,6798
62,6799
44,6800
26,6801
49,6802
41,6803
37,6804
78,6805
77,6806
42,6807
-300,6808
138,6809
25,6810
30,6811
88,6812
61,6813
-287,6814
62,6815
28,6816
25,6817
-300,6818
50,6819
-286,6820
28,6821
49,6822
46,6823
58,6824
42,6825
-298,6826
50,6827
25,6828
59,6829
111,6830
109,6831
-282,6832
49,6833
31,6834
98,6835
40,6836
-277,6837
36,6838
63,6839
-279,6840
91,6841
61,6842
35,6843
26,6844
26,6845
31,6846
31,6847
-227,6848
29,6849
57,6850
-297,6851
24,6852
-305,6853
35,6854
34,6855
31,6856
-284,6857
56,6858
52,6859
-303,6860
63,6861
33,6862
33,6863
43,6864
-295,6865
28,6866
78,6867
37,6868
40,6869
23,6870
-291,6871
38,6872
30,6873
31,6874
67,6875
25,6876
58,6877
25,6878
61,6879
34,6880
45,6881
25,6882
28,6883
73,6884
43,6885
56,6886
53,6887
25,6888
-293,6889
82,6890
82,6891
-308,6892
45,6893
64,6894
41,6895
62,6896
75,6897
51,6898
-301,6899
37,6900
44,6901
-284,6902
58,6903
62,6904
52,6905
49,6906
36,6907
27,6908
45,6909
-294,6910
64,6911
-300,6912
29,6913
37,6914
25,6915
25,6916
39,6917
-283,6918
25,6919
33,6920
74,6921
35,6922
-270,6923
25,6924
-290,6925
25,6926
51,6927
34,6928
31,6929
38,6930
86,6931
-297,6932
48,6933
45,6934
40,6935
-293,6936
48,6937
62,6938
-285,6939
28,6940
74,6941
82,6942
71,6943
34,6944
25,6945
40,6946
60,6947
67,6948
74,6949
53,6950
61,6951
51,6952
61,6953
-293,6954
44,6955
63,6956
66,6957
40,6958
41,6959
32,6960
41,6961
24,6962
36,6963
54,6964
61,6965
64,6966
25,6967
69,6968
28,6969
28,6970
29,6971
54,6972
-298,6973
47,6974
35,6975
30,6976
76,6977
31,6978
63,6979
-274,6980
48,6981
29,6982
-297,6983
-300,6984
72,6985
-300,6986
29,6987
28,6988
25,6989
36,6990
-295,6991
-252,6992
28,6993
45,6994
49,6995
25,6996
40,6997
25,6998
49,6999
36,7000
25,7001
26,7002
-270,7003
81,7004
52,7005
27,7006
31,7007
25,7008
40,7009
50,7010
65,7011
70,7012
94,7013
33,7014
101,7015
34,7016
72,7017
24,7018
40,7019
42,7020
82,7021
-296,7022
25,7023
32,7024
69,7025
68,7026
28,7027
46,7028
61,7029
41,7030
25,7031
45,7032
95,7033
-276,7034
68,7035
40,7036
-302,7037
128,7038
-294,7039
25,7040
36,7041
33,7042
50,7043
-281,7044
-300,7045
51,7046
34,7047
26,7048
56,7049
-299,7050
48,7051
33,7052
39,7053
-295,7054
126,7055
-284,7056
68,7057
48,7058
39,7059
54,7060
-292,7061
-270,7062
28,7063
23,7064
47,7065
28,7066
37,7067
84,7068
64,7069
39,7070
46,7071
53,7072
47,7073
37,7074
46,7075
41,7076
47,7077
71,7078
51,7079
71,7080
25,7081
127,7082
35,7083
44,7084
37,7085
37,7086
33,7087
25,7088
45,7089
62,7090
55,7091
49,7092
25,7093
51,7094
39,7095
-285,7096
59,7097
-288,7098
98,7099
52,7100
-288,7101
-294,7102
34,7103
-281,7104
25,7105
45,7106
39,7107
-300,7108
67,7109
67,7110
47,7111
26,7112
-203,7113
30,7114
28,7115
74,7116
-263,7117
-269,7118
46,7119
18,7120
32,7121
31,7122
45,7123
37,7124
95,7125
55,7126
64,7127
-298,7128
25,7129
31,7130
47,7131
41,7132
25,7133
82,7134
31,7135
65,7136
68,7137
31,7138
25,7139
40,7140
-275,7141
61,7142
31,7143
40,7144
-300,7145
58,7146
54,7147
33,7148
68,7149
32,7150
40,7151
-300,7152
61,7153
26,7154
34,7155
60,7156
29,7157
98,7158
30,7159
80,7160
41,7161
96,7162
-282,7163
96,7164
97,7165
38,7166
40,7167
33,7168
-277,7169
37,7170
53,7171
70,7172
34,7173
79,7174
-262,7175
-279,7176
55,7177
25,7178
46,7179
39,7180
34,7181
-296,7182
46,7183
34,7184
63,7185
33,7186
25,7187
25,7188
-275,7189
59,7190
44,7191
50,7192
52,7193
56,7194
32,7195
25,7196
-269,7197
28,7198
25,7199
47,7200
64,7201
65,7202
50,7203
-278,7204
-255,7205
77,7206
51,7207
34,7208
51,7209
-303,7210
-300,7211
64,7212
71,7213
70,7214
74,7215
72,7216
59,7217
83,7218
25,7219
-300,7220
40,7221
25,7222
28,7223
33,7224
81,7225
-269,7226
34,7227
34,7228
83,7229
64,7230
60,7231
31,7232
-283,7233
36,7234
-269,7235
-300,7236
45,7237
-298,7238
45,7239
65,7240
56,7241
28,7242
63,7243
66,7244
14,7245
28,7246
45,7247
45,7248
78,7249
57,7250
59,7251
-282,7252
25,7253
-283,7254
34,7255
47,7256
50,7257
-300,7258
57,7259
149,7260
31,7261
44,7262
25,7263
105,7264
61,7265
-288,7266
32,7267
39,7268
-293,7269
90,7270
66,7271
28,7272
39,7273
63,7274
66,7275
41,7276
57,7277
46,7278
86,7279
58,7280
40,7281
-293,7282
40,7283
43,7284
25,7285
90,7286
37,7287
-254,7288
35,7289
53,7290
29,7291
64,7292
36,7293
-286,7294
42,7295
74,7296
53,7297
-306,7298
73,7299
-297,7300
35,7301
-294,7302
59,7303
-296,7304
38,7305
30,7306
-302,7307
47,7308
55,7309
38,7310
66,7311
55,7312
28,7313
37,7314
53,7315
-270,7316
46,7317
53,7318
-300,7319
42,7320
50,7321
42,7322
40,7323
25,7324
54,7325
28,7326
62,7327
71,7328
32,7329
49,7330
-297,7331
25,7332
25,7333
23,7334
25,7335
36,7336
53,7337
32,7338
25,7339
35,7340
35,7341
41,7342
75,7343
-301,7344
31,7345
-276,7346
-295,7347
28,7348
92,7349
59,7350
38,7351
-288,7352
41,7353
38,7354
33,7355
30,7356
48,7357
-269,7358
119,7359
35,7360
23,7361
30,7362
44,7363
25,7364
30,7365
-282,7366
38,7367
47,7368
-280,7369
47,7370
91,7371
47,7372
38,7373
63,7374
28,7375
27,7376
46,7377
69,7378
54,7379
87,7380
41,7381
36,7382
41,7383
25,7384
25,7385
-284,7386
28,7387
-300,7388
-290,7389
41,7390
74,7391
-301,7392
54,7393
124,7394
97,7395
-282,7396
28,7397
56,7398
82,7399
-294,7400
50,7401
25,7402
25,7403
65,7404
28,7405
35,7406
43,7407
51,7408
73,7409
45,7410
-293,7411
50,7412
-294,7413
37,7414
89,7415
40,7416
41,7417
42,7418
51,7419
-275,7420
41,7421
36,7422
65,7423
25,7424
46,7425
32,7426
28,7427
28,7428
115,7429
31,7430
36,7431
40,7432
45,7433
31,7434
31,7435
-289,7436
45,7437
-300,7438
47,7439
47,7440
41,7441
36,7442
50,7443
-226,7444
51,7445
59,7446
59,7447
38,7448
59,7449
42,7450
41,7451
-297,7452
-297,7453
42,7454
37,7455
58,7456
30,7457
93,7458
45,7459
47,7460
56,7461
55,7462
-294,7463
28,7464
28,7465
43,7466
41,7467
30,7468
38,7469
23,7470
-286,7471
44,7472
67,7473
91,7474
-299,7475
75,7476
31,7477
25,7478
26,7479
-300,7480
24,7481
55,7482
71,7483
65,7484
59,7485
-298,7486
56,7487
37,7488
55,7489
28,7490
46,7491
41,7492
51,7493
61,7494
39,7495
66,7496
67,7497
-275,7498
57,7499
-309,7500
40,7501
47,7502
40,7503
97,7504
55,7505
69,7506
-301,7507
61,7508
36,7509
34,7510
48,7511
43,7512
-295,7513
57,7514
71,7515
35,7516
44,7517
55,7518
32,7519
36,7520
93,7521
45,7522
49,7523
43,7524
49,7525
-246,7526
43,7527
53,7528
45,7529
43,7530
-268,7531
37,7532
53,7533
35,7534
-252,7535
-243,7536
45,7537
47,7538
37,7539
52,7540
32,7541
25,7542
29,7543
27,7544
24,7545
67,7546
50,7547
48,7548
52,7549
56,7550
-275,7551
136,7552
40,7553
34,7554
-300,7555
22,7556
51,7557
82,7558
-296,7559
31,7560
68,7561
30,7562
31,7563
50,7564
32,7565
38,7566
39,7567
60,7568
-286,7569
62,7570
68,7571
43,7572
45,7573
40,7574
32,7575
60,7576
60,7577
48,7578
55,7579
52,7580
57,7581
-254,7582
46,7583
37,7584
25,7585
45,7586
89,7587
69,7588
28,7589
68,7590
25,7591
64,7592
40,7593
25,7594
67,7595
28,7596
38,7597
25,7598
32,7599
-262,7600
45,7601
23,7602
-294,7603
-286,7604
44,7605
25,7606
28,7607
-289,7608
71,7609
-292,7610
34,7611
46,7612
58,7613
-281,7614
76,7615
64,7616
41,7617
27,7618
61,7619
58,7620
56,7621
64,7622
58,7623
77,7624
41,7625
-295,7626
66,7627
74,7628
28,7629
-292,7630
-249,7631
33,7632
-228,7633
60,7634
40,7635
38,7636
39,7637
45,7638
31,7639
88,7640
34,7641
35,7642
52,7643
70,7644
55,7645
44,7646
-295,7647
-290,7648
-285,7649
48,7650
59,7651
23,7652
59,7653
53,7654
74,7655
26,7656
31,7657
62,7658
34,7659
29,7660
72,7661
43,7662
25,7663
-300,7664
25,7665
38,7666
40,7667
-291,7668
-297,7669
66,7670
41,7671
-293,7672
27,7673
58,7674
47,7675
25,7676
39,7677
-302,7678
67,7679
37,7680
-273,7681
37,7682
44,7683
25,7684
59,7685
40,7686
37,7687
23,7688
49,7689
56,7690
62,7691
-285,7692
28,7693
44,7694
35,7695
36,7696
43,7697
60,7698
50,7699
77,7700
92,7701
28,7702
37,7703
69,7704
42,7705
61,7706
52,7707
66,7708
31,7709
50,7710
91,7711
74,7712
66,7713
69,7714
35,7715
51,7716
34,7717
87,7718
45,7719
35,7720
52,7721
24,7722
50,7723
84,7724
-240,7725
28,7726
102,7727
31,7728
50,7729
36,7730
26,7731
34,7732
37,7733
25,7734
78,7735
85,7736
56,7737
37,7738
40,7739
67,7740
-300,7741
28,7742
32,7743
72,7744
-239,7745
39,7746
42,7747
31,7748
-291,7749
-290,7750
30,7751
28,7752
108,7753
32,7754
-301,7755
-301,7756
56,7757
38,7758
38,7759
-283,7760
-278,7761
50,7762
46,7763
55,7764
28,7765
43,7766
52,7767
24,7768
40,7769
49,7770
44,7771
32,7772
-297,7773
71,7774
23,7775
75,7776
76,7777
-283,7778
-290,7779
39,7780
122,7781
109,7782
36,7783
40,7784
-308,7785
62,7786
43,7787
28,7788
-275,7789
76,7790
49,7791
64,7792
35,7793
46,7794
35,7795
36,7796
-302,7797
53,7798
35,7799
50,7800
25,7801
54,7802
29,7803
63,7804
61,7805
50,7806
28,7807
34,7808
-298,7809
76,7810
32,7811
24,7812
41,7813
75,7814
28,7815
31,7816
52,7817
114,7818
37,7819
43,7820
62,7821
35,7822
46,7823
64,7824
41,7825
25,7826
51,7827
29,7828
25,7829
82,7830
-298,7831
67,7832
42,7833
56,7834
25,7835
-266,7836
40,7837
42,7838
58,7839
38,7840
111,7841
-281,7842
31,7843
28,7844
47,7845
67,7846
131,7847
73,7848
55,7849
31,7850
-300,7851
28,7852
38,7853
-297,7854
47,7855
28,7856
61,7857
57,7858
24,7859
55,7860
45,7861
-264,7862
93,7863
39,7864
54,7865
39,7866
78,7867
63,7868
-253,7869
-287,7870
89,7871
53,7872
94,7873
33,7874
23,7875
28,7876
83,7877
-296,7878
44,7879
57,7880
51,7881
25,7882
71,7883
55,7884
31,7885
66,7886
-311,7887
-287,7888
46,7889
71,7890
40,7891
32,7892
30,7893
119,7894
70,7895
52,7896
28,7897
25,7898
53,7899
51,7900
-298,7901
47,7902
-278,7903
25,7904
36,7905
58,7906
88,7907
46,7908
52,7909
23,7910
-274,7911
31,7912
39,7913
77,7914
-279,7915
66,7916
-297,7917
34,7918
45,7919
63,7920
26,7921
50,7922
-294,7923
39,7924
-284,7925
25,7926
42,7927
45,7928
43,7929
78,7930
-300,7931
44,7932
47,7933
71,7934
32,7935
37,7936
58,7937
-280,7938
28,7939
-288,7940
-294,7941
30,7942
-297,7943
28,7944
51,7945
25,7946
25,7947
62,7948
56,7949
45,7950
54,7951
25,7952
23,7953
59,7954
55,7955
43,7956
30,7957
25,7958
41,7959
28,7960
36,7961
60,7962
45,7963
71,7964
37,7965
-271,7966
50,7967
49,7968
47,7969
55,7970
62,7971
-288,7972
31,7973
32,7974
-298,7975
-288,7976
41,7977
74,7978
47,7979
63,7980
70,7981
67,7982
-300,7983
58,7984
-268,7985
28,7986
80,7987
45,7988
71,7989
40,7990
35,7991
31,7992
-274,7993
28,7994
39,7995
66,7996
65,7997
-262,7998
35,7999
47,8000
-265,8001
61,8002
39,8003
34,8004
29,8005
29,8006
-278,8007
37,8008
65,8009
60,8010
39,8011
29,8012
37,8013
76,8014
64,8015
40,8016
54,8017
-286,8018
109,8019
-289,8020
-302,8021
29,8022
25,8023
87,8024
30,8025
-300,8026
38,8027
23,8028
-300,8029
30,8030
37,8031
38,8032
41,8033
52,8034
28,8035
48,8036
28,8037
43,8038
25,8039
52,8040
-299,8041
-253,8042
42,8043
105,8044
-280,8045
45,8046
25,8047
47,8048
55,8049
57,8050
41,8051
45,8052
46,8053
40,8054
58,8055
40,8056
-302,8057
46,8058
36,8059
37,8060
57,8061
30,8062
56,8063
51,8064
49,8065
79,8066
62,8067
40,8068
37,8069
49,8070
45,8071
45,8072
28,8073
33,8074
52,8075
35,8076
25,8077
-291,8078
34,8079
23,8080
61,8081
25,8082
55,8083
45,8084
70,8085
24,8086
58,8087
34,8088
-294,8089
34,8090
45,8091
-300,8092
25,8093
28,8094
28,8095
64,8096
25,8097
35,8098
34,8099
-302,8100
-255,8101
69,8102
34,8103
33,8104
-296,8105
70,8106
44,8107
-297,8108
77,8109
44,8110
45,8111
37,8112
-257,8113
38,8114
61,8115
28,8116
56,8117
35,8118
49,8119
29,8120
38,8121
31,8122
43,8123
40,8124
65,8125
45,8126
44,8127
59,8128
33,8129
28,8130
53,8131
47,8132
-287,8133
28,8134
31,8135
40,8136
-296,8137
-289,8138
-283,8139
-286,8140
37,8141
-241,8142
33,8143
34,8144
74,8145
26,8146
30,8147
51,8148
81,8149
42,8150
50,8151
-297,8152
-290,8153
-296,8154
32,8155
-254,8156
29,8157
119,8158
53,8159
30,8160
38,8161
25,8162
40,8163
31,8164
103,8165
47,8166
62,8167
48,8168
-287,8169
-283,8170
102,8171
38,8172
41,8173
32,8174
-266,8175
56,8176
47,8177
-292,8178
36,8179
38,8180
51,8181
54,8182
32,8183
70,8184
63,8185
29,8186
28,8187
41,8188
74,8189
64,8190
99,8191
-300,8192
-294,8193
25,8194
80,8195
33,8196
43,8197
49,8198
28,8199
48,8200
31,8201
-297,8202
31,8203
42,8204
25,8205
34,8206
-302,8207
-286,8208
45,8209
120,8210
117,8211
74,8212
53,8213
31,8214
54,8215
56,8216
38,8217
57,8218
46,8219
25,8220
143,8221
50,8222
31,8223
61,8224
28,8225
54,8226
50,8227
47,8228
-293,8229
50,8230
31,8231
69,8232
48,8233
25,8234
43,8235
43,8236
40,8237
-302,8238
25,8239
66,8240
26,8241
35,8242
85,8243
25,8244
63,8245
48,8246
50,8247
-296,8248
-295,8249
-270,8250
31,8251
57,8252
29,8253
-299,8254
40,8255
58,8256
39,8257
-293,8258
43,8259
34,8260
63,8261
60,8262
27,8263
28,8264
39,8265
94,8266
41,8267
44,8268
74,8269
25,8270
25,8271
32,8272
58,8273
23,8274
23,8275
-284,8276
110,8277
-295,8278
25,8279
-297,8280
112,8281
32,8282
106,8283
24,8284
47,8285
25,8286
78,8287
54,8288
55,8289
48,8290
50,8291
-301,8292
-300,8293
62,8294
49,8295
72,8296
28,8297
28,8298
50,8299
61,8300
32,8301
58,8302
56,8303
56,8304
62,8305
31,8306
36,8307
40,8308
69,8309
-292,8310
25,8311
-253,8312
-274,8313
40,8314
67,8315
24,8316
71,8317
67,8318
-296,8319
75,8320
-283,8321
58,8322
48,8323
118,8324
-247,8325
-297,8326
-273,8327
36,8328
51,8329
101,8330
75,8331
-288,8332
36,8333
25,8334
-270,8335
25,8336
-295,8337
31,8338
38,8339
54,8340
58,8341
60,8342
67,8343
37,8344
29,8345
52,8346
41,8347
28,8348
52,8349
61,8350
30,8351
40,8352
37,8353
45,8354
42,8355
28,8356
87,8357
-261,8358
-301,8359
39,8360
32,8361
24,8362
63,8363
63,8364
25,8365
64,8366
81,8367
78,8368
69,8369
33,8370
39,8371
31,8372
-300,8373
36,8374
37,8375
40,8376
-296,8377
59,8378
45,8379
79,8380
-300,8381
34,8382
-301,8383
31,8384
39,8385
40,8386
30,8387
32,8388
35,8389
68,8390
76,8391
33,8392
52,8393
35,8394
43,8395
80,8396
88,8397
69,8398
81,8399
65,8400
62,8401
35,8402
75,8403
-294,8404
58,8405
25,8406
40,8407
24,8408
28,8409
70,8410
55,8411
54,8412
37,8413
-288,8414
24,8415
-300,8416
52,8417
68,8418
29,8419
-268,8420
73,8421
-289,8422
25,8423
66,8424
34,8425
70,8426
60,8427
67,8428
71,8429
59,8430
33,8431
24,8432
116,8433
25,8434
42,8435
37,8436
36,8437
34,8438
65,8439
36,8440
54,8441
25,8442
39,8443
25,8444
35,8445
54,8446
24,8447
-287,8448
30,8449
31,8450
115,8451
38,8452
62,8453
46,8454
-284,8455
33,8456
89,8457
23,8458
51,8459
27,8460
90,8461
70,8462
50,8463
52,8464
48,8465
37,8466
45,8467
30,8468
44,8469
43,8470
40,8471
31,8472
43,8473
63,8474
25,8475
82,8476
56,8477
94,8478
39,8479
40,8480
39,8481
60,8482
45,8483
24,8484
-275,8485
65,8486
30,8487
50,8488
-279,8489
97,8490
32,8491
-283,8492
36,8493
-242,8494
-275,8495
64,8496
45,8497
49,8498
48,8499
56,8500
64,8501
38,8502
75,8503
-304,8504
56,8505
56,8506
34,8507
-304,8508
37,8509
28,8510
55,8511
44,8512
67,8513
45,8514
42,8515
80,8516
38,8517
37,8518
26,8519
65,8520
37,8521
43,8522
29,8523
41,8524
51,8525
41,8526
46,8527
-294,8528
51,8529
72,8530
82,8531
46,8532
68,8533
-297,8534
34,8535
28,8536
28,8537
54,8538
-262,8539
29,8540
-266,8541
43,8542
-302,8543
-297,8544
33,8545
53,8546
-255,8547
25,8548
45,8549
40,8550
36,8551
51,8552
36,8553
28,8554
34,8555
-302,8556
23,8557
39,8558
25,8559
55,8560
40,8561
57,8562
40,8563
31,8564
44,8565
-290,8566
47,8567
54,8568
59,8569
54,8570
28,8571
40,8572
25,8573
65,8574
49,8575
65,8576
52,8577
44,8578
48,8579
32,8580
73,8581
-300,8582
89,8583
43,8584
33,8585
61,8586
29,8587
50,8588
28,8589
-301,8590
-289,8591
30,8592
58,8593
41,8594
-284,8595
41,8596
-270,8597
29,8598
25,8599
37,8600
72,8601
83,8602
47,8603
54,8604
69,8605
42,8606
29,8607
50,8608
34,8609
35,8610
27,8611
23,8612
117,8613
25,8614
-287,8615
38,8616
25,8617
29,8618
45,8619
25,8620
-293,8621
45,8622
40,8623
92,8624
31,8625
40,8626
34,8627
24,8628
53,8629
43,8630
34,8631
31,8632
55,8633
31,8634
91,8635
30,8636
48,8637
23,8638
73,8639
55,8640
41,8641
36,8642
72,8643
53,8644
58,8645
33,8646
34,8647
47,8648
25,8649
67,8650
47,8651
36,8652
35,8653
57,8654
47,8655
58,8656
49,8657
48,8658
57,8659
37,8660
-284,8661
74,8662
29,8663
38,8664
45,8665
36,8666
31,8667
-301,8668
-303,8669
-284,8670
25,8671
60,8672
32,8673
44,8674
55,8675
39,8676
100,8677
44,8678
57,8679
62,8680
71,8681
25,8682
-296,8683
65,8684
-292,8685
25,8686
-295,8687
86,8688
-277,8689
-296,8690
61,8691
56,8692
57,8693
-264,8694
38,8695
38,8696
38,8697
46,8698
42,8699
37,8700
-300,8701
31,8702
25,8703
68,8704
91,8705
-290,8706
88,8707
24,8708
31,8709
23,8710
73,8711
41,8712
-291,8713
69,8714
46,8715
45,8716
63,8717
30,8718
52,8719
39,8720
92,8721
33,8722
126,8723
42,8724
38,8725
-302,8726
88,8727
50,8728
48,8729
73,8730
85,8731
29,8732
39,8733
41,8734
-306,8735
48,8736
-282,8737
45,8738
50,8739
87,8740
34,8741
44,8742
33,8743
50,8744
81,8745
24,8746
-258,8747
30,8748
33,8749
31,8750
34,8751
50,8752
28,8753
38,8754
37,8755
47,8756
25,8757
90,8758
47,8759
59,8760
25,8761
90,8762
30,8763
46,8764
37,8765
31,8766
-286,8767
44,8768
58,8769
39,8770
44,8771
37,8772
28,8773
60,8774
32,8775
41,8776
23,8777
55,8778
54,8779
58,8780
46,8781
58,8782
42,8783
28,8784
-302,8785
34,8786
-272,8787
46,8788
31,8789
80,8790
28,8791
25,8792
-295,8793
-282,8794
47,8795
25,8796
46,8797
52,8798
-292,8799
53,8800
66,8801
86,8802
44,8803
25,8804
52,8805
42,8806
24,8807
35,8808
25,8809
31,8810
90,8811
25,8812
38,8813
63,8814
53,8815
-252,8816
43,8817
69,8818
38,8819
61,8820
27,8821
51,8822
60,8823
100,8824
-300,8825
38,8826
-296,8827
28,8828
25,8829
49,8830
53,8831
25,8832
59,8833
46,8834
39,8835
76,8836
30,8837
72,8838
37,8839
54,8840
90,8841
72,8842
48,8843
49,8844
-297,8845
56,8846
70,8847
56,8848
81,8849
54,8850
25,8851
28,8852
28,8853
37,8854
29,8855
40,8856
76,8857
71,8858
43,8859
25,8860
59,8861
65,8862
40,8863
58,8864
69,8865
-273,8866
-282,8867
-303,8868
41,8869
25,8870
49,8871
73,8872
43,8873
82,8874
34,8875
25,8876
-303,8877
36,8878
56,8879
33,8880
43,8881
71,8882
59,8883
41,8884
31,8885
60,8886
39,8887
38,8888
31,8889
69,8890
33,8891
42,8892
33,8893
31,8894
56,8895
38,8896
25,8897
23,8898
45,8899
55,8900
33,8901
56,8902
25,8903
42,8904
41,8905
-296,8906
54,8907
-292,8908
57,8909
41,8910
28,8911
77,8912
-291,8913
37,8914
51,8915
67,8916
25,8917
38,8918
91,8919
34,8920
45,8921
44,8922
40,8923
40,8924
40,8925
50,8926
23,8927
62,8928
59,8929
25,8930
25,8931
25,8932
34,8933
-285,8934
-252,8935
28,8936
35,8937
28,8938
39,8939
49,8940
41,8941
28,8942
25,8943
41,8944
34,8945
46,8946
65,8947
66,8948
26,8949
-288,8950
31,8951
25,8952
-287,8953
54,8954
64,8955
-299,8956
39,8957
32,8958
-302,8959
31,8960
37,8961
41,8962
82,8963
53,8964
44,8965
53,8966
38,8967
-288,8968
44,8969
29,8970
25,8971
40,8972
33,8973
61,8974
64,8975
25,8976
48,8977
65,8978
56,8979
56,8980
25,8981
37,8982
79,8983
24,8984
32,8985
25,8986
41,8987
43,8988
52,8989
79,8990
-297,8991
38,8992
41,8993
38,8994
31,8995
-296,8996
51,8997
33,8998
25,8999
50,9000
47,9001
34,9002
42,9003
35,9004
38,9005
58,9006
-298,9007
33,9008
43,9009
-281,9010
25,9011
31,9012
25,9013
55,9014
28,9015
25,9016
28,9017
-299,9018
39,9019
68,9020
49,9021
-291,9022
-293,9023
37,9024
-288,9025
69,9026
28,9027
25,9028
54,9029
59,9030
54,9031
65,9032
71,9033
27,9034
54,9035
70,9036
35,9037
28,9038
-289,9039
36,9040
25,9041
31,9042
63,9043
28,9044
37,9045
35,9046
57,9047
-294,9048
47,9049
40,9050
64,9051
36,9052
39,9053
57,9054
86,9055
54,9056
55,9057
91,9058
48,9059
47,9060
25,9061
-305,9062
35,9063
47,9064
57,9065
41,9066
61,9067
97,9068
-300,9069
-300,9070
38,9071
58,9072
25,9073
48,9074
43,9075
34,9076
50,9077
45,9078
51,9079
49,9080
76,9081
-275,9082
58,9083
30,9084
32,9085
68,9086
51,9087
70,9088
39,9089
78,9090
59,9091
25,9092
-284,9093
57,9094
40,9095
66,9096
71,9097
33,9098
41,9099
76,9100
36,9101
34,9102
38,9103
49,9104
54,9105
24,9106
34,9107
37,9108
25,9109
83,9110
68,9111
68,9112
42,9113
49,9114
-279,9115
50,9116
-301,9117
-235,9118
-248,9119
70,9120
111,9121
38,9122
27,9123
34,9124
31,9125
29,9126
34,9127
89,9128
47,9129
40,9130
54,9131
91,9132
25,9133
-298,9134
79,9135
62,9136
49,9137
54,9138
24,9139
31,9140
51,9141
25,9142
-284,9143
28,9144
31,9145
39,9146
85,9147
28,9148
28,9149
41,9150
-297,9151
-301,9152
61,9153
-301,9154
25,9155
52,9156
56,9157
75,9158
40,9159
52,9160
38,9161
50,9162
71,9163
57,9164
-294,9165
-286,9166
35,9167
-279,9168
28,9169
46,9170
25,9171
78,9172
34,9173
67,9174
-279,9175
25,9176
25,9177
45,9178
47,9179
85,9180
44,9181
39,9182
56,9183
54,9184
45,9185
63,9186
38,9187
27,9188
38,9189
68,9190
41,9191
23,9192
33,9193
37,9194
30,9195
42,9196
-297,9197
32,9198
-291,9199
-291,9200
33,9201
56,9202
59,9203
40,9204
76,9205
68,9206
53,9207
39,9208
58,9209
28,9210
47,9211
49,9212
-300,9213
57,9214
25,9215
44,9216
63,9217
54,9218
62,9219
83,9220
-264,9221
49,9222
37,9223
99,9224
31,9225
28,9226
51,9227
51,9228
-284,9229
66,9230
31,9231
-284,9232
110,9233
23,9234
30,9235
54,9236
36,9237
59,9238
47,9239
36,9240
-302,9241
104,9242
29,9243
28,9244
43,9245
45,9246
86,9247
63,9248
43,9249
59,9250
-300,9251
64,9252
42,9253
37,9254
31,9255
28,9256
60,9257
41,9258
28,9259
44,9260
34,9261
44,9262
46,9263
41,9264
-298,9265
60,9266
-292,9267
34,9268
-278,9269
65,9270
40,9271
41,9272
-304,9273
-299,9274
25,9275
42,9276
41,9277
-303,9278
62,9279
42,9280
-279,9281
52,9282
54,9283
60,9284
-294,9285
69,9286
28,9287
25,9288
-300,9289
34,9290
24,9291
34,9292
40,9293
55,9294
64,9295
37,9296
-278,9297
38,9298
64,9299
29,9300
60,9301
42,9302
-267,9303
83,9304
-276,9305
32,9306
52,9307
40,9308
41,9309
-294,9310
40,9311
-289,9312
62,9313
-296,9314
-266,9315
54,9316
-276,9317
31,9318
37,9319
114,9320
52,9321
66,9322
29,9323
53,9324
48,9325
25,9326
77,9327
46,9328
67,9329
53,9330
29,9331
47,9332
23,9333
-263,9334
27,9335
-302,9336
50,9337
28,9338
48,9339
25,9340
30,9341
-300,9342
25,9343
33,9344
78,9345
-303,9346
61,9347
51,9348
45,9349
-301,9350
28,9351
49,9352
-230,9353
38,9354
23,9355
62,9356
56,9357
25,9358
41,9359
37,9360
137,9361
-291,9362
44,9363
-283,9364
26,9365
-300,9366
-293,9367
-286,9368
-294,9369
-287,9370
54,9371
34,9372
36,9373
66,9374
39,9375
36,9376
-294,9377
51,9378
51,9379
72,9380
25,9381
51,9382
54,9383
45,9384
25,9385
103,9386
25,9387
52,9388
39,9389
-300,9390
-297,9391
35,9392
34,9393
40,9394
25,9395
45,9396
51,9397
54,9398
71,9399
33,9400
31,9401
25,9402
43,9403
28,9404
31,9405
38,9406
58,9407
-295,9408
66,9409
59,9410
43,9411
35,9412
23,9413
57,9414
31,9415
89,9416
101,9417
34,9418
30,9419
55,9420
32,9421
53,9422
41,9423
58,9424
-296,9425
61,9426
25,9427
41,9428
70,9429
31,9430
51,9431
66,9432
58,9433
31,9434
49,9435
35,9436
35,9437
41,9438
44,9439
96,9440
34,9441
35,9442
56,9443
44,9444
-286,9445
62,9446
46,9447
43,9448
53,9449
-292,9450
49,9451
99,9452
33,9453
59,9454
59,9455
32,9456
42,9457
73,9458
25,9459
-300,9460
25,9461
-250,9462
66,9463
39,9464
27,9465
40,9466
49,9467
49,9468
-289,9469
-269,9470
42,9471
39,9472
26,9473
45,9474
28,9475
49,9476
48,9477
25,9478
29,9479
28,9480
66,9481
68,9482
78,9483
56,9484
39,9485
-269,9486
45,9487
-263,9488
36,9489
93,9490
-278,9491
62,9492
43,9493
70,9494
56,9495
52,9496
49,9497
60,9498
40,9499
52,9500
91,9501
24,9502
49,9503
41,9504
56,9505
47,9506
42,9507
65,9508
34,9509
-276,9510
-287,9511
23,9512
-235,9513
60,9514
46,9515
81,9516
34,9517
25,9518
36,9519
35,9520
51,9521
40,9522
28,9523
44,9524
36,9525
34,9526
25,9527
44,9528
28,9529
-298,9530
71,9531
34,9532
-302,9533
47,9534
32,9535
48,9536
-296,9537
61,9538
59,9539
25,9540
34,9541
51,9542
25,9543
31,9544
50,9545
42,9546
84,9547
46,9548
41,9549
29,9550
38,9551
25,9552
25,9553
76,9554
39,9555
65,9556
64,9557
31,9558
44,9559
36,9560
52,9561
-299,9562
59,9563
-267,9564
72,9565
25,9566
53,9567
31,9568
46,9569
43,9570
25,9571
34,9572
-298,9573
33,9574
33,9575
62,9576
68,9577
31,9578
29,9579
28,9580
43,9581
64,9582
35,9583
-289,9584
50,9585
28,9586
46,9587
-300,9588
72,9589
57,9590
53,9591
-300,9592
46,9593
48,9594
28,9595
61,9596
39,9597
58,9598
47,9599
-304,9600
36,9601
41,9602
58,9603
38,9604
30,9605
73,9606
77,9607
25,9608
32,9609
76,9610
28,9611
-292,9612
41,9613
34,9614
57,9615
61,9616
31,9617
-279,9618
40,9619
-292,9620
50,9621
41,9622
123,9623
27,9624
35,9625
31,9626
25,9627
41,9628
51,9629
25,9630
46,9631
40,9632
47,9633
45,9634
46,9635
46,9636
84,9637
62,9638
54,9639
46,9640
25,9641
29,9642
34,9643
47,9644
42,9645
-277,9646
-300,9647
-299,9648
58,9649
38,9650
31,9651
29,9652
35,9653
37,9654
93,9655
28,9656
46,9657
40,9658
59,9659
60,9660
38,9661
53,9662
61,9663
41,9664
-273,9665
34,9666
87,9667
40,9668
96,9669
25,9670
32,9671
-288,9672
52,9673
-300,9674
78,9675
-302,9676
46,9677
24,9678
58,9679
-283,9680
66,9681
34,9682
33,9683
40,9684
39,9685
31,9686
25,9687
40,9688
53,9689
52,9690
59,9691
40,9692
78,9693
42,9694
31,9695
43,9696
72,9697
-277,9698
84,9699
42,9700
-298,9701
45,9702
34,9703
54,9704
80,9705
25,9706
43,9707
76,9708
25,9709
37,9710
-295,9711
41,9712
58,9713
28,9714
40,9715
58,9716
25,9717
89,9718
28,9719
87,9720
38,9721
46,9722
23,9723
69,9724
23,9725
34,9726
40,9727
34,9728
43,9729
43,9730
38,9731
26,9732
23,9733
-265,9734
53,9735
-268,9736
49,9737
28,9738
34,9739
44,9740
49,9741
57,9742
34,9743
25,9744
52,9745
38,9746
85,9747
74,9748
58,9749
25,9750
31,9751
28,9752
25,9753
37,9754
40,9755
44,9756
66,9757
45,9758
57,9759
25,9760
25,9761
47,9762
49,9763
39,9764
30,9765
57,9766
43,9767
37,9768
25,9769
-298,9770
57,9771
-274,9772
46,9773
37,9774
52,9775
73,9776
58,9777
-302,9778
25,9779
53,9780
52,9781
52,9782
37,9783
54,9784
52,9785
101,9786
54,9787
84,9788
36,9789
31,9790
28,9791
45,9792
32,9793
40,9794
-283,9795
-283,9796
-306,9797
54,9798
37,9799
25,9800
25,9801
38,9802
23,9803
52,9804
50,9805
76,9806
-300,9807
40,9808
42,9809
-303,9810
-244,9811
27,9812
-300,9813
69,9814
-280,9815
66,9816
31,9817
52,9818
-265,9819
40,9820
-317,9821
37,9822
25,9823
40,9824
52,9825
85,9826
25,9827
25,9828
63,9829
44,9830
-299,9831
48,9832
49,9833
34,9834
28,9835
32,9836
-299,9837
37,9838
-286,9839
64,9840
79,9841
25,9842
52,9843
25,9844
66,9845
36,9846
-300,9847
71,9848
58,9849
68,9850
47,9851
34,9852
63,9853
36,9854
28,9855
25,9856
66,9857
44,9858
49,9859
55,9860
61,9861
52,9862
53,9863
-285,9864
40,9865
26,9866
-300,9867
58,9868
43,9869
54,9870
52,9871
24,9872
15,9873
44,9874
42,9875
69,9876
25,9877
41,9878
25,9879
61,9880
69,9881
-289,9882
64,9883
29,9884
45,9885
32,9886
38,9887
-289,9888
27,9889
25,9890
37,9891
58,9892
25,9893
28,9894
-270,9895
25,9896
86,9897
45,9898
28,9899
25,9900
30,9901
50,9902
34,9903
46,9904
68,9905
24,9906
35,9907
48,9908
36,9909
60,9910
37,9911
48,9912
69,9913
53,9914
88,9915
67,9916
41,9917
25,9918
50,9919
25,9920
53,9921
40,9922
78,9923
146,9924
71,9925
-304,9926
42,9927
87,9928
78,9929
-299,9930
39,9931
40,9932
72,9933
56,9934
25,9935
28,9936
43,9937
50,9938
33,9939
42,9940
50,9941
25,9942
48,9943
50,9944
47,9945
41,9946
52,9947
-286,9948
70,9949
-300,9950
54,9951
41,9952
31,9953
28,9954
25,9955
28,9956
41,9957
-287,9958
39,9959
25,9960
52,9961
48,9962
102,9963
40,9964
64,9965
26,9966
58,9967
48,9968
47,9969
55,9970
53,9971
31,9972
79,9973
60,9974
30,9975
33,9976
31,9977
73,9978
-281,9979
36,9980
28,9981
34,9982
40,9983
25,9984
25,9985
-300,9986
41,9987
43,9988
28,9989
25,9990
87,9991
40,9992
38,9993
48,9994
25,9995
48,9996
61,9997
48,9998
36,9999
