-300,0
-303,1
-302,2
25,3
25,4
-302,5
-329,6
25,7
-27,8
24,9
-302,10
-25,11
-12,12
-315,13
25,14
18,15
-16,16
-307,17
8,18
24,19
17,20
25,21
0,22
-318,23
25,24
25,25
25,26
-301,27
-302,28
25,29
-303,30
-304,31
24,32
14,33
-308,34
-301,35
-350,36
-301,37
8,38
-300,39
-301,40
-321,41
-315,42
-301,43
-11,44
17,45
-302,46
24,47
22,48
21,49
21,50
-330,51
-336,52
-328,53
-306,54
-336,55
-357,56
15,57
-300,58
-15,59
-41,60
-302,61
24,62
-303,63
18,64
24,65
10,66
-313,67
25,68
-312,69
-308,70
-300,71
25,72
-325,73
-301,74
-315,75
-302,76
-347,77
19,78
-322,79
-317,80
23,81
13,82
-322,83
-317,84
11,85
-305,86
-305,87
-322,88
-347,89
25,90
-13,91
-310,92
23,93
-311,94
2,95
23,96
24,97
-302,98
15,99
-308,100
-302,101
16,102
-313,103
24,104
-306,105
25,106
-301,107
24,108
-307,109
12,110
-307,111
25,112
-309,113
-313,114
25,115
23,116
-314,117
-304,118
-300,119
-300,120
6,121
-345,122
-325,123
22,124
-17,125
1,126
-303,127
3,128
18,129
25,130
-333,131
-347,132
-306,133
-310,134
-305,135
-300,136
0,137
6,138
-302,139
-304,140
23,141
-327,142
-324,143
-300,144
-407,145
-302,146
25,147
25,148
25,149
20,150
-309,151
-301,152
-378,153
18,154
1,155
-300,156
18,157
24,158
14,159
25,160
-323,161
9,162
-328,163
-320,164
-389,165
-320,166
25,167
19,168
15,169
19,170
25,171
-303,172
25,173
-337,174
-312,175
16,176
25,177
-309,178
-315,179
-315,180
21,181
-306,182
14,183
21,184
23,185
-304,186
-304,187
-301,188
19,189
-300,190
-332,191
-302,192
-329,193
-11,194
-45,195
25,196
24,197
25,198
0,199
17,200
25,201
-334,202
-310,203
25,204
-305,205
-302,206
11,207
-35,208
-371,209
-306,210
-305,211
10,212
-320,213
-3,214
-300,215
-300,216
18,217
-323,218
20,219
25,220
24,221
25,222
-300,223
15,224
-322,225
19,226
-303,227
-19,228
23,229
-342,230
25,231
-300,232
22,233
23,234
-405,235
-348,236
-300,237
-309,238
25,239
-312,240
22,241
24,242
-21,243
-345,244
-313,245
-315,246
-328,247
17,248
13,249
20,250
-311,251
23,252
-303,253
-313,254
25,255
-301,256
-300,257
-313,258
-335,259
23,260
-339,261
-304,262
13,263
-11,264
17,265
19,266
17,267
-301,268
24,269
23,270
-304,271
-309,272
-317,273
21,274
21,275
-302,276
-310,277
12,278
-301,279
24,280
-307,281
-303,282
-302,283
-381,284
-1,285
-301,286
-310,287
25,288
23,289
-344,290
18,291
-305,292
-301,293
25,294
20,295
25,296
-1,297
-334,298
23,299
-311,300
25,301
-301,302
-312,303
-335,304
25,305
-310,306
-301,307
-311,308
-393,309
25,310
-305,311
-313,312
5,313
-322,314
-309,315
-321,316
25,317
20,318
21,319
23,320
-337,321
-303,322
-303,323
24,324
-323,325
-333,326
25,327
9,328
21,329
23,330
5,331
6,332
-317,333
-339,334
-316,335
-4,336
3,337
24,338
22,339
-323,340
-301,341
-309,342
12,343
25,344
-6,345
25,346
-329,347
-300,348
25,349
21,350
3,351
15,352
-300,353
-306,354
-315,355
7,356
-306,357
3,358
-328,359
24,360
0,361
-300,362
18,363
-351,364
-330,365
22,366
-338,367
25,368
-1,369
-306,370
25,371
-311,372
-304,373
25,374
-317,375
-313,376
-362,377
22,378
24,379
-301,380
-307,381
-312,382
-19,383
-306,384
13,385
25,386
7,387
-301,388
-316,389
25,390
-340,391
-300,392
24,393
-301,394
-300,395
-17,396
25,397
-301,398
25,399
16,400
-321,401
-311,402
25,403
-356,404
-306,405
25,406
20,407
-300,408
-302,409
-345,410
-310,411
-300,412
25,413
-303,414
21,415
19,416
22,417
-306,418
-323,419
21,420
-313,421
-302,422
25,423
-306,424
-47,425
-300,426
-301,427
24,428
25,429
24,430
-304,431
-327,432
-313,433
-300,434
-300,435
24,436
25,437
-314,438
-312,439
13,440
17,441
-331,442
-312,443
-319,444
-360,445
-324,446
-342,447
10,448
-300,449
-322,450
17,451
-304,452
-311,453
-302,454
-307,455
-333,456
-318,457
-375,458
-303,459
-300,460
-42,461
25,462
23,463
-342,464
-301,465
-301,466
4,467
-382,468
-306,469
-18,470
-301,471
-316,472
11,473
-300,474
15,475
-333,476
16,477
25,478
20,479
22,480
-341,481
24,482
22,483
-314,484
13,485
-306,486
-331,487
-315,488
-305,489
8,490
-79,491
-317,492
-304,493
-310,494
25,495
18,496
24,497
-335,498
-10,499
-311,500
24,501
25,502
25,503
-303,504
17,505
15,506
-333,507
-301,508
-306,509
-322,510
22,511
25,512
25,513
-301,514
-375,515
-312,516
19,517
9,518
-306,519
14,520
19,521
-364,522
24,523
24,524
24,525
16,526
-7,527
25,528
17,529
9,530
25,531
-324,532
-312,533
-308,534
25,535
6,536
14,537
16,538
-302,539
-304,540
4,541
-304,542
-304,543
18,544
17,545
-315,546
-300,547
-310,548
25,549
-311,550
-300,551
-338,552
17,553
24,554
25,555
-305,556
21,557
20,558
9,559
24,560
-11,561
-340,562
-302,563
11,564
10,565
5,566
19,567
16,568
-332,569
-301,570
-419,571
20,572
11,573
23,574
2,575
24,576
-2,577
25,578
21,579
-300,580
-313,581
-4,582
25,583
10,584
19,585
-324,586
-305,587
25,588
-311,589
-19,590
23,591
-303,592
-313,593
-313,594
24,595
-302,596
-304,597
24,598
-320,599
25,600
9,601
-300,602
-312,603
25,604
25,605
16,606
-306,607
15,608
-303,609
21,610
-307,611
8,612
-322,613
-327,614
-336,615
24,616
-347,617
-311,618
25,619
11,620
14,621
24,622
25,623
25,624
9,625
9,626
18,627
25,628
24,629
-315,630
24,631
22,632
25,633
19,634
-301,635
24,636
24,637
-329,638
10,639
17,640
9,641
-302,642
-306,643
-310,644
25,645
-301,646
-306,647
19,648
-301,649
-302,650
24,651
25,652
-17,653
-334,654
25,655
24,656
25,657
-303,658
-339,659
21,660
23,661
7,662
15,663
25,664
9,665
-322,666
-328,667
-307,668
-13,669
23,670
-309,671
-311,672
-352,673
-308,674
-302,675
-300,676
-300,677
-306,678
21,679
-308,680
25,681
-303,682
6,683
-308,684
-303,685
24,686
22,687
-326,688
22,689
12,690
22,691
24,692
15,693
-310,694
-311,695
-305,696
-300,697
-333,698
25,699
-309,700
25,701
-303,702
-317,703
11,704
19,705
21,706
11,707
-305,708
-314,709
-302,710
-24,711
25,712
9,713
22,714
-13,715
-317,716
-310,717
24,718
2,719
18,720
23,721
-303,722
19,723
-302,724
-10,725
-316,726
23,727
25,728
-306,729
-314,730
23,731
-306,732
-342,733
-301,734
24,735
-306,736
-326,737
-300,738
21,739
-334,740
9,741
17,742
15,743
17,744
-325,745
23,746
-309,747
-316,748
-304,749
25,750
-1,751
-358,752
-302,753
-308,754
-300,755
25,756
-300,757
-336,758
24,759
23,760
19,761
16,762
19,763
-307,764
22,765
12,766
-307,767
-303,768
8,769
22,770
25,771
-313,772
-319,773
-307,774
-310,775
-300,776
-303,777
25,778
25,779
21,780
23,781
-306,782
20,783
25,784
25,785
25,786
-300,787
12,788
12,789
16,790
23,791
-335,792
25,793
25,794
25,795
-326,796
-305,797
-314,798
-318,799
22,800
24,801
-302,802
-303,803
-3,804
25,805
23,806
21,807
-19,808
-308,809
-326,810
-308,811
-302,812
-42,813
-305,814
-322,815
24,816
6,817
-301,818
-304,819
25,820
20,821
2,822
15,823
20,824
-317,825
-342,826
-310,827
0,828
-310,829
-317,830
-310,831
-22,832
-301,833
25,834
20,835
-300,836
-305,837
-300,838
9,839
15,840
-338,841
9,842
21,843
3,844
-302,845
8,846
-328,847
-303,848
22,849
25,850
-300,851
-300,852
-300,853
-301,854
-333,855
19,856
-310,857
-304,858
-332,859
-339,860
24,861
-312,862
24,863
-20,864
-317,865
-317,866
2,867
-304,868
-336,869
-301,870
-300,871
25,872
23,873
-1,874
-302,875
24,876
-304,877
25,878
25,879
21,880
24,881
-300,882
25,883
12,884
-302,885
23,886
24,887
24,888
16,889
-303,890
19,891
22,892
24,893
-310,894
-308,895
25,896
24,897
-30,898
25,899
-357,900
-301,901
-14,902
19,903
10,904
-300,905
17,906
11,907
-309,908
10,909
24,910
23,911
25,912
18,913
22,914
-318,915
-302,916
25,917
-311,918
-315,919
-306,920
-304,921
-53,922
-300,923
24,924
-305,925
-300,926
25,927
25,928
-308,929
6,930
25,931
22,932
23,933
25,934
-306,935
21,936
-321,937
-312,938
-319,939
-316,940
-315,941
-308,942
-13,943
25,944
7,945
0,946
24,947
-325,948
1,949
-350,950
20,951
-347,952
-326,953
-321,954
-305,955
24,956
-327,957
-327,958
25,959
-300,960
3,961
12,962
-316,963
22,964
-304,965
-4,966
25,967
-19,968
-312,969
-306,970
-303,971
-306,972
-313,973
21,974
23,975
-301,976
-300,977
-318,978
20,979
12,980
-342,981
25,982
-312,983
-305,984
-313,985
15,986
-301,987
-301,988
-302,989
-9,990
-316,991
-303,992
-322,993
-2,994
25,995
-311,996
-2,997
25,998
25,999
-302,1000
-12,1001
-312,1002
-306,1003
-332,1004
-300,1005
-320,1006
-306,1007
-303,1008
0,1009
-309,1010
3,1011
25,1012
5,1013
-305,1014
11,1015
-313,1016
24,1017
-16,1018
-323,1019
-300,1020
9,1021
-301,1022
25,1023
-300,1024
-340,1025
25,1026
-351,1027
-303,1028
-300,1029
-316,1030
23,1031
24,1032
-301,1033
-301,1034
-48,1035
23,1036
-16,1037
-17,1038
-4,1039
-300,1040
-14,1041
24,1042
-318,1043
-301,1044
-381,1045
25,1046
-316,1047
-302,1048
-307,1049
18,1050
25,1051
25,1052
-1,1053
24,1054
24,1055
20,1056
-305,1057
-302,1058
0,1059
5,1060
23,1061
21,1062
13,1063
25,1064
22,1065
18,1066
17,1067
-302,1068
25,1069
-300,1070
-301,1071
-300,1072
24,1073
17,1074
25,1075
0,1076
-306,1077
-302,1078
24,1079
-14,1080
24,1081
-305,1082
19,1083
-332,1084
-319,1085
12,1086
-324,1087
-303,1088
25,1089
-316,1090
19,1091
-312,1092
-311,1093
-304,1094
-322,1095
-308,1096
-300,1097
21,1098
-40,1099
12,1100
25,1101
23,1102
-360,1103
22,1104
-301,1105
-301,1106
11,1107
21,1108
23,1109
25,1110
21,1111
-321,1112
21,1113
25,1114
-312,1115
19,1116
-302,1117
25,1118
23,1119
-318,1120
25,1121
-377,1122
-310,1123
8,1124
24,1125
-320,1126
25,1127
25,1128
23,1129
-320,1130
24,1131
21,1132
25,1133
15,1134
-330,1135
-305,1136
-304,1137
0,1138
-300,1139
20,1140
-311,1141
21,1142
18,1143
-354,1144
13,1145
20,1146
-304,1147
-317,1148
-301,1149
-302,1150
-315,1151
18,1152
24,1153
-349,1154
5,1155
25,1156
21,1157
23,1158
10,1159
-306,1160
25,1161
24,1162
18,1163
-317,1164
-331,1165
-310,1166
12,1167
-350,1168
24,1169
-320,1170
-311,1171
-310,1172
-304,1173
19,1174
21,1175
-301,1176
24,1177
23,1178
-354,1179
-304,1180
-327,1181
15,1182
21,1183
19,1184
24,1185
-307,1186
-316,1187
-332,1188
25,1189
25,1190
25,1191
-332,1192
-343,1193
-332,1194
-305,1195
-20,1196
-312,1197
-300,1198
-301,1199
18,1200
-322,1201
25,1202
-308,1203
14,1204
-9,1205
-304,1206
25,1207
-440,1208
-306,1209
25,1210
23,1211
-119,1212
21,1213
25,1214
6,1215
-301,1216
24,1217
-302,1218
15,1219
-311,1220
-301,1221
-303,1222
24,1223
-301,1224
23,1225
-28,1226
-308,1227
17,1228
14,1229
23,1230
23,1231
-309,1232
-303,1233
-300,1234
-342,1235
-311,1236
-318,1237
25,1238
0,1239
20,1240
24,1241
-2,1242
13,1243
-309,1244
-303,1245
-304,1246
-309,1247
25,1248
-308,1249
-311,1250
-301,1251
12,1252
25,1253
-311,1254
-306,1255
25,1256
24,1257
-306,1258
25,1259
-307,1260
25,1261
-300,1262
-308,1263
25,1264
24,1265
3,1266
6,1267
24,1268
-17,1269
-301,1270
-301,1271
25,1272
20,1273
-14,1274
-319,1275
25,1276
-325,1277
25,1278
-303,1279
18,1280
-307,1281
-306,1282
-302,1283
14,1284
-301,1285
18,1286
-332,1287
-300,1288
-333,1289
7,1290
25,1291
-314,1292
-306,1293
23,1294
-320,1295
12,1296
24,1297
13,1298
21,1299
22,1300
-320,1301
17,1302
4,1303
24,1304
-332,1305
25,1306
24,1307
7,1308
-322,1309
11,1310
-365,1311
25,1312
-339,1313
25,1314
-304,1315
21,1316
-328,1317
-310,1318
25,1319
-344,1320
22,1321
-7,1322
-343,1323
21,1324
24,1325
15,1326
10,1327
-338,1328
17,1329
-301,1330
25,1331
-300,1332
0,1333
8,1334
-302,1335
25,1336
-3,1337
25,1338
23,1339
-302,1340
25,1341
-318,1342
-321,1343
-317,1344
-352,1345
-304,1346
13,1347
-320,1348
-333,1349
-301,1350
-327,1351
13,1352
9,1353
-353,1354
-300,1355
-304,1356
-300,1357
-304,1358
-307,1359
-417,1360
24,1361
25,1362
18,1363
-301,1364
-310,1365
18,1366
-308,1367
-301,1368
6,1369
-316,1370
-315,1371
25,1372
19,1373
-304,1374
-320,1375
25,1376
1,1377
-302,1378
-334,1379
1,1380
-300,1381
-38,1382
25,1383
-307,1384
-308,1385
25,1386
-332,1387
-61,1388
10,1389
22,1390
21,1391
25,1392
-318,1393
15,1394
17,1395
15,1396
6,1397
-301,1398
-303,1399
24,1400
5,1401
25,1402
-306,1403
15,1404
-335,1405
21,1406
20,1407
-313,1408
-11,1409
-302,1410
22,1411
12,1412
25,1413
18,1414
-309,1415
-319,1416
16,1417
22,1418
-303,1419
25,1420
-310,1421
18,1422
25,1423
17,1424
-317,1425
14,1426
24,1427
9,1428
-303,1429
21,1430
-302,1431
-303,1432
-301,1433
18,1434
-339,1435
-30,1436
24,1437
23,1438
-28,1439
-326,1440
14,1441
22,1442
24,1443
-303,1444
-307,1445
-311,1446
18,1447
25,1448
24,1449
25,1450
2,1451
0,1452
20,1453
12,1454
-303,1455
10,1456
-326,1457
-331,1458
-303,1459
-321,1460
6,1461
19,1462
-25,1463
23,1464
25,1465
9,1466
17,1467
17,1468
-305,1469
-304,1470
12,1471
12,1472
-336,1473
7,1474
-300,1475
24,1476
-312,1477
25,1478
-310,1479
25,1480
24,1481
25,1482
-320,1483
13,1484
-389,1485
22,1486
-315,1487
-300,1488
24,1489
25,1490
24,1491
-327,1492
22,1493
-304,1494
25,1495
-370,1496
13,1497
-303,1498
13,1499
-313,1500
25,1501
-11,1502
25,1503
-302,1504
-303,1505
-302,1506
23,1507
-300,1508
14,1509
-305,1510
-306,1511
25,1512
-320,1513
-316,1514
22,1515
-306,1516
-301,1517
-302,1518
-301,1519
-330,1520
-306,1521
-318,1522
10,1523
25,1524
-381,1525
24,1526
15,1527
19,1528
24,1529
23,1530
-305,1531
25,1532
25,1533
12,1534
-300,1535
25,1536
-19,1537
-326,1538
23,1539
24,1540
25,1541
-301,1542
25,1543
21,1544
-304,1545
23,1546
-382,1547
-353,1548
25,1549
25,1550
25,1551
12,1552
21,1553
25,1554
-312,1555
25,1556
-304,1557
-335,1558
14,1559
12,1560
22,1561
-300,1562
-310,1563
15,1564
25,1565
25,1566
20,1567
13,1568
24,1569
14,1570
-302,1571
-308,1572
21,1573
-329,1574
3,1575
-301,1576
24,1577
-312,1578
17,1579
20,1580
25,1581
-302,1582
16,1583
8,1584
-300,1585
-315,1586
-322,1587
-304,1588
3,1589
24,1590
15,1591
25,1592
-304,1593
-303,1594
24,1595
25,1596
24,1597
9,1598
16,1599
25,1600
-304,1601
15,1602
-321,1603
7,1604
23,1605
-325,1606
13,1607
-300,1608
10,1609
-306,1610
14,1611
24,1612
10,1613
-310,1614
-331,1615
-378,1616
-314,1617
-301,1618
13,1619
-328,1620
24,1621
20,1622
-300,1623
-325,1624
20,1625
-7,1626
11,1627
-327,1628
-304,1629
-320,1630
25,1631
-308,1632
-326,1633
25,1634
-302,1635
25,1636
14,1637
-313,1638
18,1639
-300,1640
-312,1641
22,1642
-305,1643
-302,1644
-300,1645
-7,1646
19,1647
16,1648
-311,1649
-302,1650
-305,1651
15,1652
-310,1653
-325,1654
-306,1655
25,1656
25,1657
-301,1658
-3,1659
-338,1660
22,1661
19,1662
25,1663
15,1664
-315,1665
-313,1666
-307,1667
25,1668
2,1669
-303,1670
-328,1671
20,1672
-8,1673
12,1674
24,1675
-306,1676
-300,1677
-334,1678
25,1679
-303,1680
-350,1681
20,1682
-308,1683
21,1684
-13,1685
21,1686
3,1687
25,1688
13,1689
4,1690
24,1691
-338,1692
-302,1693
24,1694
25,1695
25,1696
16,1697
-302,1698
0,1699
-1,1700
8,1701
23,1702
24,1703
-322,1704
25,1705
22,1706
-313,1707
11,1708
-304,1709
18,1710
25,1711
-301,1712
-33,1713
24,1714
10,1715
25,1716
-300,1717
-305,1718
18,1719
15,1720
23,1721
8,1722
22,1723
-319,1724
-305,1725
-3,1726
-302,1727
23,1728
25,1729
21,1730
-305,1731
-362,1732
25,1733
25,1734
18,1735
21,1736
-304,1737
25,1738
-306,1739
24,1740
25,1741
-308,1742
24,1743
-317,1744
17,1745
22,1746
14,1747
21,1748
24,1749
19,1750
-23,1751
-11,1752
-306,1753
23,1754
13,1755
-305,1756
-303,1757
-323,1758
-70,1759
-29,1760
-359,1761
-303,1762
12,1763
14,1764
-305,1765
-302,1766
18,1767
19,1768
24,1769
-7,1770
25,1771
-318,1772
-302,1773
-302,1774
24,1775
15,1776
-301,1777
24,1778
17,1779
-342,1780
-313,1781
-302,1782
-315,1783
8,1784
-318,1785
-311,1786
-313,1787
24,1788
17,1789
16,1790
25,1791
14,1792
18,1793
22,1794
-313,1795
-334,1796
-16,1797
-300,1798
-26,1799
25,1800
24,1801
13,1802
-300,1803
-301,1804
-310,1805
0,1806
-300,1807
21,1808
25,1809
21,1810
25,1811
-309,1812
2,1813
23,1814
21,1815
24,1816
-426,1817
-301,1818
-341,1819
-308,1820
22,1821
12,1822
14,1823
-7,1824
25,1825
-319,1826
23,1827
-300,1828
25,1829
24,1830
25,1831
-329,1832
22,1833
25,1834
-303,1835
25,1836
-346,1837
-311,1838
10,1839
-303,1840
15,1841
-302,1842
25,1843
22,1844
1,1845
25,1846
-315,1847
22,1848
-315,1849
23,1850
-301,1851
-302,1852
-302,1853
25,1854
-309,1855
25,1856
-312,1857
-306,1858
25,1859
25,1860
-303,1861
25,1862
25,1863
-314,1864
25,1865
11,1866
-310,1867
21,1868
25,1869
-6,1870
12,1871
-6,1872
25,1873
-302,1874
-305,1875
1,1876
13,1877
25,1878
24,1879
-305,1880
-325,1881
25,1882
25,1883
23,1884
-326,1885
23,1886
-320,1887
21,1888
-304,1889
-1,1890
7,1891
-356,1892
-300,1893
-300,1894
-303,1895
24,1896
7,1897
25,1898
24,1899
10,1900
25,1901
24,1902
-310,1903
25,1904
-300,1905
10,1906
-359,1907
-318,1908
10,1909
23,1910
-304,1911
10,1912
25,1913
-358,1914
9,1915
-6,1916
24,1917
-305,1918
25,1919
-300,1920
19,1921
8,1922
-310,1923
5,1924
20,1925
-369,1926
25,1927
-300,1928
-386,1929
-302,1930
24,1931
-5,1932
25,1933
24,1934
25,1935
25,1936
19,1937
-71,1938
-327,1939
-342,1940
-304,1941
-302,1942
17,1943
-332,1944
-319,1945
-354,1946
-301,1947
25,1948
-326,1949
20,1950
-312,1951
-366,1952
-312,1953
-323,1954
22,1955
24,1956
-10,1957
-8,1958
6,1959
-301,1960
-6,1961
-307,1962
-8,1963
25,1964
25,1965
25,1966
22,1967
13,1968
-301,1969
17,1970
-73,1971
14,1972
-307,1973
-303,1974
23,1975
24,1976
-308,1977
24,1978
-304,1979
25,1980
-325,1981
-312,1982
25,1983
23,1984
-423,1985
20,1986
17,1987
-300,1988
24,1989
-310,1990
-323,1991
-345,1992
-300,1993
-304,1994
20,1995
-317,1996
17,1997
-305,1998
21,1999
-318,2000
24,2001
-301,2002
25,2003
0,2004
19,2005
-300,2006
18,2007
23,2008
25,2009
22,2010
-307,2011
23,2012
0,2013
20,2014
-309,2015
16,2016
22,2017
-308,2018
24,2019
10,2020
18,2021
20,2022
-326,2023
-306,2024
21,2025
24,2026
25,2027
20,2028
25,2029
12,2030
-351,2031
-348,2032
12,2033
-344,2034
-302,2035
14,2036
22,2037
-323,2038
-310,2039
25,2040
25,2041
14,2042
-334,2043
-309,2044
-300,2045
18,2046
-331,2047
14,2048
19,2049
8,2050
2,2051
25,2052
23,2053
-300,2054
25,2055
17,2056
-335,2057
-333,2058
-300,2059
12,2060
-317,2061
-314,2062
-300,2063
-17,2064
22,2065
-302,2066
-318,2067
23,2068
-318,2069
23,2070
15,2071
-310,2072
-16,2073
-300,2074
24,2075
-306,2076
23,2077
6,2078
25,2079
-313,2080
20,2081
-302,2082
7,2083
16,2084
-403,2085
25,2086
25,2087
-324,2088
16,2089
-309,2090
-301,2091
24,2092
23,2093
-311,2094
-318,2095
19,2096
25,2097
23,2098
25,2099
25,2100
24,2101
-324,2102
25,2103
-316,2104
-21,2105
-303,2106
-23,2107
-323,2108
25,2109
24,2110
-320,2111
-300,2112
14,2113
15,2114
20,2115
2,2116
20,2117
14,2118
23,2119
22,2120
-344,2121
-323,2122
21,2123
-341,2124
15,2125
14,2126
25,2127
-308,2128
-309,2129
-317,2130
-304,2131
-303,2132
12,2133
-305,2134
25,2135
-301,2136
-328,2137
12,2138
13,2139
-303,2140
-300,2141
-348,2142
25,2143
-309,2144
25,2145
-332,2146
-341,2147
18,2148
-344,2149
-304,2150
22,2151
22,2152
17,2153
25,2154
-333,2155
-304,2156
19,2157
25,2158
23,2159
15,2160
-340,2161
-344,2162
-304,2163
-345,2164
13,2165
24,2166
17,2167
-300,2168
22,2169
-300,2170
-339,2171
-121,2172
25,2173
-6,2174
-331,2175
15,2176
-307,2177
-356,2178
14,2179
25,2180
25,2181
23,2182
16,2183
-3,2184
19,2185
-314,2186
24,2187
17,2188
-303,2189
24,2190
21,2191
25,2192
-314,2193
-49,2194
-302,2195
-301,2196
16,2197
-309,2198
25,2199
25,2200
-300,2201
-304,2202
19,2203
17,2204
25,2205
25,2206
-309,2207
18,2208
-306,2209
23,2210
25,2211
20,2212
25,2213
-300,2214
25,2215
-306,2216
25,2217
-325,2218
25,2219
22,2220
24,2221
12,2222
-301,2223
25,2224
-303,2225
25,2226
-307,2227
24,2228
4,2229
-302,2230
-313,2231
-305,2232
24,2233
-327,2234
19,2235
-314,2236
19,2237
25,2238
-325,2239
-323,2240
25,2241
24,2242
25,2243
22,2244
24,2245
4,2246
25,2247
-339,2248
-314,2249
-3,2250
24,2251
-22,2252
-34,2253
24,2254
7,2255
21,2256
24,2257
-306,2258
23,2259
18,2260
24,2261
22,2262
24,2263
22,2264
6,2265
23,2266
24,2267
13,2268
25,2269
23,2270
-308,2271
15,2272
19,2273
11,2274
-305,2275
-300,2276
19,2277
-375,2278
-303,2279
25,2280
25,2281
24,2282
-307,2283
17,2284
25,2285
25,2286
5,2287
19,2288
25,2289
23,2290
25,2291
25,2292
25,2293
-306,2294
20,2295
9,2296
-315,2297
25,2298
-322,2299
-313,2300
24,2301
-319,2302
-306,2303
24,2304
12,2305
-300,2306
24,2307
-335,2308
-323,2309
-301,2310
-310,2311
-322,2312
-444,2313
17,2314
25,2315
-306,2316
24,2317
24,2318
-300,2319
-306,2320
-303,2321
-383,2322
-312,2323
-306,2324
25,2325
-300,2326
-7,2327
24,2328
25,2329
25,2330
5,2331
-308,2332
-300,2333
-301,2334
20,2335
-309,2336
8,2337
-314,2338
-323,2339
-304,2340
-305,2341
25,2342
25,2343
-308,2344
-302,2345
3,2346
11,2347
17,2348
7,2349
22,2350
25,2351
-301,2352
4,2353
-3,2354
-3,2355
22,2356
24,2357
15,2358
-330,2359
-317,2360
-305,2361
18,2362
21,2363
-337,2364
21,2365
19,2366
-304,2367
23,2368
17,2369
-60,2370
-308,2371
-314,2372
-314,2373
25,2374
22,2375
-11,2376
24,2377
17,2378
-6,2379
21,2380
20,2381
25,2382
-27,2383
19,2384
24,2385
19,2386
25,2387
25,2388
-327,2389
-328,2390
25,2391
-3,2392
25,2393
11,2394
-327,2395
-326,2396
25,2397
-328,2398
-300,2399
24,2400
23,2401
19,2402
-15,2403
22,2404
-72,2405
21,2406
25,2407
25,2408
-305,2409
25,2410
-8,2411
-301,2412
25,2413
25,2414
-22,2415
-315,2416
-10,2417
-303,2418
23,2419
-313,2420
-302,2421
-325,2422
22,2423
19,2424
-304,2425
18,2426
25,2427
21,2428
-311,2429
24,2430
24,2431
25,2432
21,2433
-313,2434
-300,2435
25,2436
23,2437
25,2438
8,2439
21,2440
20,2441
22,2442
25,2443
-313,2444
21,2445
12,2446
-300,2447
23,2448
21,2449
-324,2450
22,2451
-3,2452
-300,2453
25,2454
-302,2455
22,2456
20,2457
-326,2458
25,2459
2,2460
-303,2461
-300,2462
25,2463
21,2464
-300,2465
-308,2466
25,2467
-32,2468
18,2469
20,2470
25,2471
21,2472
4,2473
-13,2474
-331,2475
24,2476
-304,2477
-300,2478
18,2479
25,2480
21,2481
-309,2482
24,2483
-301,2484
24,2485
-300,2486
20,2487
25,2488
11,2489
-321,2490
12,2491
7,2492
-307,2493
-311,2494
20,2495
-301,2496
-300,2497
24,2498
25,2499
25,2500
-300,2501
-341,2502
25,2503
-301,2504
4,2505
-305,2506
23,2507
25,2508
25,2509
-304,2510
5,2511
-305,2512
-17,2513
-328,2514
-306,2515
25,2516
5,2517
22,2518
19,2519
22,2520
-304,2521
8,2522
21,2523
19,2524
-310,2525
25,2526
-316,2527
-301,2528
24,2529
-322,2530
25,2531
10,2532
19,2533
-300,2534
25,2535
25,2536
14,2537
-346,2538
20,2539
24,2540
-334,2541
24,2542
-4,2543
-357,2544
-318,2545
24,2546
-308,2547
25,2548
25,2549
-308,2550
23,2551
-334,2552
-303,2553
-300,2554
6,2555
25,2556
-300,2557
-300,2558
25,2559
25,2560
-309,2561
-306,2562
24,2563
-372,2564
25,2565
-303,2566
21,2567
25,2568
15,2569
22,2570
-314,2571
-305,2572
25,2573
25,2574
-300,2575
22,2576
22,2577
10,2578
24,2579
24,2580
-300,2581
9,2582
-303,2583
-317,2584
-314,2585
25,2586
-316,2587
-320,2588
-312,2589
-308,2590
25,2591
-41,2592
19,2593
-317,2594
12,2595
-302,2596
-315,2597
5,2598
6,2599
17,2600
-325,2601
-337,2602
20,2603
-322,2604
-3,2605
-303,2606
-355,2607
-307,2608
24,2609
25,2610
22,2611
25,2612
23,2613
-317,2614
25,2615
23,2616
25,2617
-301,2618
18,2619
24,2620
-353,2621
-359,2622
20,2623
21,2624
8,2625
-301,2626
21,2627
-35,2628
-303,2629
25,2630
5,2631
23,2632
17,2633
25,2634
15,2635
25,2636
-303,2637
25,2638
23,2639
24,2640
25,2641
22,2642
25,2643
4,2644
25,2645
2,2646
-301,2647
-6,2648
-300,2649
19,2650
22,2651
-307,2652
8,2653
23,2654
24,2655
-42,2656
20,2657
24,2658
-302,2659
25,2660
-300,2661
8,2662
-309,2663
-314,2664
-319,2665
25,2666
25,2667
25,2668
-361,2669
-348,2670
25,2671
-335,2672
-310,2673
9,2674
25,2675
24,2676
-322,2677
25,2678
-300,2679
-304,2680
25,2681
-304,2682
-309,2683
5,2684
-308,2685
-300,2686
-305,2687
19,2688
25,2689
22,2690
20,2691
-5,2692
23,2693
21,2694
23,2695
-305,2696
-310,2697
-305,2698
-303,2699
-300,2700
25,2701
23,2702
-302,2703
-345,2704
15,2705
25,2706
22,2707
25,2708
22,2709
25,2710
24,2711
25,2712
24,2713
16,2714
15,2715
25,2716
21,2717
25,2718
20,2719
25,2720
22,2721
-334,2722
-306,2723
25,2724
10,2725
14,2726
-309,2727
17,2728
24,2729
23,2730
-307,2731
23,2732
-301,2733
24,2734
-300,2735
24,2736
9,2737
25,2738
-303,2739
21,2740
2,2741
-300,2742
-314,2743
-328,2744
-309,2745
25,2746
25,2747
14,2748
-5,2749
25,2750
20,2751
24,2752
-300,2753
-1,2754
25,2755
-303,2756
23,2757
25,2758
-303,2759
-14,2760
-302,2761
25,2762
-323,2763
-357,2764
-300,2765
-28,2766
-303,2767
-304,2768
19,2769
18,2770
12,2771
15,2772
-358,2773
-308,2774
-20,2775
25,2776
14,2777
-310,2778
25,2779
20,2780
-67,2781
19,2782
22,2783
-314,2784
19,2785
9,2786
24,2787
5,2788
-330,2789
-303,2790
10,2791
20,2792
-335,2793
-300,2794
24,2795
-300,2796
-315,2797
22,2798
-3,2799
19,2800
-323,2801
25,2802
21,2803
-305,2804
-28,2805
-300,2806
25,2807
25,2808
-17,2809
-311,2810
-310,2811
-322,2812
-25,2813
-314,2814
24,2815
7,2816
24,2817
23,2818
21,2819
-301,2820
-312,2821
20,2822
-35,2823
11,2824
23,2825
11,2826
-311,2827
5,2828
18,2829
-333,2830
-304,2831
21,2832
-304,2833
-13,2834
-313,2835
-302,2836
24,2837
23,2838
-303,2839
25,2840
25,2841
20,2842
-317,2843
-311,2844
23,2845
-301,2846
-312,2847
-315,2848
-389,2849
22,2850
10,2851
25,2852
9,2853
25,2854
18,2855
-310,2856
23,2857
-304,2858
5,2859
-302,2860
24,2861
25,2862
23,2863
20,2864
15,2865
25,2866
16,2867
-320,2868
25,2869
17,2870
-319,2871
17,2872
25,2873
-321,2874
16,2875
-300,2876
-35,2877
-301,2878
25,2879
25,2880
-310,2881
-15,2882
25,2883
17,2884
15,2885
21,2886
18,2887
-301,2888
-301,2889
-8,2890
24,2891
-349,2892
25,2893
24,2894
-323,2895
-318,2896
-329,2897
-314,2898
-302,2899
9,2900
14,2901
-308,2902
-309,2903
24,2904
-313,2905
25,2906
13,2907
22,2908
25,2909
24,2910
-300,2911
25,2912
25,2913
19,2914
7,2915
16,2916
25,2917
-323,2918
19,2919
-311,2920
-300,2921
19,2922
-306,2923
21,2924
-317,2925
23,2926
20,2927
16,2928
-319,2929
9,2930
23,2931
-6,2932
22,2933
-312,2934
-301,2935
-310,2936
23,2937
-306,2938
13,2939
-306,2940
22,2941
13,2942
23,2943
15,2944
-309,2945
22,2946
25,2947
22,2948
23,2949
-32,2950
-317,2951
-348,2952
12,2953
25,2954
21,2955
21,2956
-328,2957
25,2958
23,2959
19,2960
22,2961
24,2962
24,2963
23,2964
13,2965
-307,2966
-322,2967
25,2968
25,2969
-37,2970
-303,2971
8,2972
15,2973
25,2974
23,2975
-320,2976
-325,2977
22,2978
-318,2979
24,2980
25,2981
20,2982
-329,2983
-3,2984
10,2985
24,2986
-305,2987
25,2988
23,2989
18,2990
-348,2991
15,2992
14,2993
-305,2994
-301,2995
-7,2996
19,2997
-309,2998
19,2999
25,3000
11,3001
12,3002
-316,3003
13,3004
25,3005
24,3006
25,3007
25,3008
24,3009
25,3010
-319,3011
11,3012
-300,3013
-300,3014
22,3015
-18,3016
-301,3017
6,3018
-301,3019
18,3020
25,3021
-305,3022
-302,3023
-7,3024
-304,3025
-302,3026
25,3027
-321,3028
23,3029
24,3030
-310,3031
-300,3032
25,3033
24,3034
24,3035
-372,3036
25,3037
24,3038
25,3039
-300,3040
-3,3041
-300,3042
-305,3043
8,3044
12,3045
25,3046
21,3047
-300,3048
-317,3049
-10,3050
25,3051
-304,3052
23,3053
-321,3054
23,3055
-37,3056
-301,3057
4,3058
21,3059
23,3060
-302,3061
-303,3062
-307,3063
24,3064
-301,3065
-301,3066
13,3067
-116,3068
9,3069
20,3070
25,3071
-330,3072
24,3073
17,3074
14,3075
-306,3076
15,3077
25,3078
-324,3079
15,3080
24,3081
4,3082
18,3083
-300,3084
25,3085
-343,3086
-300,3087
22,3088
25,3089
14,3090
25,3091
-337,3092
16,3093
-300,3094
16,3095
18,3096
7,3097
-317,3098
-326,3099
18,3100
24,3101
20,3102
9,3103
-3,3104
24,3105
2,3106
23,3107
-5,3108
25,3109
-28,3110
21,3111
1,3112
25,3113
11,3114
-311,3115
-312,3116
22,3117
-1,3118
25,3119
25,3120
24,3121
25,3122
-325,3123
25,3124
-309,3125
24,3126
-304,3127
25,3128
-300,3129
19,3130
25,3131
-302,3132
-302,3133
8,3134
25,3135
7,3136
17,3137
25,3138
-301,3139
-301,3140
-300,3141
-300,3142
-301,3143
-309,3144
25,3145
16,3146
25,3147
-307,3148
11,3149
25,3150
23,3151
-301,3152
-301,3153
25,3154
-319,3155
23,3156
23,3157
20,3158
21,3159
-320,3160
24,3161
3,3162
16,3163
18,3164
25,3165
7,3166
25,3167
24,3168
22,3169
25,3170
25,3171
18,3172
24,3173
-309,3174
17,3175
-314,3176
-335,3177
15,3178
-302,3179
-328,3180
24,3181
-315,3182
25,3183
6,3184
-362,3185
-300,3186
18,3187
22,3188
-328,3189
18,3190
18,3191
-300,3192
-29,3193
22,3194
13,3195
-300,3196
24,3197
18,3198
24,3199
-303,3200
21,3201
16,3202
25,3203
24,3204
10,3205
20,3206
24,3207
5,3208
24,3209
20,3210
25,3211
24,3212
-307,3213
-322,3214
-303,3215
23,3216
-300,3217
25,3218
-307,3219
15,3220
24,3221
23,3222
5,3223
20,3224
25,3225
25,3226
18,3227
-17,3228
25,3229
25,3230
-324,3231
-306,3232
-301,3233
17,3234
-303,3235
18,3236
20,3237
21,3238
22,3239
-330,3240
13,3241
-300,3242
-301,3243
20,3244
25,3245
-309,3246
25,3247
24,3248
2,3249
25,3250
17,3251
-327,3252
22,3253
14,3254
-357,3255
-320,3256
-337,3257
25,3258
22,3259
25,3260
-14,3261
21,3262
-338,3263
-300,3264
25,3265
23,3266
-325,3267
-302,3268
14,3269
-300,3270
-311,3271
24,3272
-300,3273
-314,3274
-319,3275
25,3276
-304,3277
-306,3278
25,3279
15,3280
25,3281
19,3282
13,3283
11,3284
20,3285
-332,3286
-300,3287
-302,3288
17,3289
1,3290
25,3291
21,3292
25,3293
-323,3294
24,3295
24,3296
-302,3297
24,3298
-317,3299
-312,3300
4,3301
20,3302
24,3303
25,3304
25,3305
-301,3306
-305,3307
25,3308
25,3309
-315,3310
-301,3311
-302,3312
24,3313
17,3314
-31,3315
-300,3316
-302,3317
-300,3318
-301,3319
24,3320
-29,3321
23,3322
-301,3323
23,3324
25,3325
25,3326
24,3327
8,3328
23,3329
24,3330
22,3331
16,3332
25,3333
-318,3334
-337,3335
14,3336
18,3337
9,3338
-320,3339
11,3340
-300,3341
23,3342
-30,3343
25,3344
-17,3345
20,3346
24,3347
25,3348
-327,3349
23,3350
23,3351
-48,3352
-301,3353
-1,3354
-24,3355
-306,3356
-308,3357
24,3358
-320,3359
21,3360
13,3361
-309,3362
18,3363
-300,3364
-303,3365
22,3366
22,3367
2,3368
8,3369
-310,3370
21,3371
-300,3372
25,3373
21,3374
18,3375
18,3376
-310,3377
17,3378
-313,3379
10,3380
24,3381
24,3382
17,3383
-307,3384
25,3385
-300,3386
-340,3387
5,3388
-327,3389
-7,3390
-315,3391
-9,3392
-300,3393
-319,3394
14,3395
25,3396
-311,3397
-304,3398
25,3399
22,3400
21,3401
25,3402
25,3403
25,3404
-315,3405
20,3406
25,3407
-304,3408
22,3409
21,3410
-342,3411
10,3412
-306,3413
21,3414
22,3415
14,3416
-301,3417
24,3418
23,3419
22,3420
25,3421
-9,3422
21,3423
24,3424
15,3425
25,3426
25,3427
-315,3428
-322,3429
23,3430
8,3431
11,3432
24,3433
-314,3434
-9,3435
-301,3436
24,3437
18,3438
25,3439
6,3440
-307,3441
25,3442
-47,3443
18,3444
-301,3445
19,3446
-305,3447
10,3448
-304,3449
-312,3450
-303,3451
24,3452
-9,3453
-22,3454
-364,3455
25,3456
-310,3457
25,3458
25,3459
-327,3460
24,3461
-313,3462
8,3463
-300,3464
12,3465
-313,3466
25,3467
25,3468
16,3469
25,3470
21,3471
-300,3472
-300,3473
-300,3474
11,3475
24,3476
-319,3477
16,3478
15,3479
-310,3480
-337,3481
14,3482
25,3483
-302,3484
-300,3485
-300,3486
23,3487
-304,3488
25,3489
24,3490
23,3491
7,3492
25,3493
25,3494
16,3495
25,3496
-303,3497
23,3498
14,3499
21,3500
-16,3501
-302,3502
17,3503
-333,3504
22,3505
20,3506
15,3507
24,3508
-320,3509
-29,3510
-300,3511
13,3512
-312,3513
20,3514
13,3515
-304,3516
-304,3517
25,3518
17,3519
-317,3520
24,3521
4,3522
20,3523
25,3524
4,3525
25,3526
-311,3527
25,3528
22,3529
23,3530
10,3531
21,3532
9,3533
22,3534
15,3535
-5,3536
-337,3537
0,3538
-341,3539
25,3540
-300,3541
24,3542
-308,3543
22,3544
-318,3545
-339,3546
24,3547
-310,3548
25,3549
24,3550
-325,3551
-327,3552
16,3553
-313,3554
-308,3555
20,3556
19,3557
-45,3558
19,3559
11,3560
-27,3561
24,3562
-302,3563
-5,3564
19,3565
17,3566
-318,3567
22,3568
16,3569
25,3570
24,3571
22,3572
-2,3573
25,3574
-1,3575
-301,3576
-2,3577
22,3578
15,3579
-307,3580
-331,3581
24,3582
0,3583
-318,3584
19,3585
5,3586
25,3587
23,3588
23,3589
22,3590
25,3591
22,3592
20,3593
25,3594
17,3595
-302,3596
19,3597
-311,3598
-26,3599
-323,3600
-306,3601
-309,3602
20,3603
25,3604
-319,3605
25,3606
21,3607
-305,3608
21,3609
18,3610
-306,3611
-313,3612
-9,3613
22,3614
-305,3615
20,3616
24,3617
10,3618
25,3619
-307,3620
-301,3621
-25,3622
18,3623
24,3624
25,3625
22,3626
25,3627
-22,3628
23,3629
6,3630
24,3631
22,3632
-347,3633
0,3634
-300,3635
0,3636
25,3637
4,3638
25,3639
-306,3640
-320,3641
21,3642
-300,3643
25,3644
-29,3645
22,3646
-302,3647
13,3648
-347,3649
-116,3650
25,3651
6,3652
10,3653
20,3654
-318,3655
-308,3656
-310,3657
-313,3658
22,3659
-301,3660
4,3661
23,3662
-320,3663
-311,3664
-3,3665
22,3666
17,3667
-342,3668
25,3669
24,3670
-38,3671
19,3672
25,3673
-307,3674
25,3675
-322,3676
-49,3677
-305,3678
25,3679
-300,3680
21,3681
-300,3682
4,3683
20,3684
-313,3685
-332,3686
19,3687
25,3688
21,3689
-6,3690
25,3691
24,3692
-302,3693
23,3694
-367,3695
-303,3696
-360,3697
24,3698
-11,3699
-321,3700
25,3701
24,3702
7,3703
-5,3704
13,3705
-10,3706
13,3707
23,3708
22,3709
-304,3710
-311,3711
25,3712
19,3713
18,3714
22,3715
23,3716
-342,3717
-300,3718
25,3719
-346,3720
8,3721
-315,3722
24,3723
23,3724
-313,3725
24,3726
24,3727
25,3728
-353,3729
21,3730
24,3731
-311,3732
7,3733
11,3734
-308,3735
25,3736
-313,3737
-300,3738
-9,3739
23,3740
-15,3741
24,3742
-309,3743
25,3744
14,3745
-300,3746
23,3747
-300,3748
-301,3749
19,3750
25,3751
-342,3752
25,3753
14,3754
24,3755
-300,3756
-306,3757
22,3758
-337,3759
-303,3760
23,3761
-310,3762
19,3763
-15,3764
25,3765
24,3766
23,3767
-305,3768
21,3769
18,3770
17,3771
10,3772
21,3773
10,3774
-305,3775
23,3776
25,3777
11,3778
24,3779
7,3780
18,3781
-335,3782
25,3783
22,3784
24,3785
13,3786
22,3787
21,3788
-309,3789
22,3790
-305,3791
24,3792
23,3793
-5,3794
25,3795
-319,3796
20,3797
8,3798
-305,3799
8,3800
-23,3801
16,3802
25,3803
23,3804
-323,3805
24,3806
25,3807
23,3808
-327,3809
25,3810
25,3811
14,3812
2,3813
23,3814
25,3815
23,3816
14,3817
21,3818
-300,3819
-380,3820
25,3821
18,3822
-306,3823
23,3824
24,3825
14,3826
-13,3827
-337,3828
25,3829
-332,3830
25,3831
25,3832
24,3833
13,3834
20,3835
25,3836
24,3837
25,3838
19,3839
-31,3840
22,3841
25,3842
-10,3843
-306,3844
-300,3845
-28,3846
25,3847
21,3848
7,3849
-302,3850
19,3851
15,3852
-22,3853
25,3854
24,3855
18,3856
-342,3857
24,3858
-305,3859
20,3860
-300,3861
24,3862
21,3863
23,3864
23,3865
-117,3866
-4,3867
17,3868
-303,3869
24,3870
16,3871
10,3872
-356,3873
-300,3874
23,3875
22,3876
25,3877
-322,3878
25,3879
16,3880
21,3881
-335,3882
18,3883
22,3884
23,3885
21,3886
25,3887
22,3888
25,3889
-321,3890
-302,3891
-9,3892
25,3893
25,3894
25,3895
-311,3896
25,3897
25,3898
-22,3899
-311,3900
25,3901
-309,3902
15,3903
23,3904
17,3905
23,3906
9,3907
-305,3908
20,3909
24,3910
21,3911
-3,3912
24,3913
18,3914
-321,3915
-360,3916
22,3917
-307,3918
25,3919
-303,3920
-300,3921
-301,3922
21,3923
25,3924
21,3925
23,3926
3,3927
-301,3928
-301,3929
16,3930
3,3931
25,3932
-314,3933
-351,3934
25,3935
24,3936
25,3937
22,3938
25,3939
23,3940
25,3941
23,3942
24,3943
25,3944
23,3945
-62,3946
24,3947
22,3948
-14,3949
25,3950
17,3951
-16,3952
-317,3953
-26,3954
-342,3955
24,3956
25,3957
-302,3958
-365,3959
13,3960
24,3961
25,3962
-7,3963
24,3964
25,3965
11,3966
25,3967
24,3968
25,3969
-26,3970
25,3971
-9,3972
18,3973
21,3974
16,3975
8,3976
19,3977
25,3978
23,3979
25,3980
23,3981
24,3982
25,3983
12,3984
24,3985
22,3986
5,3987
0,3988
17,3989
-342,3990
24,3991
23,3992
-308,3993
25,3994
10,3995
25,3996
23,3997
24,3998
-302,3999
-2,4000
22,4001
20,4002
25,4003
-4,4004
8,4005
25,4006
-304,4007
9,4008
25,4009
21,4010
23,4011
-300,4012
25,4013
24,4014
25,4015
-330,4016
21,4017
-304,4018
-304,4019
24,4020
16,4021
-308,4022
-304,4023
25,4024
24,4025
24,4026
-309,4027
22,4028
-307,4029
19,4030
24,4031
25,4032
25,4033
19,4034
-8,4035
-323,4036
-305,4037
1,4038
-302,4039
-334,4040
-419,4041
25,4042
-311,4043
0,4044
-26,4045
-315,4046
24,4047
14,4048
16,4049
21,4050
-17,4051
25,4052
-305,4053
21,4054
23,4055
14,4056
-8,4057
16,4058
21,4059
23,4060
24,4061
25,4062
24,4063
25,4064
25,4065
25,4066
25,4067
-333,4068
25,4069
7,4070
24,4071
7,4072
23,4073
24,4074
-301,4075
25,4076
25,4077
9,4078
15,4079
23,4080
-1,4081
22,4082
21,4083
24,4084
25,4085
-305,4086
-332,4087
17,4088
7,4089
-351,4090
22,4091
-342,4092
18,4093
6,4094
21,4095
3,4096
-334,4097
25,4098
-301,4099
-10,4100
23,4101
-301,4102
3,4103
24,4104
24,4105
25,4106
16,4107
-5,4108
-2,4109
24,4110
24,4111
22,4112
25,4113
-315,4114
24,4115
25,4116
-24,4117
1,4118
13,4119
-305,4120
25,4121
25,4122
25,4123
-304,4124
17,4125
22,4126
20,4127
12,4128
-315,4129
13,4130
7,4131
19,4132
-309,4133
-305,4134
-301,4135
-304,4136
19,4137
25,4138
23,4139
24,4140
23,4141
25,4142
-310,4143
-302,4144
-31,4145
-310,4146
25,4147
25,4148
3,4149
25,4150
25,4151
-349,4152
24,4153
25,4154
24,4155
-305,4156
19,4157
16,4158
11,4159
-311,4160
-312,4161
23,4162
0,4163
-304,4164
17,4165
25,4166
-5,4167
25,4168
25,4169
12,4170
23,4171
6,4172
17,4173
-11,4174
-308,4175
25,4176
21,4177
17,4178
23,4179
-316,4180
-302,4181
25,4182
1,4183
23,4184
25,4185
17,4186
-309,4187
25,4188
18,4189
-302,4190
-326,4191
25,4192
-36,4193
17,4194
-33,4195
24,4196
24,4197
24,4198
24,4199
25,4200
-301,4201
4,4202
25,4203
-338,4204
23,4205
25,4206
24,4207
21,4208
-313,4209
24,4210
-32,4211
25,4212
-300,4213
12,4214
5,4215
25,4216
23,4217
-300,4218
-356,4219
24,4220
-301,4221
22,4222
13,4223
-367,4224
-27,4225
-326,4226
16,4227
-361,4228
25,4229
21,4230
24,4231
-310,4232
25,4233
21,4234
25,4235
22,4236
25,4237
21,4238
24,4239
21,4240
-309,4241
-333,4242
24,4243
-300,4244
9,4245
-34,4246
-320,4247
-308,4248
-327,4249
-303,4250
-321,4251
4,4252
10,4253
-302,4254
25,4255
-300,4256
25,4257
24,4258
23,4259
24,4260
-313,4261
25,4262
24,4263
-303,4264
12,4265
25,4266
-7,4267
25,4268
25,4269
5,4270
-305,4271
9,4272
25,4273
-335,4274
23,4275
-50,4276
-302,4277
25,4278
-1,4279
-302,4280
25,4281
-306,4282
21,4283
21,4284
25,4285
21,4286
23,4287
24,4288
-312,4289
25,4290
25,4291
25,4292
25,4293
3,4294
-16,4295
21,4296
24,4297
-344,4298
24,4299
-306,4300
24,4301
-301,4302
24,4303
16,4304
24,4305
-71,4306
-304,4307
-410,4308
-310,4309
24,4310
25,4311
-305,4312
13,4313
-308,4314
23,4315
17,4316
23,4317
24,4318
13,4319
22,4320
5,4321
24,4322
7,4323
-350,4324
24,4325
25,4326
20,4327
-322,4328
18,4329
21,4330
18,4331
25,4332
24,4333
22,4334
19,4335
17,4336
-300,4337
25,4338
-4,4339
25,4340
-312,4341
23,4342
24,4343
-300,4344
23,4345
25,4346
17,4347
-313,4348
-313,4349
18,4350
-306,4351
25,4352
-300,4353
-8,4354
6,4355
25,4356
25,4357
21,4358
25,4359
17,4360
24,4361
24,4362
14,4363
21,4364
20,4365
-305,4366
25,4367
22,4368
21,4369
25,4370
-20,4371
20,4372
23,4373
22,4374
23,4375
25,4376
11,4377
24,4378
-15,4379
22,4380
22,4381
-300,4382
-319,4383
22,4384
-303,4385
20,4386
25,4387
22,4388
-14,4389
-5,4390
-304,4391
22,4392
17,4393
25,4394
-301,4395
25,4396
-304,4397
22,4398
-310,4399
-327,4400
25,4401
24,4402
25,4403
18,4404
21,4405
24,4406
25,4407
19,4408
24,4409
25,4410
25,4411
22,4412
23,4413
24,4414
-306,4415
25,4416
22,4417
18,4418
22,4419
25,4420
25,4421
-303,4422
20,4423
-303,4424
24,4425
-300,4426
15,4427
-307,4428
22,4429
-301,4430
13,4431
-305,4432
25,4433
-325,4434
23,4435
23,4436
-311,4437
11,4438
-309,4439
14,4440
-305,4441
-301,4442
22,4443
23,4444
18,4445
17,4446
25,4447
25,4448
-303,4449
-16,4450
-300,4451
8,4452
-300,4453
-305,4454
24,4455
25,4456
-302,4457
-308,4458
-302,4459
11,4460
19,4461
21,4462
25,4463
16,4464
24,4465
-300,4466
23,4467
-339,4468
24,4469
25,4470
25,4471
20,4472
25,4473
16,4474
-303,4475
24,4476
-300,4477
10,4478
8,4479
-302,4480
24,4481
-301,4482
15,4483
-307,4484
-300,4485
-303,4486
20,4487
11,4488
-306,4489
24,4490
20,4491
0,4492
23,4493
21,4494
24,4495
25,4496
16,4497
25,4498
24,4499
-384,4500
12,4501
-301,4502
25,4503
6,4504
24,4505
23,4506
-310,4507
21,4508
14,4509
24,4510
-302,4511
-39,4512
18,4513
-308,4514
25,4515
-349,4516
25,4517
23,4518
25,4519
19,4520
24,4521
-304,4522
-301,4523
16,4524
-301,4525
24,4526
-27,4527
16,4528
-332,4529
25,4530
-326,4531
5,4532
5,4533
-329,4534
25,4535
10,4536
25,4537
22,4538
-300,4539
16,4540
18,4541
-327,4542
16,4543
-309,4544
-12,4545
-303,4546
-326,4547
24,4548
16,4549
23,4550
22,4551
24,4552
15,4553
14,4554
-310,4555
13,4556
23,4557
25,4558
16,4559
-84,4560
-307,4561
-313,4562
-301,4563
-302,4564
13,4565
25,4566
-5,4567
23,4568
24,4569
-341,4570
23,4571
25,4572
21,4573
23,4574
-383,4575
18,4576
-2,4577
25,4578
-10,4579
23,4580
25,4581
-320,4582
25,4583
25,4584
14,4585
12,4586
8,4587
15,4588
-301,4589
-311,4590
24,4591
24,4592
-329,4593
21,4594
24,4595
-4,4596
-302,4597
24,4598
17,4599
24,4600
16,4601
21,4602
-315,4603
25,4604
24,4605
19,4606
25,4607
24,4608
-308,4609
25,4610
-309,4611
-301,4612
-317,4613
4,4614
12,4615
17,4616
24,4617
21,4618
24,4619
8,4620
25,4621
23,4622
23,4623
-306,4624
-306,4625
13,4626
-4,4627
23,4628
-11,4629
-310,4630
25,4631
12,4632
25,4633
21,4634
23,4635
-305,4636
23,4637
-330,4638
25,4639
25,4640
-307,4641
25,4642
24,4643
25,4644
14,4645
14,4646
25,4647
-301,4648
21,4649
25,4650
25,4651
-5,4652
-316,4653
25,4654
-303,4655
25,4656
-300,4657
17,4658
16,4659
-303,4660
25,4661
15,4662
17,4663
12,4664
0,4665
18,4666
-303,4667
3,4668
24,4669
24,4670
25,4671
-300,4672
-306,4673
21,4674
-311,4675
17,4676
21,4677
-360,4678
12,4679
18,4680
25,4681
-13,4682
23,4683
25,4684
16,4685
22,4686
7,4687
22,4688
-300,4689
18,4690
-309,4691
25,4692
-22,4693
9,4694
-300,4695
0,4696
25,4697
1,4698
25,4699
25,4700
24,4701
13,4702
-3,4703
22,4704
23,4705
25,4706
-313,4707
22,4708
24,4709
-300,4710
22,4711
7,4712
24,4713
-300,4714
23,4715
22,4716
25,4717
-312,4718
25,4719
23,4720
16,4721
25,4722
19,4723
25,4724
11,4725
25,4726
24,4727
23,4728
-313,4729
24,4730
25,4731
7,4732
22,4733
25,4734
-27,4735
0,4736
-301,4737
25,4738
24,4739
23,4740
24,4741
0,4742
-302,4743
-305,4744
-302,4745
21,4746
21,4747
19,4748
25,4749
22,4750
-304,4751
24,4752
18,4753
25,4754
18,4755
24,4756
-320,4757
24,4758
-300,4759
22,4760
25,4761
-321,4762
23,4763
18,4764
-303,4765
17,4766
-303,4767
25,4768
-303,4769
-313,4770
-301,4771
-300,4772
23,4773
21,4774
24,4775
12,4776
-4,4777
24,4778
24,4779
9,4780
24,4781
-300,4782
-1,4783
24,4784
4,4785
-328,4786
20,4787
21,4788
16,4789
-431,4790
25,4791
20,4792
-311,4793
-305,4794
-335,4795
22,4796
11,4797
-301,4798
19,4799
3,4800
21,4801
10,4802
12,4803
-344,4804
15,4805
6,4806
17,4807
-321,4808
25,4809
25,4810
25,4811
24,4812
17,4813
-315,4814
18,4815
25,4816
-305,4817
22,4818
18,4819
9,4820
-14,4821
24,4822
25,4823
23,4824
24,4825
24,4826
25,4827
25,4828
18,4829
-326,4830
-307,4831
25,4832
21,4833
-10,4834
12,4835
-306,4836
25,4837
25,4838
20,4839
25,4840
24,4841
16,4842
25,4843
25,4844
24,4845
25,4846
16,4847
-35,4848
24,4849
20,4850
17,4851
-300,4852
-313,4853
-311,4854
-22,4855
-94,4856
20,4857
-321,4858
21,4859
-327,4860
25,4861
23,4862
25,4863
14,4864
17,4865
25,4866
19,4867
21,4868
23,4869
15,4870
-342,4871
-313,4872
-300,4873
11,4874
25,4875
20,4876
23,4877
24,4878
10,4879
25,4880
1,4881
24,4882
-320,4883
18,4884
-301,4885
14,4886
25,4887
22,4888
25,4889
-302,4890
23,4891
-319,4892
20,4893
-307,4894
7,4895
25,4896
-305,4897
-63,4898
24,4899
25,4900
24,4901
24,4902
22,4903
23,4904
23,4905
-306,4906
25,4907
24,4908
-320,4909
25,4910
22,4911
-315,4912
22,4913
-3,4914
13,4915
25,4916
-301,4917
-307,4918
20,4919
-342,4920
-317,4921
-343,4922
1,4923
-319,4924
-2,4925
22,4926
25,4927
25,4928
23,4929
23,4930
19,4931
-1,4932
20,4933
23,4934
-74,4935
23,4936
24,4937
25,4938
24,4939
17,4940
15,4941
24,4942
24,4943
-311,4944
0,4945
-323,4946
-300,4947
4,4948
-324,4949
-309,4950
24,4951
-305,4952
23,4953
22,4954
2,4955
25,4956
24,4957
-305,4958
18,4959
21,4960
17,4961
5,4962
14,4963
-327,4964
24,4965
19,4966
25,4967
-381,4968
25,4969
23,4970
23,4971
25,4972
17,4973
23,4974
23,4975
-302,4976
25,4977
-325,4978
23,4979
10,4980
-33,4981
25,4982
10,4983
-321,4984
-321,4985
-8,4986
-32,4987
-302,4988
24,4989
22,4990
23,4991
-342,4992
-300,4993
25,4994
25,4995
20,4996
-7,4997
22,4998
25,4999
-300,5000
24,5001
21,5002
22,5003
25,5004
-300,5005
23,5006
23,5007
-3,5008
24,5009
24,5010
12,5011
-34,5012
23,5013
23,5014
-306,5015
-316,5016
25,5017
19,5018
24,5019
22,5020
25,5021
12,5022
-304,5023
20,5024
25,5025
9,5026
-301,5027
15,5028
-301,5029
22,5030
23,5031
-6,5032
7,5033
25,5034
-300,5035
18,5036
16,5037
23,5038
-305,5039
-321,5040
24,5041
2,5042
19,5043
23,5044
5,5045
-392,5046
3,5047
-308,5048
22,5049
23,5050
24,5051
-320,5052
-300,5053
11,5054
23,5055
24,5056
24,5057
24,5058
12,5059
24,5060
19,5061
-303,5062
20,5063
-302,5064
16,5065
-9,5066
16,5067
-301,5068
6,5069
18,5070
-306,5071
23,5072
-1,5073
24,5074
22,5075
-305,5076
-349,5077
19,5078
0,5079
21,5080
25,5081
18,5082
23,5083
23,5084
16,5085
-302,5086
-316,5087
-314,5088
22,5089
19,5090
25,5091
-307,5092
-302,5093
-45,5094
17,5095
24,5096
25,5097
-315,5098
25,5099
-22,5100
12,5101
-307,5102
25,5103
24,5104
24,5105
-300,5106
-316,5107
2,5108
24,5109
25,5110
-311,5111
23,5112
-324,5113
-366,5114
25,5115
24,5116
24,5117
22,5118
-387,5119
16,5120
12,5121
22,5122
14,5123
25,5124
-314,5125
-337,5126
23,5127
4,5128
-302,5129
18,5130
24,5131
23,5132
-88,5133
-301,5134
9,5135
25,5136
-312,5137
13,5138
24,5139
25,5140
17,5141
24,5142
0,5143
25,5144
-312,5145
22,5146
24,5147
23,5148
12,5149
23,5150
25,5151
-309,5152
-344,5153
24,5154
-8,5155
20,5156
24,5157
-316,5158
3,5159
25,5160
-307,5161
4,5162
23,5163
23,5164
-18,5165
25,5166
-1,5167
-303,5168
25,5169
-326,5170
25,5171
24,5172
25,5173
19,5174
-302,5175
-334,5176
24,5177
25,5178
15,5179
1,5180
4,5181
4,5182
16,5183
25,5184
20,5185
-302,5186
25,5187
17,5188
19,5189
25,5190
24,5191
22,5192
-303,5193
23,5194
23,5195
9,5196
25,5197
18,5198
17,5199
21,5200
-56,5201
25,5202
21,5203
25,5204
-301,5205
25,5206
9,5207
9,5208
15,5209
24,5210
15,5211
25,5212
25,5213
-1,5214
-310,5215
25,5216
16,5217
25,5218
-313,5219
11,5220
24,5221
21,5222
8,5223
25,5224
6,5225
4,5226
13,5227
-300,5228
25,5229
25,5230
25,5231
-302,5232
-330,5233
-348,5234
22,5235
-305,5236
19,5237
6,5238
25,5239
23,5240
-313,5241
16,5242
18,5243
25,5244
23,5245
25,5246
18,5247
-320,5248
12,5249
23,5250
25,5251
25,5252
-3,5253
-328,5254
-23,5255
24,5256
22,5257
21,5258
-310,5259
-32,5260
-6,5261
24,5262
16,5263
23,5264
22,5265
20,5266
21,5267
15,5268
-2,5269
-303,5270
16,5271
11,5272
13,5273
-315,5274
-309,5275
19,5276
-301,5277
25,5278
24,5279
24,5280
-320,5281
24,5282
-15,5283
-325,5284
25,5285
24,5286
24,5287
-341,5288
12,5289
23,5290
23,5291
25,5292
24,5293
15,5294
-301,5295
25,5296
25,5297
-301,5298
-300,5299
20,5300
24,5301
20,5302
-361,5303
13,5304
-87,5305
13,5306
24,5307
25,5308
-354,5309
25,5310
-27,5311
-333,5312
8,5313
11,5314
22,5315
-310,5316
5,5317
15,5318
21,5319
10,5320
21,5321
24,5322
-2,5323
13,5324
-330,5325
19,5326
4,5327
-300,5328
25,5329
25,5330
18,5331
24,5332
18,5333
10,5334
9,5335
22,5336
24,5337
25,5338
22,5339
-303,5340
24,5341
20,5342
22,5343
25,5344
10,5345
22,5346
-301,5347
-9,5348
25,5349
24,5350
25,5351
-334,5352
17,5353
25,5354
21,5355
-307,5356
-302,5357
17,5358
21,5359
-330,5360
25,5361
14,5362
24,5363
-301,5364
19,5365
20,5366
25,5367
-4,5368
25,5369
9,5370
8,5371
14,5372
-384,5373
16,5374
25,5375
5,5376
-337,5377
-333,5378
10,5379
21,5380
-303,5381
-308,5382
25,5383
14,5384
-17,5385
-308,5386
22,5387
22,5388
24,5389
17,5390
12,5391
-2,5392
25,5393
25,5394
3,5395
24,5396
-308,5397
19,5398
25,5399
23,5400
24,5401
-319,5402
14,5403
25,5404
25,5405
12,5406
23,5407
21,5408
24,5409
-305,5410
15,5411
21,5412
11,5413
24,5414
-313,5415
24,5416
25,5417
-308,5418
18,5419
-308,5420
24,5421
-311,5422
12,5423
-324,5424
-300,5425
24,5426
-300,5427
-321,5428
8,5429
20,5430
-302,5431
25,5432
23,5433
23,5434
22,5435
16,5436
25,5437
24,5438
25,5439
-304,5440
25,5441
19,5442
23,5443
24,5444
-349,5445
24,5446
17,5447
25,5448
21,5449
24,5450
25,5451
25,5452
25,5453
18,5454
25,5455
25,5456
-300,5457
23,5458
-306,5459
25,5460
-303,5461
25,5462
2,5463
25,5464
-309,5465
20,5466
20,5467
14,5468
18,5469
21,5470
-317,5471
24,5472
23,5473
25,5474
-333,5475
14,5476
24,5477
-7,5478
11,5479
-309,5480
-10,5481
25,5482
25,5483
15,5484
23,5485
22,5486
25,5487
24,5488
25,5489
21,5490
24,5491
18,5492
-301,5493
23,5494
19,5495
24,5496
-304,5497
4,5498
4,5499
24,5500
5,5501
23,5502
22,5503
25,5504
16,5505
-413,5506
7,5507
22,5508
-300,5509
20,5510
-353,5511
22,5512
25,5513
24,5514
6,5515
25,5516
-319,5517
-308,5518
25,5519
-337,5520
0,5521
-340,5522
22,5523
-301,5524
24,5525
25,5526
10,5527
25,5528
-317,5529
-6,5530
25,5531
25,5532
20,5533
24,5534
18,5535
21,5536
-306,5537
24,5538
-3,5539
4,5540
-308,5541
15,5542
2,5543
24,5544
24,5545
-309,5546
23,5547
24,5548
25,5549
23,5550
24,5551
21,5552
24,5553
23,5554
16,5555
-302,5556
21,5557
23,5558
11,5559
-300,5560
25,5561
11,5562
13,5563
25,5564
25,5565
-319,5566
14,5567
18,5568
20,5569
9,5570
25,5571
-304,5572
-335,5573
21,5574
25,5575
-301,5576
22,5577
16,5578
19,5579
24,5580
-304,5581
-303,5582
-309,5583
20,5584
21,5585
25,5586
18,5587
23,5588
13,5589
25,5590
-300,5591
25,5592
-304,5593
22,5594
-329,5595
-20,5596
25,5597
-300,5598
25,5599
-305,5600
-336,5601
21,5602
23,5603
24,5604
20,5605
25,5606
24,5607
-344,5608
-6,5609
23,5610
24,5611
-7,5612
25,5613
24,5614
21,5615
20,5616
5,5617
25,5618
15,5619
18,5620
25,5621
17,5622
13,5623
25,5624
22,5625
25,5626
-7,5627
25,5628
2,5629
25,5630
2,5631
23,5632
12,5633
-301,5634
25,5635
-312,5636
25,5637
23,5638
25,5639
-51,5640
5,5641
21,5642
24,5643
-52,5644
25,5645
-34,5646
24,5647
9,5648
15,5649
24,5650
17,5651
-344,5652
17,5653
-350,5654
-300,5655
-300,5656
-317,5657
25,5658
-5,5659
25,5660
24,5661
22,5662
16,5663
20,5664
25,5665
24,5666
-304,5667
22,5668
24,5669
25,5670
-15,5671
-306,5672
-304,5673
22,5674
-300,5675
24,5676
-313,5677
-313,5678
24,5679
24,5680
-301,5681
-316,5682
21,5683
24,5684
-300,5685
-304,5686
25,5687
21,5688
25,5689
24,5690
24,5691
9,5692
16,5693
19,5694
25,5695
24,5696
25,5697
16,5698
-313,5699
25,5700
-301,5701
24,5702
25,5703
22,5704
14,5705
12,5706
25,5707
25,5708
-14,5709
-308,5710
-8,5711
25,5712
-24,5713
24,5714
-26,5715
25,5716
-302,5717
25,5718
22,5719
25,5720
-316,5721
13,5722
-9,5723
23,5724
25,5725
19,5726
21,5727
25,5728
6,5729
1,5730
25,5731
25,5732
25,5733
-5,5734
24,5735
22,5736
24,5737
24,5738
9,5739
24,5740
-300,5741
23,5742
25,5743
21,5744
21,5745
-310,5746
24,5747
-305,5748
6,5749
-300,5750
25,5751
-305,5752
24,5753
25,5754
24,5755
-305,5756
22,5757
21,5758
25,5759
-300,5760
24,5761
-14,5762
25,5763
19,5764
6,5765
25,5766
24,5767
21,5768
-308,5769
24,5770
-14,5771
-306,5772
23,5773
16,5774
17,5775
-302,5776
25,5777
17,5778
18,5779
17,5780
1,5781
24,5782
0,5783
-300,5784
25,5785
19,5786
-1,5787
10,5788
15,5789
-307,5790
20,5791
20,5792
24,5793
-35,5794
22,5795
12,5796
25,5797
14,5798
22,5799
25,5800
21,5801
-66,5802
-302,5803
-362,5804
23,5805
-303,5806
21,5807
-302,5808
-305,5809
24,5810
-316,5811
-3,5812
7,5813
18,5814
25,5815
-311,5816
-305,5817
20,5818
14,5819
25,5820
-1,5821
21,5822
25,5823
20,5824
25,5825
20,5826
25,5827
21,5828
25,5829
21,5830
10,5831
9,5832
9,5833
25,5834
13,5835
-314,5836
16,5837
20,5838
-301,5839
-300,5840
21,5841
-301,5842
-336,5843
25,5844
21,5845
23,5846
14,5847
22,5848
7,5849
22,5850
-307,5851
20,5852
16,5853
15,5854
15,5855
25,5856
-26,5857
12,5858
25,5859
23,5860
13,5861
18,5862
21,5863
24,5864
9,5865
25,5866
25,5867
23,5868
19,5869
22,5870
23,5871
25,5872
-3,5873
22,5874
25,5875
-300,5876
20,5877
25,5878
24,5879
-2,5880
23,5881
22,5882
24,5883
23,5884
-300,5885
24,5886
-305,5887
21,5888
-3,5889
-368,5890
24,5891
-313,5892
-300,5893
22,5894
23,5895
25,5896
-306,5897
24,5898
12,5899
19,5900
24,5901
24,5902
-308,5903
17,5904
3,5905
0,5906
-300,5907
24,5908
21,5909
24,5910
-313,5911
23,5912
-311,5913
-303,5914
21,5915
15,5916
-6,5917
-304,5918
-300,5919
-302,5920
25,5921
25,5922
25,5923
25,5924
20,5925
24,5926
-312,5927
12,5928
-300,5929
15,5930
-36,5931
24,5932
1,5933
15,5934
-305,5935
11,5936
2,5937
21,5938
22,5939
22,5940
-311,5941
16,5942
-300,5943
21,5944
16,5945
3,5946
-303,5947
24,5948
23,5949
25,5950
8,5951
24,5952
-323,5953
-305,5954
-89,5955
-363,5956
-329,5957
19,5958
25,5959
25,5960
-312,5961
17,5962
-307,5963
25,5964
4,5965
-304,5966
-7,5967
11,5968
23,5969
-8,5970
14,5971
-300,5972
17,5973
16,5974
22,5975
21,5976
25,5977
25,5978
24,5979
25,5980
25,5981
25,5982
25,5983
20,5984
-10,5985
24,5986
19,5987
25,5988
23,5989
18,5990
19,5991
23,5992
25,5993
-385,5994
-302,5995
25,5996
11,5997
22,5998
-302,5999
-300,6000
-300,6001
25,6002
22,6003
-302,6004
-308,6005
-302,6006
24,6007
23,6008
23,6009
25,6010
25,6011
1,6012
21,6013
-301,6014
24,6015
9,6016
13,6017
2,6018
23,6019
25,6020
25,6021
25,6022
-1,6023
-300,6024
-317,6025
20,6026
9,6027
-303,6028
24,6029
10,6030
19,6031
20,6032
17,6033
-14,6034
-6,6035
25,6036
-307,6037
-335,6038
19,6039
-302,6040
15,6041
25,6042
24,6043
-301,6044
25,6045
-361,6046
22,6047
24,6048
18,6049
22,6050
19,6051
25,6052
25,6053
24,6054
4,6055
23,6056
25,6057
15,6058
18,6059
24,6060
-335,6061
-301,6062
24,6063
-328,6064
-14,6065
22,6066
25,6067
23,6068
-309,6069
-301,6070
8,6071
25,6072
-1,6073
24,6074
-331,6075
19,6076
6,6077
14,6078
25,6079
25,6080
24,6081
-8,6082
5,6083
22,6084
-301,6085
25,6086
16,6087
25,6088
-303,6089
-58,6090
5,6091
13,6092
2,6093
24,6094
25,6095
23,6096
13,6097
25,6098
-339,6099
-29,6100
21,6101
20,6102
20,6103
-306,6104
25,6105
25,6106
15,6107
25,6108
-11,6109
23,6110
17,6111
25,6112
19,6113
17,6114
-300,6115
15,6116
-303,6117
23,6118
23,6119
19,6120
21,6121
25,6122
9,6123
20,6124
21,6125
-307,6126
20,6127
25,6128
20,6129
23,6130
-340,6131
23,6132
3,6133
-310,6134
22,6135
20,6136
23,6137
22,6138
25,6139
22,6140
20,6141
-310,6142
-309,6143
24,6144
9,6145
8,6146
24,6147
25,6148
13,6149
25,6150
15,6151
16,6152
23,6153
-307,6154
21,6155
12,6156
23,6157
23,6158
24,6159
14,6160
25,6161
16,6162
-300,6163
9,6164
-333,6165
25,6166
21,6167
22,6168
23,6169
18,6170
25,6171
12,6172
24,6173
25,6174
5,6175
19,6176
22,6177
-335,6178
-302,6179
23,6180
18,6181
-2,6182
-300,6183
23,6184
17,6185
8,6186
4,6187
24,6188
2,6189
15,6190
21,6191
-308,6192
25,6193
25,6194
19,6195
21,6196
20,6197
25,6198
24,6199
20,6200
24,6201
18,6202
16,6203
7,6204
-2,6205
13,6206
17,6207
12,6208
22,6209
25,6210
23,6211
-1,6212
20,6213
11,6214
24,6215
-3,6216
-316,6217
-6,6218
-6,6219
-312,6220
25,6221
-332,6222
-307,6223
4,6224
-300,6225
24,6226
9,6227
25,6228
24,6229
25,6230
23,6231
25,6232
9,6233
-15,6234
-8,6235
25,6236
22,6237
25,6238
23,6239
23,6240
-306,6241
25,6242
-305,6243
22,6244
-311,6245
20,6246
23,6247
25,6248
-328,6249
-26,6250
25,6251
-337,6252
23,6253
25,6254
25,6255
-324,6256
25,6257
-318,6258
22,6259
25,6260
-311,6261
-2,6262
24,6263
17,6264
25,6265
-310,6266
20,6267
-338,6268
25,6269
15,6270
-300,6271
25,6272
25,6273
22,6274
7,6275
25,6276
-327,6277
-303,6278
25,6279
8,6280
22,6281
20,6282
-300,6283
23,6284
8,6285
20,6286
-34,6287
25,6288
25,6289
10,6290
-305,6291
24,6292
-18,6293
24,6294
24,6295
-8,6296
16,6297
-305,6298
24,6299
7,6300
-314,6301
25,6302
19,6303
17,6304
25,6305
12,6306
25,6307
-10,6308
24,6309
23,6310
-309,6311
22,6312
24,6313
14,6314
24,6315
3,6316
25,6317
-303,6318
-361,6319
-312,6320
21,6321
24,6322
22,6323
21,6324
-10,6325
25,6326
20,6327
22,6328
22,6329
23,6330
22,6331
21,6332
25,6333
-301,6334
23,6335
25,6336
25,6337
25,6338
25,6339
-327,6340
-33,6341
25,6342
23,6343
-319,6344
24,6345
19,6346
12,6347
-8,6348
22,6349
25,6350
-315,6351
-7,6352
24,6353
25,6354
16,6355
25,6356
-332,6357
11,6358
-308,6359
-5,6360
-308,6361
24,6362
9,6363
24,6364
-305,6365
15,6366
25,6367
21,6368
18,6369
18,6370
20,6371
-300,6372
22,6373
-51,6374
4,6375
21,6376
0,6377
25,6378
21,6379
9,6380
8,6381
11,6382
-315,6383
-10,6384
25,6385
22,6386
-309,6387
20,6388
21,6389
25,6390
-301,6391
25,6392
24,6393
16,6394
25,6395
20,6396
9,6397
-309,6398
25,6399
-302,6400
24,6401
25,6402
-301,6403
24,6404
13,6405
-8,6406
-42,6407
20,6408
21,6409
13,6410
24,6411
24,6412
19,6413
-308,6414
-307,6415
19,6416
15,6417
7,6418
22,6419
24,6420
25,6421
24,6422
17,6423
25,6424
12,6425
24,6426
25,6427
22,6428
19,6429
-307,6430
25,6431
25,6432
23,6433
-300,6434
24,6435
25,6436
24,6437
24,6438
-335,6439
21,6440
13,6441
20,6442
18,6443
23,6444
-319,6445
23,6446
-5,6447
1,6448
24,6449
22,6450
22,6451
18,6452
0,6453
25,6454
13,6455
14,6456
20,6457
25,6458
15,6459
16,6460
15,6461
24,6462
24,6463
16,6464
-28,6465
-306,6466
20,6467
24,6468
-14,6469
-60,6470
1,6471
5,6472
-16,6473
9,6474
25,6475
19,6476
15,6477
22,6478
20,6479
20,6480
-302,6481
20,6482
25,6483
25,6484
-300,6485
25,6486
22,6487
17,6488
-313,6489
15,6490
-2,6491
24,6492
24,6493
16,6494
24,6495
-312,6496
17,6497
25,6498
24,6499
14,6500
18,6501
24,6502
17,6503
18,6504
24,6505
14,6506
1,6507
-308,6508
19,6509
24,6510
23,6511
25,6512
12,6513
25,6514
25,6515
20,6516
23,6517
25,6518
24,6519
14,6520
25,6521
25,6522
20,6523
18,6524
-305,6525
19,6526
15,6527
24,6528
16,6529
-300,6530
18,6531
-307,6532
23,6533
21,6534
25,6535
22,6536
24,6537
23,6538
25,6539
16,6540
-315,6541
-384,6542
17,6543
24,6544
-24,6545
-328,6546
-317,6547
16,6548
25,6549
22,6550
22,6551
-339,6552
-305,6553
4,6554
21,6555
21,6556
23,6557
24,6558
24,6559
25,6560
6,6561
24,6562
23,6563
20,6564
23,6565
20,6566
24,6567
25,6568
24,6569
-311,6570
20,6571
24,6572
10,6573
25,6574
22,6575
24,6576
20,6577
-11,6578
-302,6579
20,6580
-300,6581
-5,6582
-300,6583
-1,6584
-301,6585
25,6586
25,6587
8,6588
11,6589
15,6590
24,6591
-334,6592
23,6593
-351,6594
23,6595
4,6596
24,6597
-310,6598
25,6599
16,6600
10,6601
17,6602
20,6603
5,6604
-305,6605
23,6606
24,6607
20,6608
-311,6609
8,6610
25,6611
16,6612
-311,6613
24,6614
-4,6615
11,6616
25,6617
5,6618
-37,6619
24,6620
23,6621
-16,6622
24,6623
23,6624
25,6625
25,6626
9,6627
24,6628
13,6629
25,6630
25,6631
21,6632
-331,6633
21,6634
-326,6635
-14,6636
22,6637
25,6638
17,6639
-319,6640
-315,6641
-311,6642
15,6643
21,6644
-335,6645
25,6646
-314,6647
-331,6648
17,6649
22,6650
22,6651
23,6652
19,6653
-1,6654
2,6655
-328,6656
25,6657
25,6658
10,6659
25,6660
14,6661
23,6662
22,6663
19,6664
16,6665
23,6666
24,6667
22,6668
22,6669
12,6670
22,6671
-306,6672
24,6673
-301,6674
14,6675
22,6676
25,6677
25,6678
18,6679
12,6680
15,6681
22,6682
12,6683
25,6684
-302,6685
25,6686
-1,6687
25,6688
11,6689
22,6690
25,6691
25,6692
-3,6693
14,6694
24,6695
-304,6696
19,6697
25,6698
9,6699
-320,6700
25,6701
21,6702
24,6703
21,6704
19,6705
17,6706
20,6707
25,6708
25,6709
23,6710
16,6711
25,6712
-313,6713
24,6714
24,6715
-320,6716
24,6717
23,6718
10,6719
-300,6720
25,6721
25,6722
24,6723
24,6724
-7,6725
13,6726
16,6727
24,6728
24,6729
23,6730
23,6731
-306,6732
25,6733
24,6734
11,6735
-356,6736
24,6737
-300,6738
16,6739
-6,6740
24,6741
25,6742
-10,6743
16,6744
25,6745
25,6746
-14,6747
18,6748
-10,6749
24,6750
22,6751
-319,6752
25,6753
18,6754
15,6755
23,6756
21,6757
24,6758
20,6759
25,6760
-321,6761
24,6762
25,6763
-317,6764
25,6765
22,6766
21,6767
25,6768
22,6769
17,6770
22,6771
22,6772
24,6773
13,6774
25,6775
3,6776
25,6777
23,6778
-302,6779
17,6780
23,6781
15,6782
20,6783
25,6784
20,6785
-306,6786
25,6787
23,6788
17,6789
19,6790
24,6791
25,6792
-15,6793
-300,6794
25,6795
6,6796
23,6797
22,6798
-28,6799
-362,6800
-1,6801
24,6802
17,6803
25,6804
22,6805
25,6806
19,6807
24,6808
25,6809
24,6810
-300,6811
25,6812
22,6813
-3,6814
24,6815
19,6816
-304,6817
19,6818
23,6819
1,6820
20,6821
-4,6822
13,6823
24,6824
24,6825
6,6826
22,6827
20,6828
25,6829
25,6830
-317,6831
11,6832
-43,6833
12,6834
4,6835
5,6836
24,6837
24,6838
25,6839
25,6840
18,6841
24,6842
25,6843
-306,6844
25,6845
22,6846
25,6847
24,6848
16,6849
21,6850
25,6851
24,6852
24,6853
22,6854
21,6855
11,6856
-310,6857
-306,6858
22,6859
7,6860
20,6861
23,6862
-46,6863
21,6864
7,6865
22,6866
24,6867
24,6868
-300,6869
24,6870
17,6871
23,6872
25,6873
23,6874
2,6875
24,6876
-1,6877
20,6878
13,6879
25,6880
23,6881
23,6882
14,6883
-307,6884
22,6885
23,6886
-300,6887
20,6888
-333,6889
22,6890
25,6891
25,6892
-8,6893
-307,6894
25,6895
25,6896
-27,6897
25,6898
11,6899
24,6900
25,6901
24,6902
24,6903
19,6904
-307,6905
15,6906
-304,6907
25,6908
-325,6909
22,6910
24,6911
22,6912
25,6913
24,6914
13,6915
22,6916
24,6917
23,6918
-9,6919
4,6920
-36,6921
24,6922
24,6923
24,6924
-316,6925
25,6926
20,6927
23,6928
25,6929
-325,6930
-306,6931
23,6932
-4,6933
24,6934
-318,6935
19,6936
25,6937
19,6938
24,6939
25,6940
24,6941
20,6942
25,6943
25,6944
25,6945
-312,6946
5,6947
24,6948
21,6949
25,6950
-311,6951
24,6952
-317,6953
25,6954
25,6955
23,6956
23,6957
-13,6958
25,6959
25,6960
23,6961
25,6962
24,6963
24,6964
22,6965
12,6966
25,6967
12,6968
24,6969
25,6970
-304,6971
24,6972
-11,6973
25,6974
-377,6975
-10,6976
25,6977
16,6978
24,6979
-303,6980
25,6981
25,6982
17,6983
-309,6984
-302,6985
-304,6986
25,6987
24,6988
6,6989
14,6990
-354,6991
10,6992
19,6993
14,6994
25,6995
20,6996
-26,6997
-9,6998
16,6999
18,7000
19,7001
-317,7002
8,7003
21,7004
24,7005
-4,7006
-323,7007
24,7008
-303,7009
22,7010
-300,7011
16,7012
22,7013
24,7014
-301,7015
19,7016
24,7017
24,7018
-26,7019
-317,7020
19,7021
22,7022
20,7023
19,7024
24,7025
-13,7026
25,7027
-28,7028
22,7029
24,7030
25,7031
19,7032
25,7033
24,7034
10,7035
21,7036
-300,7037
23,7038
-311,7039
20,7040
25,7041
0,7042
22,7043
-304,7044
18,7045
18,7046
-301,7047
23,7048
24,7049
2,7050
23,7051
-316,7052
23,7053
19,7054
14,7055
18,7056
15,7057
-319,7058
-301,7059
23,7060
4,7061
7,7062
24,7063
24,7064
-307,7065
24,7066
19,7067
25,7068
23,7069
-301,7070
-3,7071
19,7072
25,7073
25,7074
23,7075
-5,7076
21,7077
25,7078
-37,7079
-35,7080
25,7081
25,7082
15,7083
23,7084
16,7085
24,7086
22,7087
24,7088
-303,7089
-332,7090
-304,7091
-10,7092
16,7093
22,7094
22,7095
3,7096
-302,7097
25,7098
21,7099
10,7100
25,7101
20,7102
24,7103
25,7104
25,7105
25,7106
24,7107
25,7108
-12,7109
-325,7110
22,7111
16,7112
-303,7113
23,7114
22,7115
-7,7116
-29,7117
25,7118
24,7119
22,7120
25,7121
-304,7122
-35,7123
-310,7124
18,7125
18,7126
25,7127
21,7128
20,7129
24,7130
20,7131
24,7132
-300,7133
25,7134
-306,7135
-315,7136
22,7137
-301,7138
22,7139
10,7140
11,7141
17,7142
14,7143
12,7144
20,7145
21,7146
-12,7147
-328,7148
20,7149
-303,7150
23,7151
-19,7152
24,7153
-6,7154
22,7155
24,7156
17,7157
2,7158
-300,7159
16,7160
-302,7161
25,7162
25,7163
-310,7164
18,7165
-316,7166
16,7167
19,7168
24,7169
21,7170
25,7171
25,7172
23,7173
-320,7174
25,7175
25,7176
25,7177
-5,7178
-300,7179
22,7180
-339,7181
20,7182
-300,7183
24,7184
25,7185
25,7186
22,7187
-40,7188
25,7189
-301,7190
-350,7191
-359,7192
-23,7193
25,7194
24,7195
-313,7196
24,7197
14,7198
16,7199
24,7200
21,7201
8,7202
12,7203
-316,7204
18,7205
20,7206
19,7207
25,7208
25,7209
-338,7210
25,7211
15,7212
24,7213
23,7214
-3,7215
24,7216
18,7217
-300,7218
23,7219
19,7220
25,7221
24,7222
22,7223
25,7224
19,7225
25,7226
24,7227
25,7228
-4,7229
24,7230
24,7231
25,7232
-344,7233
-10,7234
24,7235
25,7236
5,7237
-304,7238
24,7239
1,7240
25,7241
-301,7242
18,7243
25,7244
23,7245
-303,7246
18,7247
24,7248
-1,7249
-300,7250
-345,7251
10,7252
7,7253
20,7254
22,7255
21,7256
-301,7257
25,7258
23,7259
24,7260
6,7261
14,7262
-310,7263
12,7264
16,7265
18,7266
25,7267
25,7268
24,7269
-302,7270
25,7271
19,7272
18,7273
15,7274
24,7275
20,7276
19,7277
24,7278
-301,7279
25,7280
-77,7281
18,7282
24,7283
25,7284
-18,7285
25,7286
-340,7287
25,7288
21,7289
-315,7290
-309,7291
23,7292
24,7293
24,7294
23,7295
24,7296
24,7297
-300,7298
25,7299
24,7300
21,7301
22,7302
24,7303
24,7304
24,7305
15,7306
-311,7307
-300,7308
-305,7309
24,7310
25,7311
22,7312
24,7313
-305,7314
-300,7315
24,7316
20,7317
20,7318
21,7319
17,7320
25,7321
18,7322
25,7323
24,7324
-302,7325
21,7326
22,7327
25,7328
25,7329
21,7330
24,7331
8,7332
-300,7333
11,7334
24,7335
25,7336
-305,7337
21,7338
24,7339
24,7340
24,7341
13,7342
13,7343
23,7344
-302,7345
22,7346
25,7347
10,7348
-363,7349
23,7350
12,7351
20,7352
7,7353
14,7354
18,7355
19,7356
-301,7357
22,7358
-305,7359
-303,7360
-304,7361
-324,7362
8,7363
24,7364
13,7365
23,7366
19,7367
25,7368
25,7369
21,7370
-300,7371
18,7372
16,7373
24,7374
-311,7375
18,7376
-318,7377
18,7378
25,7379
24,7380
25,7381
21,7382
25,7383
24,7384
23,7385
-306,7386
24,7387
21,7388
25,7389
20,7390
25,7391
-75,7392
23,7393
25,7394
24,7395
23,7396
23,7397
16,7398
1,7399
24,7400
-300,7401
23,7402
14,7403
-1,7404
23,7405
20,7406
25,7407
5,7408
-300,7409
25,7410
23,7411
20,7412
23,7413
-307,7414
25,7415
25,7416
18,7417
24,7418
24,7419
-4,7420
-300,7421
25,7422
-67,7423
3,7424
18,7425
21,7426
-307,7427
18,7428
25,7429
16,7430
-312,7431
23,7432
-305,7433
-301,7434
-16,7435
24,7436
24,7437
-19,7438
23,7439
19,7440
23,7441
25,7442
16,7443
24,7444
25,7445
11,7446
23,7447
21,7448
21,7449
-312,7450
25,7451
25,7452
-304,7453
25,7454
20,7455
22,7456
25,7457
24,7458
23,7459
25,7460
-301,7461
-313,7462
-311,7463
25,7464
-1,7465
10,7466
-300,7467
15,7468
24,7469
24,7470
-308,7471
25,7472
22,7473
25,7474
10,7475
21,7476
23,7477
-312,7478
21,7479
-305,7480
15,7481
12,7482
25,7483
22,7484
23,7485
20,7486
22,7487
-19,7488
16,7489
25,7490
9,7491
-311,7492
25,7493
22,7494
25,7495
22,7496
18,7497
5,7498
-302,7499
23,7500
22,7501
21,7502
-315,7503
17,7504
22,7505
15,7506
24,7507
25,7508
22,7509
24,7510
23,7511
-310,7512
22,7513
20,7514
22,7515
25,7516
4,7517
-302,7518
24,7519
25,7520
5,7521
25,7522
25,7523
-379,7524
10,7525
10,7526
24,7527
21,7528
23,7529
20,7530
19,7531
12,7532
12,7533
22,7534
6,7535
20,7536
-359,7537
19,7538
21,7539
25,7540
20,7541
6,7542
-305,7543
24,7544
-7,7545
-347,7546
23,7547
25,7548
-7,7549
24,7550
25,7551
20,7552
7,7553
21,7554
25,7555
-301,7556
23,7557
24,7558
25,7559
22,7560
21,7561
-303,7562
24,7563
-312,7564
-300,7565
-323,7566
24,7567
3,7568
22,7569
25,7570
12,7571
-17,7572
24,7573
-336,7574
25,7575
24,7576
24,7577
21,7578
-20,7579
-301,7580
15,7581
-2,7582
-25,7583
15,7584
24,7585
19,7586
25,7587
25,7588
20,7589
25,7590
8,7591
20,7592
23,7593
-7,7594
23,7595
25,7596
20,7597
-306,7598
20,7599
23,7600
25,7601
16,7602
25,7603
24,7604
-300,7605
25,7606
25,7607
22,7608
21,7609
-16,7610
25,7611
1,7612
20,7613
13,7614
24,7615
10,7616
25,7617
-3,7618
25,7619
24,7620
23,7621
25,7622
22,7623
25,7624
22,7625
19,7626
19,7627
25,7628
-302,7629
25,7630
19,7631
-311,7632
20,7633
23,7634
-303,7635
23,7636
25,7637
7,7638
11,7639
21,7640
25,7641
18,7642
24,7643
23,7644
23,7645
25,7646
-303,7647
25,7648
25,7649
6,7650
24,7651
25,7652
-303,7653
-302,7654
24,7655
-306,7656
16,7657
25,7658
-20,7659
25,7660
-7,7661
8,7662
24,7663
24,7664
24,7665
15,7666
-311,7667
8,7668
22,7669
23,7670
25,7671
9,7672
-2,7673
18,7674
24,7675
25,7676
23,7677
21,7678
-1,7679
25,7680
-50,7681
24,7682
17,7683
25,7684
25,7685
8,7686
22,7687
11,7688
20,7689
19,7690
7,7691
-306,7692
22,7693
14,7694
21,7695
18,7696
22,7697
-33,7698
-302,7699
9,7700
25,7701
24,7702
25,7703
25,7704
25,7705
23,7706
24,7707
17,7708
21,7709
-29,7710
-325,7711
23,7712
20,7713
18,7714
23,7715
25,7716
18,7717
9,7718
-4,7719
22,7720
18,7721
19,7722
-302,7723
25,7724
24,7725
24,7726
25,7727
21,7728
-305,7729
25,7730
18,7731
25,7732
25,7733
-334,7734
5,7735
14,7736
21,7737
21,7738
25,7739
10,7740
18,7741
-339,7742
24,7743
24,7744
-61,7745
25,7746
24,7747
20,7748
23,7749
24,7750
24,7751
-366,7752
2,7753
25,7754
20,7755
23,7756
22,7757
1,7758
25,7759
23,7760
22,7761
-300,7762
23,7763
-314,7764
25,7765
25,7766
22,7767
-8,7768
-330,7769
-19,7770
-301,7771
11,7772
24,7773
17,7774
-302,7775
24,7776
23,7777
8,7778
25,7779
25,7780
25,7781
-320,7782
23,7783
4,7784
17,7785
24,7786
25,7787
24,7788
21,7789
24,7790
22,7791
24,7792
-313,7793
24,7794
20,7795
13,7796
24,7797
25,7798
24,7799
23,7800
3,7801
24,7802
-3,7803
22,7804
18,7805
25,7806
21,7807
24,7808
19,7809
19,7810
25,7811
21,7812
-309,7813
25,7814
17,7815
-304,7816
25,7817
24,7818
7,7819
25,7820
4,7821
13,7822
24,7823
24,7824
-300,7825
22,7826
24,7827
22,7828
7,7829
25,7830
19,7831
-338,7832
19,7833
21,7834
24,7835
-305,7836
22,7837
21,7838
21,7839
24,7840
10,7841
24,7842
22,7843
25,7844
14,7845
24,7846
24,7847
17,7848
24,7849
22,7850
-17,7851
-300,7852
-311,7853
13,7854
24,7855
25,7856
4,7857
25,7858
19,7859
-319,7860
24,7861
-301,7862
-316,7863
18,7864
22,7865
-315,7866
25,7867
17,7868
22,7869
20,7870
21,7871
25,7872
-5,7873
-333,7874
25,7875
23,7876
-300,7877
-324,7878
-300,7879
22,7880
-300,7881
-43,7882
24,7883
-19,7884
21,7885
23,7886
22,7887
-304,7888
11,7889
14,7890
19,7891
24,7892
13,7893
8,7894
23,7895
24,7896
20,7897
-317,7898
23,7899
17,7900
6,7901
-325,7902
-301,7903
-3,7904
15,7905
-5,7906
4,7907
19,7908
21,7909
25,7910
21,7911
25,7912
25,7913
18,7914
-9,7915
18,7916
22,7917
23,7918
25,7919
5,7920
25,7921
24,7922
-305,7923
7,7924
18,7925
10,7926
15,7927
25,7928
14,7929
-327,7930
25,7931
25,7932
1,7933
22,7934
25,7935
24,7936
24,7937
-1,7938
-303,7939
24,7940
11,7941
25,7942
24,7943
-302,7944
25,7945
24,7946
11,7947
25,7948
22,7949
25,7950
8,7951
-19,7952
-8,7953
-313,7954
25,7955
23,7956
16,7957
16,7958
-302,7959
25,7960
-306,7961
21,7962
25,7963
13,7964
-1,7965
23,7966
24,7967
25,7968
23,7969
-300,7970
-308,7971
-323,7972
-345,7973
-305,7974
21,7975
20,7976
19,7977
10,7978
19,7979
23,7980
-1,7981
22,7982
25,7983
-302,7984
21,7985
-16,7986
25,7987
23,7988
21,7989
25,7990
22,7991
24,7992
24,7993
-303,7994
25,7995
23,7996
22,7997
13,7998
-312,7999
1,8000
-319,8001
19,8002
21,8003
-333,8004
24,8005
17,8006
24,8007
25,8008
7,8009
-1,8010
-302,8011
25,8012
24,8013
-3,8014
-307,8015
24,8016
16,8017
-312,8018
-330,8019
23,8020
24,8021
18,8022
19,8023
25,8024
14,8025
14,8026
25,8027
22,8028
-300,8029
22,8030
20,8031
8,8032
25,8033
24,8034
22,8035
23,8036
24,8037
17,8038
18,8039
23,8040
25,8041
-301,8042
24,8043
25,8044
24,8045
22,8046
23,8047
22,8048
25,8049
25,8050
25,8051
22,8052
24,8053
20,8054
21,8055
24,8056
24,8057
-305,8058
-300,8059
-4,8060
-306,8061
4,8062
-300,8063
-10,8064
12,8065
16,8066
25,8067
23,8068
24,8069
22,8070
-309,8071
19,8072
25,8073
24,8074
1,8075
13,8076
25,8077
25,8078
23,8079
18,8080
4,8081
24,8082
25,8083
-305,8084
21,8085
22,8086
12,8087
24,8088
-22,8089
24,8090
-343,8091
25,8092
23,8093
-301,8094
22,8095
17,8096
17,8097
25,8098
24,8099
22,8100
16,8101
25,8102
21,8103
23,8104
23,8105
8,8106
25,8107
5,8108
25,8109
21,8110
-304,8111
11,8112
25,8113
23,8114
25,8115
6,8116
24,8117
-14,8118
13,8119
-4,8120
-300,8121
18,8122
21,8123
-20,8124
22,8125
20,8126
25,8127
24,8128
4,8129
-304,8130
17,8131
25,8132
25,8133
18,8134
22,8135
22,8136
-4,8137
17,8138
25,8139
22,8140
25,8141
12,8142
1,8143
24,8144
20,8145
25,8146
24,8147
21,8148
20,8149
18,8150
24,8151
22,8152
23,8153
22,8154
-373,8155
-317,8156
7,8157
14,8158
15,8159
25,8160
25,8161
24,8162
25,8163
25,8164
25,8165
23,8166
24,8167
25,8168
25,8169
23,8170
25,8171
25,8172
24,8173
18,8174
22,8175
-300,8176
2,8177
-301,8178
20,8179
21,8180
-304,8181
25,8182
25,8183
23,8184
21,8185
22,8186
25,8187
-3,8188
9,8189
-344,8190
-302,8191
19,8192
7,8193
-308,8194
25,8195
22,8196
21,8197
25,8198
-21,8199
25,8200
-3,8201
24,8202
25,8203
15,8204
21,8205
24,8206
22,8207
25,8208
-300,8209
-6,8210
-29,8211
22,8212
24,8213
25,8214
12,8215
25,8216
23,8217
25,8218
-311,8219
24,8220
19,8221
14,8222
23,8223
20,8224
-300,8225
17,8226
25,8227
25,8228
20,8229
21,8230
21,8231
5,8232
19,8233
23,8234
21,8235
20,8236
20,8237
25,8238
-318,8239
23,8240
21,8241
22,8242
21,8243
25,8244
16,8245
24,8246
23,8247
24,8248
14,8249
24,8250
22,8251
17,8252
25,8253
23,8254
19,8255
23,8256
22,8257
-302,8258
22,8259
24,8260
-15,8261
7,8262
18,8263
18,8264
7,8265
25,8266
25,8267
11,8268
-300,8269
25,8270
25,8271
25,8272
21,8273
20,8274
24,8275
24,8276
-317,8277
22,8278
-6,8279
2,8280
24,8281
25,8282
19,8283
16,8284
12,8285
16,8286
19,8287
25,8288
16,8289
-304,8290
25,8291
9,8292
2,8293
25,8294
20,8295
23,8296
25,8297
24,8298
20,8299
21,8300
10,8301
23,8302
-305,8303
-340,8304
-306,8305
19,8306
14,8307
25,8308
24,8309
25,8310
24,8311
25,8312
-327,8313
23,8314
25,8315
-304,8316
-16,8317
25,8318
16,8319
25,8320
-19,8321
25,8322
19,8323
6,8324
12,8325
25,8326
17,8327
23,8328
22,8329
-16,8330
-301,8331
25,8332
5,8333
19,8334
-310,8335
20,8336
23,8337
22,8338
24,8339
-20,8340
23,8341
24,8342
23,8343
24,8344
25,8345
14,8346
25,8347
-53,8348
24,8349
24,8350
22,8351
23,8352
20,8353
25,8354
25,8355
25,8356
25,8357
-28,8358
10,8359
23,8360
23,8361
25,8362
24,8363
23,8364
19,8365
23,8366
25,8367
23,8368
25,8369
-306,8370
20,8371
25,8372
11,8373
25,8374
12,8375
24,8376
25,8377
22,8378
-313,8379
-301,8380
16,8381
20,8382
25,8383
13,8384
16,8385
23,8386
25,8387
20,8388
23,8389
13,8390
25,8391
25,8392
17,8393
-15,8394
15,8395
24,8396
19,8397
6,8398
14,8399
25,8400
25,8401
-370,8402
-316,8403
20,8404
16,8405
22,8406
24,8407
13,8408
25,8409
-305,8410
-3,8411
24,8412
-303,8413
21,8414
15,8415
11,8416
25,8417
-335,8418
21,8419
21,8420
-11,8421
23,8422
15,8423
22,8424
18,8425
15,8426
-12,8427
22,8428
23,8429
25,8430
19,8431
24,8432
25,8433
-9,8434
23,8435
-304,8436
22,8437
-4,8438
24,8439
23,8440
23,8441
23,8442
22,8443
24,8444
25,8445
21,8446
13,8447
24,8448
19,8449
4,8450
25,8451
-307,8452
25,8453
25,8454
25,8455
23,8456
-314,8457
23,8458
25,8459
24,8460
24,8461
25,8462
17,8463
25,8464
24,8465
24,8466
22,8467
20,8468
15,8469
19,8470
25,8471
12,8472
19,8473
25,8474
16,8475
9,8476
-7,8477
-6,8478
3,8479
25,8480
25,8481
21,8482
19,8483
24,8484
-303,8485
22,8486
20,8487
24,8488
-5,8489
-44,8490
20,8491
25,8492
1,8493
21,8494
18,8495
21,8496
18,8497
-14,8498
-3,8499
25,8500
24,8501
14,8502
10,8503
-335,8504
24,8505
-23,8506
-18,8507
17,8508
23,8509
-347,8510
25,8511
-4,8512
25,8513
11,8514
25,8515
18,8516
24,8517
19,8518
-315,8519
-301,8520
19,8521
-313,8522
-10,8523
25,8524
24,8525
-18,8526
7,8527
22,8528
22,8529
25,8530
25,8531
22,8532
22,8533
19,8534
-318,8535
6,8536
22,8537
23,8538
-313,8539
25,8540
24,8541
-318,8542
24,8543
25,8544
13,8545
23,8546
24,8547
1,8548
-303,8549
10,8550
22,8551
20,8552
11,8553
14,8554
22,8555
23,8556
23,8557
25,8558
24,8559
24,8560
-22,8561
16,8562
24,8563
12,8564
-318,8565
-5,8566
-301,8567
24,8568
-303,8569
-320,8570
23,8571
19,8572
-332,8573
-332,8574
12,8575
25,8576
21,8577
24,8578
20,8579
16,8580
15,8581
25,8582
25,8583
11,8584
12,8585
24,8586
24,8587
18,8588
24,8589
-330,8590
25,8591
-15,8592
5,8593
-317,8594
-9,8595
15,8596
19,8597
22,8598
10,8599
-307,8600
-301,8601
18,8602
-16,8603
23,8604
25,8605
-300,8606
24,8607
24,8608
25,8609
17,8610
25,8611
18,8612
25,8613
20,8614
18,8615
24,8616
25,8617
24,8618
20,8619
23,8620
20,8621
22,8622
-300,8623
17,8624
25,8625
-9,8626
23,8627
25,8628
21,8629
5,8630
25,8631
22,8632
23,8633
22,8634
25,8635
15,8636
20,8637
24,8638
23,8639
23,8640
-8,8641
22,8642
23,8643
16,8644
22,8645
21,8646
5,8647
25,8648
25,8649
25,8650
21,8651
21,8652
-301,8653
23,8654
25,8655
25,8656
12,8657
23,8658
25,8659
-305,8660
25,8661
-316,8662
23,8663
19,8664
20,8665
14,8666
12,8667
22,8668
20,8669
25,8670
20,8671
25,8672
16,8673
-3,8674
7,8675
25,8676
25,8677
21,8678
25,8679
17,8680
18,8681
9,8682
25,8683
23,8684
25,8685
23,8686
24,8687
25,8688
24,8689
25,8690
24,8691
25,8692
-317,8693
14,8694
14,8695
24,8696
23,8697
24,8698
25,8699
23,8700
24,8701
-303,8702
16,8703
24,8704
24,8705
-10,8706
12,8707
17,8708
23,8709
7,8710
20,8711
18,8712
20,8713
24,8714
20,8715
23,8716
25,8717
-377,8718
24,8719
25,8720
24,8721
24,8722
-305,8723
25,8724
17,8725
-312,8726
25,8727
25,8728
-342,8729
20,8730
15,8731
23,8732
23,8733
22,8734
24,8735
25,8736
15,8737
25,8738
25,8739
-58,8740
24,8741
-308,8742
24,8743
25,8744
24,8745
13,8746
22,8747
23,8748
24,8749
24,8750
19,8751
25,8752
18,8753
21,8754
21,8755
25,8756
-34,8757
19,8758
25,8759
7,8760
23,8761
25,8762
-323,8763
20,8764
25,8765
25,8766
25,8767
-5,8768
25,8769
22,8770
11,8771
24,8772
25,8773
25,8774
18,8775
25,8776
0,8777
25,8778
20,8779
14,8780
25,8781
25,8782
22,8783
1,8784
19,8785
15,8786
-310,8787
-304,8788
18,8789
7,8790
16,8791
-304,8792
-314,8793
13,8794
-303,8795
21,8796
24,8797
-300,8798
21,8799
24,8800
24,8801
25,8802
21,8803
-340,8804
24,8805
-300,8806
25,8807
24,8808
16,8809
24,8810
25,8811
-22,8812
14,8813
22,8814
3,8815
-308,8816
-300,8817
-18,8818
19,8819
-305,8820
24,8821
23,8822
21,8823
24,8824
23,8825
-311,8826
-306,8827
14,8828
25,8829
25,8830
24,8831
25,8832
25,8833
25,8834
23,8835
25,8836
17,8837
-9,8838
24,8839
14,8840
20,8841
18,8842
24,8843
20,8844
17,8845
25,8846
23,8847
16,8848
24,8849
25,8850
21,8851
24,8852
-397,8853
17,8854
16,8855
23,8856
23,8857
5,8858
20,8859
24,8860
3,8861
-302,8862
22,8863
-302,8864
25,8865
25,8866
-309,8867
25,8868
-301,8869
-304,8870
25,8871
6,8872
25,8873
24,8874
25,8875
24,8876
25,8877
21,8878
24,8879
18,8880
22,8881
25,8882
24,8883
22,8884
22,8885
25,8886
25,8887
24,8888
23,8889
-300,8890
25,8891
24,8892
25,8893
25,8894
25,8895
23,8896
23,8897
19,8898
25,8899
25,8900
18,8901
23,8902
20,8903
17,8904
-317,8905
25,8906
24,8907
20,8908
24,8909
22,8910
23,8911
-11,8912
24,8913
22,8914
-37,8915
21,8916
25,8917
-5,8918
11,8919
21,8920
24,8921
7,8922
23,8923
23,8924
-310,8925
25,8926
25,8927
-317,8928
24,8929
-26,8930
25,8931
24,8932
23,8933
13,8934
-302,8935
15,8936
-302,8937
20,8938
-5,8939
5,8940
19,8941
19,8942
23,8943
16,8944
24,8945
15,8946
13,8947
-300,8948
21,8949
-4,8950
10,8951
24,8952
18,8953
-322,8954
-302,8955
11,8956
21,8957
24,8958
25,8959
0,8960
-368,8961
22,8962
22,8963
25,8964
24,8965
25,8966
24,8967
21,8968
21,8969
-351,8970
25,8971
-342,8972
25,8973
25,8974
1,8975
-314,8976
25,8977
25,8978
24,8979
20,8980
20,8981
-302,8982
24,8983
25,8984
11,8985
25,8986
25,8987
-12,8988
25,8989
-7,8990
24,8991
19,8992
24,8993
25,8994
21,8995
17,8996
22,8997
24,8998
25,8999
19,9000
-304,9001
25,9002
25,9003
19,9004
25,9005
12,9006
24,9007
25,9008
15,9009
-3,9010
23,9011
-317,9012
20,9013
18,9014
24,9015
-305,9016
23,9017
25,9018
25,9019
25,9020
24,9021
18,9022
20,9023
24,9024
25,9025
25,9026
25,9027
18,9028
11,9029
14,9030
25,9031
23,9032
-301,9033
25,9034
21,9035
23,9036
24,9037
7,9038
4,9039
13,9040
21,9041
17,9042
18,9043
24,9044
21,9045
22,9046
25,9047
-27,9048
-13,9049
-22,9050
22,9051
-301,9052
24,9053
24,9054
14,9055
25,9056
24,9057
-17,9058
21,9059
24,9060
23,9061
25,9062
25,9063
-308,9064
22,9065
15,9066
-346,9067
8,9068
-14,9069
-27,9070
25,9071
23,9072
25,9073
25,9074
23,9075
25,9076
-300,9077
25,9078
25,9079
22,9080
23,9081
1,9082
-307,9083
24,9084
19,9085
25,9086
-5,9087
25,9088
-305,9089
13,9090
-13,9091
24,9092
1,9093
25,9094
21,9095
24,9096
22,9097
16,9098
25,9099
25,9100
14,9101
25,9102
-20,9103
7,9104
24,9105
7,9106
8,9107
-300,9108
18,9109
24,9110
23,9111
19,9112
24,9113
10,9114
19,9115
8,9116
24,9117
-304,9118
-327,9119
23,9120
-305,9121
21,9122
24,9123
21,9124
-307,9125
-311,9126
25,9127
25,9128
22,9129
-304,9130
23,9131
23,9132
24,9133
17,9134
24,9135
13,9136
10,9137
22,9138
25,9139
19,9140
23,9141
25,9142
17,9143
25,9144
-311,9145
25,9146
25,9147
22,9148
23,9149
24,9150
24,9151
11,9152
10,9153
-333,9154
7,9155
24,9156
25,9157
25,9158
-301,9159
25,9160
18,9161
-423,9162
24,9163
25,9164
-301,9165
24,9166
22,9167
24,9168
25,9169
18,9170
0,9171
25,9172
24,9173
16,9174
14,9175
15,9176
23,9177
20,9178
21,9179
21,9180
-303,9181
2,9182
25,9183
15,9184
9,9185
23,9186
23,9187
25,9188
22,9189
24,9190
23,9191
23,9192
25,9193
-300,9194
25,9195
25,9196
24,9197
25,9198
20,9199
21,9200
8,9201
25,9202
19,9203
23,9204
21,9205
-33,9206
21,9207
15,9208
23,9209
24,9210
6,9211
13,9212
17,9213
-314,9214
-331,9215
23,9216
17,9217
24,9218
22,9219
-300,9220
24,9221
24,9222
14,9223
20,9224
15,9225
2,9226
25,9227
-358,9228
25,9229
23,9230
16,9231
22,9232
-313,9233
25,9234
21,9235
24,9236
25,9237
7,9238
24,9239
-1,9240
21,9241
25,9242
23,9243
22,9244
15,9245
23,9246
12,9247
25,9248
22,9249
19,9250
17,9251
23,9252
25,9253
20,9254
25,9255
19,9256
21,9257
11,9258
25,9259
20,9260
18,9261
24,9262
-401,9263
20,9264
24,9265
24,9266
-311,9267
0,9268
20,9269
23,9270
14,9271
25,9272
25,9273
23,9274
-313,9275
20,9276
13,9277
7,9278
14,9279
16,9280
25,9281
18,9282
25,9283
21,9284
23,9285
24,9286
22,9287
-376,9288
21,9289
5,9290
22,9291
24,9292
16,9293
17,9294
25,9295
25,9296
24,9297
22,9298
20,9299
25,9300
0,9301
24,9302
24,9303
-6,9304
-95,9305
23,9306
21,9307
24,9308
25,9309
22,9310
20,9311
25,9312
3,9313
-19,9314
24,9315
19,9316
25,9317
16,9318
24,9319
-6,9320
-13,9321
21,9322
7,9323
24,9324
23,9325
20,9326
25,9327
25,9328
17,9329
18,9330
21,9331
25,9332
2,9333
16,9334
25,9335
23,9336
-15,9337
21,9338
6,9339
19,9340
25,9341
15,9342
24,9343
-317,9344
20,9345
25,9346
25,9347
25,9348
25,9349
21,9350
12,9351
4,9352
24,9353
23,9354
25,9355
21,9356
0,9357
24,9358
-312,9359
25,9360
25,9361
14,9362
24,9363
21,9364
25,9365
-301,9366
21,9367
20,9368
22,9369
25,9370
22,9371
24,9372
-302,9373
-5,9374
25,9375
-4,9376
24,9377
25,9378
19,9379
-300,9380
22,9381
21,9382
20,9383
14,9384
25,9385
25,9386
-23,9387
21,9388
16,9389
12,9390
-29,9391
11,9392
25,9393
24,9394
20,9395
-300,9396
25,9397
20,9398
19,9399
21,9400
5,9401
23,9402
22,9403
18,9404
25,9405
-300,9406
24,9407
25,9408
-11,9409
25,9410
23,9411
6,9412
19,9413
25,9414
12,9415
21,9416
-345,9417
25,9418
8,9419
-18,9420
25,9421
24,9422
22,9423
24,9424
25,9425
25,9426
21,9427
21,9428
20,9429
25,9430
-339,9431
22,9432
24,9433
25,9434
24,9435
25,9436
10,9437
-307,9438
21,9439
22,9440
23,9441
24,9442
4,9443
14,9444
22,9445
24,9446
21,9447
-301,9448
23,9449
24,9450
25,9451
-300,9452
25,9453
0,9454
24,9455
17,9456
24,9457
24,9458
-325,9459
21,9460
-311,9461
24,9462
-5,9463
24,9464
-309,9465
1,9466
22,9467
-320,9468
23,9469
25,9470
-305,9471
20,9472
24,9473
25,9474
-311,9475
20,9476
21,9477
-308,9478
16,9479
21,9480
24,9481
24,9482
22,9483
24,9484
23,9485
20,9486
19,9487
-322,9488
14,9489
-19,9490
13,9491
11,9492
25,9493
-316,9494
-4,9495
24,9496
20,9497
25,9498
25,9499
24,9500
23,9501
22,9502
25,9503
11,9504
24,9505
19,9506
18,9507
19,9508
25,9509
-302,9510
24,9511
0,9512
22,9513
12,9514
18,9515
23,9516
25,9517
25,9518
18,9519
-16,9520
24,9521
8,9522
3,9523
23,9524
10,9525
24,9526
21,9527
-305,9528
23,9529
23,9530
12,9531
25,9532
23,9533
21,9534
25,9535
20,9536
21,9537
23,9538
-19,9539
7,9540
12,9541
25,9542
25,9543
-303,9544
-317,9545
21,9546
15,9547
24,9548
15,9549
23,9550
22,9551
22,9552
24,9553
-314,9554
19,9555
25,9556
22,9557
20,9558
-3,9559
19,9560
0,9561
20,9562
-301,9563
24,9564
25,9565
22,9566
-357,9567
3,9568
18,9569
24,9570
-312,9571
22,9572
25,9573
25,9574
24,9575
24,9576
25,9577
-303,9578
20,9579
18,9580
14,9581
-320,9582
24,9583
21,9584
25,9585
22,9586
18,9587
-301,9588
24,9589
24,9590
19,9591
25,9592
24,9593
-300,9594
24,9595
-303,9596
24,9597
24,9598
-9,9599
24,9600
25,9601
24,9602
14,9603
23,9604
25,9605
24,9606
19,9607
25,9608
21,9609
23,9610
-6,9611
23,9612
25,9613
10,9614
21,9615
23,9616
24,9617
25,9618
-300,9619
24,9620
25,9621
23,9622
21,9623
9,9624
-13,9625
25,9626
25,9627
25,9628
23,9629
25,9630
22,9631
2,9632
-302,9633
-306,9634
24,9635
22,9636
20,9637
25,9638
22,9639
25,9640
23,9641
23,9642
-300,9643
25,9644
-22,9645
24,9646
24,9647
16,9648
23,9649
-301,9650
23,9651
24,9652
24,9653
24,9654
5,9655
11,9656
25,9657
23,9658
-312,9659
22,9660
18,9661
17,9662
25,9663
7,9664
25,9665
24,9666
3,9667
23,9668
25,9669
24,9670
23,9671
25,9672
20,9673
20,9674
24,9675
23,9676
-16,9677
11,9678
25,9679
25,9680
21,9681
-308,9682
21,9683
24,9684
25,9685
24,9686
22,9687
6,9688
-327,9689
24,9690
21,9691
25,9692
14,9693
23,9694
24,9695
25,9696
9,9697
-11,9698
24,9699
25,9700
-305,9701
-4,9702
19,9703
21,9704
20,9705
22,9706
24,9707
8,9708
24,9709
23,9710
24,9711
9,9712
18,9713
23,9714
25,9715
23,9716
24,9717
24,9718
24,9719
25,9720
-300,9721
-300,9722
23,9723
24,9724
-326,9725
24,9726
25,9727
25,9728
-302,9729
24,9730
25,9731
-2,9732
-312,9733
9,9734
18,9735
20,9736
21,9737
-300,9738
25,9739
25,9740
22,9741
10,9742
23,9743
22,9744
1,9745
25,9746
18,9747
23,9748
11,9749
23,9750
23,9751
-51,9752
24,9753
24,9754
15,9755
15,9756
22,9757
14,9758
21,9759
-300,9760
25,9761
24,9762
23,9763
23,9764
23,9765
-335,9766
25,9767
23,9768
-388,9769
24,9770
20,9771
24,9772
-312,9773
-7,9774
24,9775
25,9776
14,9777
-313,9778
22,9779
-305,9780
25,9781
14,9782
22,9783
14,9784
24,9785
-300,9786
23,9787
25,9788
2,9789
20,9790
-7,9791
25,9792
12,9793
23,9794
6,9795
23,9796
25,9797
25,9798
8,9799
25,9800
18,9801
3,9802
25,9803
22,9804
23,9805
25,9806
7,9807
19,9808
-7,9809
10,9810
16,9811
24,9812
24,9813
22,9814
10,9815
24,9816
18,9817
19,9818
23,9819
-5,9820
-300,9821
-1,9822
25,9823
23,9824
1,9825
12,9826
14,9827
25,9828
25,9829
25,9830
1,9831
24,9832
-312,9833
23,9834
23,9835
19,9836
25,9837
22,9838
24,9839
22,9840
24,9841
25,9842
24,9843
22,9844
20,9845
6,9846
24,9847
11,9848
24,9849
18,9850
25,9851
21,9852
-300,9853
25,9854
25,9855
15,9856
25,9857
21,9858
-28,9859
-9,9860
24,9861
11,9862
14,9863
22,9864
25,9865
-4,9866
25,9867
22,9868
-4,9869
19,9870
21,9871
25,9872
24,9873
24,9874
21,9875
24,9876
22,9877
25,9878
25,9879
14,9880
7,9881
23,9882
16,9883
2,9884
25,9885
20,9886
21,9887
23,9888
19,9889
23,9890
-5,9891
21,9892
23,9893
25,9894
13,9895
25,9896
19,9897
24,9898
21,9899
22,9900
5,9901
10,9902
24,9903
22,9904
25,9905
24,9906
18,9907
25,9908
25,9909
20,9910
10,9911
15,9912
24,9913
23,9914
24,9915
22,9916
13,9917
24,9918
21,9919
-309,9920
22,9921
-311,9922
20,9923
23,9924
25,9925
25,9926
25,9927
24,9928
22,9929
24,9930
25,9931
25,9932
19,9933
22,9934
12,9935
-307,9936
24,9937
20,9938
24,9939
25,9940
-22,9941
-323,9942
1,9943
22,9944
20,9945
22,9946
20,9947
25,9948
25,9949
4,9950
25,9951
25,9952
-28,9953
24,9954
19,9955
23,9956
12,9957
24,9958
21,9959
-335,9960
19,9961
25,9962
24,9963
15,9964
6,9965
7,9966
-301,9967
21,9968
18,9969
-300,9970
16,9971
24,9972
25,9973
22,9974
25,9975
25,9976
25,9977
24,9978
25,9979
12,9980
23,9981
-302,9982
20,9983
16,9984
25,9985
24,9986
24,9987
-302,9988
-325,9989
16,9990
25,9991
-316,9992
23,9993
21,9994
24,9995
-311,9996
6,9997
-300,9998
20,9999
