50,12,1
-271,44,0
-291,12,0
-281,14,0
-297,2,0
-300,1,0
28,2,1
73,65,1
25,1,1
47,27,1
-298,3,0
-271,40,0
31,7,1
27,3,1
-300,5,0
24,2,1
32,6,1
38,8,1
52,18,1
-284,17,0
30,4,1
33,5,1
-299,4,0
34,8,1
-301,2,0
-265,34,0
-260,77,0
-293,10,0
-234,83,0
25,1,1
-286,19,0
-296,9,0
24,2,1
79,59,1
-278,15,0
-291,16,0
-294,11,0
-279,20,0
-297,10,0
25,1,1
53,33,1
25,1,1
-259,40,0
37,9,1
-246,67,0
-302,11,0
-291,28,0
-291,8,0
-268,25,0
-271,44,0
30,4,1
-287,16,0
25,1,1
31,3,1
44,18,1
-281,14,0
-301,2,0
-294,7,0
-289,6,0
57,29,1
-217,102,0
-261,54,0
-300,1,0
-261,74,0
25,1,1
25,1,1
-219,108,0
67,51,1
25,1,1
-292,9,0
-256,37,0
46,12,1
-268,17,0
29,9,1
-304,13,0
-301,2,0
28,2,1
40,18,1
-306,11,0
-294,3,0
-290,11,0
37,9,1
24,2,1
-252,37,0
25,1,1
25,1,1
29,5,1
93,69,1
-282,15,0
-271,52,0
49,13,1
39,11,1
25,1,1
-302,7,0
-292,9,0
-295,4,0
105,133,1
46,32,1
-294,23,0
-284,29,0
-279,44,0
25,1,1
63,43,1
-271,44,0
-293,10,0
86,84,1
43,19,1
35,7,1
-276,57,0
205,217,1
-272,33,0
36,10,1
-292,5,0
-280,21,0
64,58,1
27,3,1
-288,13,0
25,1,1
-178,179,0
-272,29,0
25,1,1
25,1,1
55,51,1
-288,21,0
-286,19,0
34,12,1
27,3,1
25,1,1
37,13,1
-230,67,0
-277,50,0
30,4,1
47,43,1
38,12,1
61,41,1
38,8,1
27,7,1
29,5,1
32,6,1
25,1,1
-273,38,0
-296,5,0
-295,4,0
49,25,1
43,15,1
-288,33,0
91,71,1
-264,41,0
-279,24,0
-249,42,0
27,3,1
30,8,1
-261,38,0
-226,95,0
-287,16,0
-288,9,0
-289,10,0
-293,6,0
-288,37,0
156,142,1
48,22,1
-300,1,0
-300,1,0
-243,76,0
26,4,1
42,20,1
25,1,1
-295,16,0
-286,11,0
53,29,1
43,11,1
39,15,1
-278,35,0
-292,9,0
-169,142,0
-281,30,0
49,25,1
109,81,1
38,12,1
-290,15,0
-291,8,0
-301,2,0
41,21,1
-298,3,0
-284,17,0
60,38,1
-240,81,0
25,1,1
25,1,1
80,70,1
95,71,1
-282,23,0
-253,70,0
-296,9,0
-254,59,0
-297,6,0
51,15,1
71,47,1
-204,169,0
87,71,1
-282,15,0
-255,40,0
25,1,1
65,49,1
-287,36,0
-285,14,0
-290,11,0
-268,29,0
70,36,1
-278,27,0
-300,1,0
25,1,1
25,1,1
-279,24,0
-263,56,0
-234,91,0
-297,10,0
83,75,1
25,1,1
-295,8,0
-274,35,0
-289,26,0
22,4,1
-252,57,0
51,31,1
-300,1,0
-284,41,0
25,1,1
-282,23,0
-286,27,0
-295,4,0
-277,26,0
-295,4,0
-285,14,0
97,85,1
-246,63,0
-284,13,0
32,10,1
25,1,1
-296,21,0
28,2,1
-288,9,0
-292,9,0
-300,1,0
25,1,1
-301,2,0
-295,12,0
64,46,1
35,11,1
-196,153,0
25,1,1
-296,5,0
-267,52,0
-250,59,0
62,76,1
25,1,1
-298,15,0
50,28,1
-274,23,0
63,31,1
-289,18,0
-216,97,0
79,59,1
-219,112,0
-291,8,0
42,20,1
-297,6,0
-298,3,0
25,1,1
-272,61,0
-303,4,0
38,12,1
-304,9,0
-300,1,0
-255,68,0
-286,27,0
-249,82,0
-297,2,0
-289,18,0
-224,93,0
34,8,1
-250,71,0
49,45,1
24,2,1
45,21,1
25,1,1
-298,3,0
61,29,1
40,10,1
-264,57,0
28,2,1
54,24,1
-272,21,0
-289,14,0
27,3,1
55,31,1
-270,35,0
49,17,1
-266,55,0
-297,2,0
34,4,1
-248,57,0
39,7,1
-195,124,0
-238,79,0
-294,11,0
38,8,1
64,46,1
-234,83,0
-297,6,0
62,32,1
24,2,1
66,52,1
50,16,1
29,5,1
70,80,1
25,1,1
42,12,1
-290,7,0
-300,1,0
-292,5,0
71,63,1
-260,33,0
-280,21,0
35,15,1
-274,59,0
-282,23,0
42,16,1
-275,32,0
81,69,1
28,2,1
33,9,1
-248,65,0
-297,2,0
-278,31,0
25,1,1
123,107,1
-265,38,0
-298,3,0
-292,21,0
39,27,1
68,30,1
-300,5,0
73,41,1
28,6,1
-302,3,0
-274,27,0
-270,31,0
-301,2,0
32,6,1
41,9,1
24,2,1
25,1,1
-254,71,0
49,17,1
25,1,1
-293,6,0
-261,74,0
-227,72,0
-264,53,0
-294,11,0
-242,59,0
39,11,1
-299,4,0
-293,6,0
25,1,1
-273,30,0
64,46,1
25,1,1
27,3,1
23,3,1
47,27,1
-243,72,0
-266,35,0
25,1,1
48,18,1
-237,98,0
-225,86,0
-288,9,0
86,56,1
42,12,1
49,37,1
-293,26,0
-289,34,0
-300,1,0
-300,1,0
-294,7,0
70,36,1
-227,92,0
25,1,1
28,2,1
-300,1,0
-298,7,0
-283,16,0
27,3,1
-287,20,0
-261,62,0
87,87,1
-288,17,0
42,24,1
34,4,1
52,30,1
32,6,1
-240,85,0
-291,8,0
-242,91,0
25,1,1
-283,24,0
-295,12,0
-300,1,0
62,52,1
-273,34,0
25,1,1
185,201,1
-244,93,0
-300,1,0
47,23,1
-283,16,0
35,15,1
-257,42,0
88,102,1
43,15,1
25,1,1
-248,49,0
-297,2,0
-270,31,0
-234,67,0
-271,60,0
-280,17,0
-300,1,0
-264,37,0
-298,3,0
-300,5,0
-259,48,0
36,10,1
25,1,1
-258,43,0
-290,7,0
-300,1,0
-251,80,0
-277,18,0
-248,61,0
37,13,1
43,47,1
29,5,1
-295,4,0
-289,26,0
42,8,1
-271,32,0
29,5,1
-297,10,0
-272,61,0
-295,4,0
-283,36,0
-272,29,0
31,11,1
25,1,1
30,8,1
33,9,1
-282,15,0
-255,48,0
43,15,1
27,11,1
-264,65,0
124,150,1
84,70,1
-269,30,0
46,24,1
27,7,1
-278,23,0
-278,35,0
24,2,1
-292,5,0
-252,77,0
28,2,1
27,3,1
39,23,1
-262,51,0
-296,5,0
-293,18,0
48,22,1
81,49,1
-297,2,0
-246,87,0
-293,14,0
46,12,1
25,1,1
-299,12,0
35,7,1
45,25,1
46,40,1
-284,21,0
-270,47,0
-228,89,0
-264,29,0
41,17,1
-301,6,0
61,41,1
25,1,1
-300,1,0
-290,7,0
35,7,1
30,12,1
76,54,1
-299,4,0
-300,1,0
-274,23,0
-281,42,0
43,11,1
60,30,1
-263,44,0
39,19,1
-301,6,0
-295,4,0
26,4,1
-243,88,0
24,2,1
-282,19,0
-282,27,0
46,20,1
25,1,1
25,1,1
-297,2,0
25,1,1
-294,3,0
-298,3,0
-298,7,0
35,11,1
34,8,1
-245,66,0
-286,15,0
-286,39,0
-286,15,0
69,57,1
-277,38,0
-155,204,0
-242,59,0
55,19,1
49,21,1
-222,111,0
-294,3,0
-290,15,0
62,32,1
-290,15,0
-267,56,0
-288,17,0
30,4,1
-297,10,0
38,20,1
38,8,1
25,1,1
-300,1,0
57,29,1
31,3,1
24,2,1
27,7,1
27,3,1
-229,94,0
-273,26,0
54,24,1
54,52,1
-272,33,0
32,6,1
-284,13,0
-294,7,0
-273,46,0
-255,40,0
30,4,1
44,18,1
41,13,1
28,6,1
-276,33,0
-265,42,0
-291,12,0
47,51,1
62,32,1
43,19,1
30,4,1
29,9,1
-297,6,0
-294,15,0
-290,15,0
-300,1,0
-262,55,0
40,10,1
-284,17,0
-286,7,0
-154,171,0
-289,6,0
31,15,1
25,1,1
-272,41,0
-298,15,0
-270,59,0
-284,13,0
-293,6,0
-283,12,0
35,7,1
-298,15,0
86,68,1
-298,3,0
25,1,1
25,1,1
-294,11,0
-221,102,0
-291,20,0
-254,43,0
-296,9,0
30,4,1
81,109,1
25,1,1
-275,28,0
-263,68,0
-295,8,0
-268,33,0
25,1,1
-262,43,0
39,11,1
-287,44,0
39,23,1
-284,9,0
44,18,1
-254,63,0
-290,19,0
-247,88,0
24,2,1
-272,57,0
-234,123,0
36,6,1
-301,6,0
-296,21,0
28,2,1
70,36,1
24,2,1
-285,14,0
-285,22,0
-300,1,0
-268,21,0
-284,17,0
47,23,1
-290,23,0
-234,91,0
33,5,1
-293,6,0
-294,3,0
63,27,1
-289,18,0
59,35,1
39,35,1
119,127,1
37,9,1
28,2,1
-295,40,0
-300,1,0
-278,23,0
-298,3,0
46,20,1
-291,32,0
-282,27,0
-258,51,0
-300,1,0
-298,3,0
24,2,1
32,6,1
34,4,1
-218,167,0
-282,11,0
-263,72,0
47,19,1
49,29,1
-286,7,0
-298,3,0
-225,94,0
40,10,1
-276,53,0
51,23,1
-277,34,0
-289,10,0
-300,1,0
-297,10,0
-237,82,0
-293,10,0
35,7,1
38,8,1
58,32,1
-296,5,0
-269,34,0
-292,9,0
50,16,1
58,32,1
35,7,1
25,1,1
-297,2,0
34,8,1
-297,6,0
25,1,1
-208,121,0
-301,2,0
30,4,1
-247,72,0
39,19,1
-286,11,0
36,6,1
-284,9,0
32,10,1
-284,9,0
-280,29,0
90,64,1
29,9,1
-296,5,0
25,1,1
48,18,1
28,2,1
-283,24,0
-271,36,0
-301,6,0
23,3,1
28,2,1
-229,114,0
32,6,1
-299,4,0
26,4,1
-283,28,0
63,51,1
25,1,1
31,7,1
51,31,1
-266,55,0
32,10,1
27,3,1
28,2,1
-282,15,0
25,1,1
-280,33,0
-293,10,0
-295,4,0
-294,7,0
26,8,1
-265,30,0
-302,3,0
50,16,1
35,11,1
-268,37,0
-294,3,0
-301,6,0
178,176,1
-287,12,0
-299,4,0
-250,47,0
-299,12,0
33,17,1
-289,14,0
25,1,1
25,1,1
-266,35,0
43,51,1
29,5,1
-271,56,0
34,12,1
71,39,1
-271,44,0
25,1,1
25,1,1
-277,22,0
49,29,1
31,11,1
38,8,1
-257,50,0
114,112,1
-294,7,0
-301,2,0
-270,59,0
-271,36,0
-266,39,0
49,41,1
-281,30,0
-290,7,0
78,68,1
49,17,1
35,7,1
-285,10,0
54,28,1
39,11,1
-284,25,0
82,64,1
51,35,1
43,19,1
-300,1,0
42,16,1
-263,72,0
-294,11,0
45,21,1
-300,1,0
-300,1,0
-289,10,0
-276,21,0
25,1,1
30,4,1
-297,6,0
25,1,1
33,5,1
-297,2,0
-294,7,0
-291,12,0
27,3,1
-283,20,0
35,7,1
43,15,1
48,18,1
25,1,1
-285,14,0
52,38,1
41,17,1
-294,7,0
61,37,1
51,23,1
-281,18,0
-278,35,0
-288,17,0
25,1,1
34,4,1
31,3,1
43,23,1
32,6,1
25,1,1
24,2,1
33,9,1
-298,7,0
-296,5,0
41,9,1
-293,10,0
60,46,1
54,36,1
-296,5,0
26,4,1
24,2,1
-261,62,0
70,56,1
25,1,1
40,14,1
49,29,1
-212,105,0
-264,53,0
25,1,1
61,45,1
101,73,1
-275,32,0
59,27,1
-288,9,0
-227,96,0
-260,45,0
64,34,1
-302,7,0
28,2,1
54,60,1
-228,81,0
27,3,1
-271,44,0
27,7,1
33,13,1
-287,16,0
67,35,1
-255,56,0
45,21,1
25,1,1
-288,21,0
-300,1,0
-277,70,0
25,1,1
-296,5,0
-301,6,0
59,23,1
-217,86,0
-272,45,0
54,20,1
-295,4,0
-299,4,0
-305,6,0
-257,58,0
57,53,1
-282,39,0
-300,1,0
-300,1,0
37,13,1
-300,1,0
-294,3,0
-297,2,0
-260,49,0
-287,16,0
-278,31,0
26,12,1
48,22,1
41,13,1
51,19,1
99,71,1
-292,5,0
-269,26,0
-278,19,0
-303,8,0
-257,38,0
47,27,1
27,3,1
28,2,1
42,8,1
-302,3,0
53,29,1
52,34,1
-302,3,0
-295,16,0
31,7,1
-300,9,0
27,3,1
43,11,1
-203,120,0
-306,7,0
-301,2,0
46,12,1
-287,32,0
-265,54,0
36,10,1
-301,2,0
-282,15,0
53,29,1
109,73,1
-300,1,0
24,2,1
131,119,1
-280,33,0
34,4,1
-301,10,0
-187,140,0
28,2,1
60,22,1
42,20,1
45,21,1
55,35,1
-287,8,0
-283,20,0
-180,185,0
-245,74,0
27,3,1
-277,26,0
141,125,1
-299,4,0
-300,13,0
36,14,1
-301,2,0
-287,8,0
-301,2,0
25,1,1
-301,2,0
-285,14,0
-278,19,0
36,6,1
-251,48,0
62,44,1
50,24,1
29,5,1
-210,111,0
-292,5,0
27,3,1
-301,2,0
-291,24,0
57,25,1
45,17,1
-300,1,0
-173,182,0
-298,7,0
28,2,1
-273,22,0
-302,7,0
-297,14,0
34,8,1
-247,56,0
-264,33,0
-300,1,0
33,5,1
78,48,1
45,29,1
25,1,1
30,4,1
-270,59,0
31,3,1
25,1,1
44,14,1
92,66,1
-299,4,0
-286,11,0
-291,8,0
-288,25,0
-287,20,0
-263,32,0
-298,3,0
25,1,1
-270,43,0
31,15,1
25,1,1
-273,22,0
-292,25,0
63,51,1
-287,8,0
40,22,1
27,3,1
-301,6,0
32,10,1
-285,26,0
25,1,1
-292,5,0
-295,4,0
-294,11,0
-292,9,0
-279,32,0
-279,24,0
87,51,1
-260,37,0
-233,70,0
-258,47,0
-301,6,0
-301,2,0
65,69,1
28,2,1
-299,4,0
28,2,1
73,49,1
-300,1,0
-298,3,0
33,5,1
42,8,1
28,2,1
-292,5,0
-279,32,0
24,2,1
60,30,1
60,42,1
-207,152,0
52,26,1
-298,3,0
25,1,1
43,19,1
34,4,1
-298,3,0
43,11,1
28,6,1
-271,28,0
-260,57,0
28,6,1
33,5,1
-300,1,0
-200,117,0
-148,213,0
-285,10,0
-304,5,0
-226,71,0
47,19,1
-270,31,0
-237,86,0
43,19,1
-300,1,0
25,1,1
-278,31,0
-281,30,0
47,23,1
37,29,1
-298,3,0
-284,17,0
25,1,1
-299,4,0
114,104,1
-278,23,0
-278,19,0
-261,46,0
-188,153,0
30,4,1
129,145,1
33,5,1
-280,57,0
25,1,1
-303,4,0
26,4,1
66,44,1
68,66,1
-294,7,0
-300,1,0
27,3,1
-294,7,0
-261,46,0
25,1,1
-300,9,0
-303,4,0
28,2,1
25,1,1
-291,8,0
42,8,1
-182,155,0
28,2,1
32,6,1
-223,76,0
-296,9,0
42,16,1
35,11,1
-276,25,0
29,5,1
-300,1,0
44,18,1
34,12,1
-266,31,0
-294,11,0
-257,38,0
23,3,1
32,10,1
-273,30,0
-223,100,0
62,28,1
25,1,1
-290,7,0
24,2,1
52,34,1
-287,12,0
69,41,1
36,10,1
-277,46,0
-295,4,0
39,11,1
-257,86,0
38,12,1
33,5,1
65,61,1
-301,2,0
-301,10,0
34,4,1
61,33,1
-297,6,0
47,15,1
33,5,1
-300,1,0
-299,4,0
38,16,1
38,8,1
41,33,1
29,5,1
60,34,1
-297,2,0
-300,1,0
-294,11,0
-283,24,0
35,7,1
22,16,1
88,74,1
64,62,1
-256,49,0
66,36,1
45,17,1
64,38,1
-295,4,0
34,12,1
-238,75,0
28,2,1
61,25,1
-233,82,0
-191,168,0
-280,17,0
-259,40,0
69,53,1
30,8,1
52,26,1
-275,36,0
-281,22,0
42,12,1
76,46,1
32,6,1
-271,36,0
-273,106,0
65,41,1
-292,13,0
110,112,1
25,1,1
-300,1,0
-216,93,0
-269,34,0
-294,3,0
-290,7,0
-286,55,0
-263,44,0
37,13,1
-189,158,0
-241,86,0
-297,2,0
80,50,1
-297,2,0
67,67,1
-263,40,0
84,78,1
-304,5,0
-298,3,0
45,13,1
33,5,1
37,13,1
108,110,1
72,34,1
41,13,1
-291,8,0
44,30,1
-281,14,0
86,60,1
29,5,1
-300,1,0
-272,57,0
-298,3,0
66,52,1
-282,31,0
41,25,1
-300,1,0
-251,44,0
-269,34,0
26,4,1
-261,46,0
-292,5,0
-301,2,0
28,2,1
29,13,1
35,7,1
25,1,1
27,3,1
27,3,1
-277,30,0
27,3,1
28,2,1
-114,223,0
40,10,1
-296,5,0
-259,40,0
47,19,1
-297,2,0
-296,9,0
59,19,1
-300,9,0
-253,66,0
25,1,1
48,14,1
41,45,1
72,30,1
38,24,1
-304,5,0
-269,34,0
25,1,1
-297,2,0
25,1,1
-270,39,0
-300,1,0
67,51,1
73,49,1
-185,158,0
25,1,1
-259,40,0
-299,8,0
-290,7,0
-288,17,0
-213,98,0
40,22,1
-292,5,0
-300,5,0
-304,5,0
27,3,1
-290,23,0
25,1,1
-261,66,0
-292,49,0
-274,35,0
-227,84,0
-277,18,0
-276,49,0
35,7,1
-302,3,0
-284,37,0
-248,89,0
54,16,1
49,13,1
74,56,1
76,70,1
49,33,1
-292,5,0
-271,24,0
-249,62,0
31,3,1
35,19,1
41,17,1
-255,108,0
74,56,1
34,8,1
-300,1,0
-298,3,0
-300,1,0
-227,88,0
63,31,1
-287,16,0
-239,72,0
25,1,1
-274,19,0
-250,99,0
46,8,1
-271,48,0
-212,105,0
-294,3,0
32,6,1
27,7,1
24,2,1
-292,13,0
33,13,1
-305,6,0
68,46,1
25,1,1
-302,11,0
-292,21,0
56,22,1
-300,1,0
-298,3,0
55,35,1
-212,97,0
-297,10,0
30,4,1
-291,8,0
-260,65,0
137,113,1
-300,1,0
-293,10,0
58,24,1
-262,43,0
24,2,1
-297,6,0
-296,9,0
24,2,1
-282,15,0
-288,13,0
-291,20,0
25,1,1
-297,6,0
-286,7,0
25,1,1
-299,4,0
25,1,1
-248,81,0
27,7,1
58,24,1
-300,1,0
-273,26,0
59,23,1
72,42,1
-290,11,0
27,3,1
48,18,1
34,8,1
25,1,1
-282,19,0
79,59,1
-297,2,0
-287,24,0
-298,3,0
66,52,1
33,13,1
41,21,1
32,26,1
-279,60,0
-278,27,0
-297,2,0
72,54,1
26,4,1
-269,66,0
25,1,1
36,6,1
-263,72,0
-305,10,0
25,1,1
183,167,1
64,42,1
56,26,1
38,12,1
54,20,1
-297,6,0
28,2,1
-298,3,0
-262,39,0
25,1,1
-298,7,0
-292,21,0
-288,21,0
73,41,1
52,18,1
70,76,1
-273,38,0
34,4,1
25,1,1
-280,33,0
-300,1,0
-289,6,0
45,17,1
106,104,1
-279,32,0
-273,34,0
-282,19,0
77,61,1
-218,91,0
35,7,1
30,8,1
25,1,1
-295,12,0
128,134,1
25,1,1
-300,1,0
50,32,1
39,15,1
58,32,1
85,69,1
42,12,1
-293,14,0
-284,13,0
31,3,1
25,1,1
-297,10,0
25,5,1
-289,18,0
37,13,1
-298,3,0
-230,107,0
-298,7,0
-297,2,0
-300,1,0
-283,16,0
29,5,1
25,1,1
46,44,1
41,9,1
-214,103,0
-232,113,0
-236,105,0
25,1,1
-301,2,0
-258,35,0
29,9,1
-227,108,0
48,18,1
34,8,1
53,17,1
-282,31,0
-289,14,0
138,152,1
-270,43,0
-290,15,0
-298,3,0
33,5,1
-291,20,0
25,1,1
-276,33,0
36,10,1
25,1,1
-300,1,0
-294,19,0
47,23,1
24,2,1
-291,4,0
25,1,1
-292,5,0
28,6,1
-276,41,0
-306,11,0
-271,36,0
-262,55,0
-248,53,0
25,1,1
-273,22,0
25,1,1
-280,17,0
48,22,1
-238,71,0
-296,17,0
-300,5,0
-290,11,0
-284,13,0
63,55,1
-252,73,0
35,7,1
-282,19,0
-297,6,0
-257,38,0
-295,4,0
-264,53,0
-293,6,0
40,22,1
34,8,1
25,1,1
56,42,1
28,6,1
92,74,1
24,2,1
42,16,1
107,103,1
-295,4,0
-296,9,0
52,26,1
-269,26,0
-263,52,0
-248,69,0
-264,29,0
36,6,1
37,17,1
-230,91,0
-297,2,0
-294,3,0
-301,2,0
-302,3,0
27,11,1
-296,9,0
68,26,1
89,77,1
-299,8,0
40,6,1
-279,32,0
25,1,1
26,4,1
32,6,1
-277,42,0
25,1,1
-282,31,0
-283,12,0
32,10,1
43,15,1
32,6,1
28,2,1
49,25,1
-283,16,0
-299,12,0
-266,107,0
-277,38,0
-294,11,0
37,9,1
-238,55,0
-282,7,0
43,15,1
-292,5,0
61,37,1
31,7,1
41,9,1
56,34,1
57,41,1
39,15,1
32,6,1
-263,36,0
-296,17,0
32,6,1
24,2,1
-298,3,0
78,80,1
44,18,1
-296,5,0
-294,7,0
-289,18,0
29,5,1
-272,45,0
25,1,1
36,6,1
24,2,1
40,18,1
-219,96,0
39,7,1
-290,15,0
72,50,1
53,29,1
25,1,1
-249,58,0
-299,16,0
46,12,1
51,39,1
-267,36,0
27,7,1
45,17,1
-300,1,0
31,7,1
-254,99,0
-234,91,0
68,42,1
34,8,1
88,50,1
-276,29,0
31,3,1
27,3,1
29,5,1
-274,19,0
25,1,1
-298,7,0
72,38,1
-299,8,0
75,59,1
40,18,1
60,26,1
28,6,1
33,13,1
-270,23,0
59,35,1
-279,20,0
28,2,1
-190,159,0
-243,80,0
-289,10,0
-263,52,0
-300,1,0
-294,11,0
-292,5,0
-297,2,0
-260,37,0
-289,14,0
-301,6,0
-251,68,0
-294,7,0
38,8,1
-263,52,0
-206,131,0
25,1,1
24,2,1
68,34,1
-278,31,0
25,1,1
46,20,1
74,64,1
31,7,1
25,13,1
-289,18,0
68,34,1
-298,7,0
30,4,1
33,17,1
24,2,1
24,2,1
30,4,1
-300,5,0
79,47,1
-227,64,0
-300,1,0
58,32,1
-293,6,0
73,57,1
46,20,1
-259,44,0
25,1,1
29,5,1
-278,15,0
28,2,1
51,31,1
42,16,1
-290,11,0
24,2,1
-295,12,0
75,47,1
-222,99,0
25,1,1
25,1,1
-287,24,0
-281,38,0
25,1,1
-281,42,0
70,44,1
25,1,1
-299,12,0
29,13,1
-295,4,0
-296,9,0
36,10,1
49,21,1
-281,30,0
-297,2,0
40,14,1
-274,27,0
29,5,1
115,107,1
-267,32,0
-302,3,0
55,27,1
-292,5,0
37,9,1
-293,10,0
-249,54,0
41,25,1
27,11,1
24,2,1
33,5,1
32,6,1
32,6,1
87,79,1
-305,6,0
70,64,1
148,158,1
25,1,1
42,8,1
21,5,1
-288,13,0
28,2,1
68,78,1
31,7,1
-301,2,0
25,1,1
46,16,1
-277,26,0
31,3,1
-279,16,0
-301,2,0
25,1,1
-296,5,0
-286,15,0
-251,48,0
30,4,1
-301,2,0
42,24,1
75,79,1
40,10,1
56,26,1
40,30,1
-301,2,0
45,13,1
40,10,1
-294,15,0
24,2,1
-298,3,0
37,5,1
-279,20,0
-260,49,0
52,22,1
48,18,1
45,25,1
-297,2,0
42,16,1
-301,2,0
-253,74,0
-267,40,0
64,34,1
40,10,1
34,8,1
-300,1,0
-278,19,0
-298,3,0
-300,13,0
55,31,1
78,76,1
-252,53,0
-287,12,0
26,4,1
34,8,1
-279,16,0
25,1,1
98,80,1
52,30,1
-300,1,0
-301,2,0
-303,4,0
-295,4,0
34,4,1
-250,63,0
-276,21,0
67,55,1
34,8,1
50,20,1
-294,11,0
91,87,1
-220,105,0
-281,18,0
-296,9,0
25,1,1
-300,1,0
44,10,1
-293,14,0
-282,35,0
-300,1,0
126,96,1
25,1,1
-289,22,0
-288,53,0
-281,18,0
-298,7,0
114,88,1
-272,49,0
75,47,1
-275,28,0
149,197,1
-296,13,0
34,16,1
25,1,1
92,98,1
96,74,1
-295,20,0
42,48,1
-198,167,0
25,1,1
-278,35,0
-284,21,0
67,39,1
-251,52,0
66,40,1
43,15,1
-232,65,0
-268,29,0
-292,5,0
82,52,1
25,1,1
-288,17,0
-297,2,0
30,4,1
-292,17,0
-292,9,0
-272,45,0
41,9,1
-267,52,0
24,2,1
-297,6,0
-275,32,0
-301,2,0
-256,33,0
-265,38,0
-280,25,0
153,157,1
52,14,1
-280,45,0
25,1,1
53,33,1
-287,8,0
-294,11,0
-277,26,0
-295,4,0
-296,5,0
-297,14,0
-300,1,0
-284,33,0
37,9,1
-300,21,0
40,18,1
-300,1,0
33,5,1
53,25,1
39,15,1
43,19,1
25,1,1
31,7,1
54,24,1
42,20,1
-300,1,0
-302,3,0
73,45,1
53,33,1
68,46,1
-288,9,0
25,1,1
-300,1,0
25,1,1
33,5,1
-296,5,0
-297,2,0
-279,20,0
27,3,1
-259,44,0
-289,18,0
-267,40,0
-296,5,0
-300,1,0
86,60,1
-296,21,0
-288,17,0
25,1,1
-300,1,0
69,33,1
-286,11,0
70,72,1
-299,4,0
-269,54,0
35,7,1
-302,7,0
25,1,1
-277,22,0
45,9,1
54,28,1
42,12,1
-241,62,0
58,44,1
-259,60,0
59,31,1
50,36,1
52,26,1
34,4,1
28,2,1
25,1,1
45,17,1
47,11,1
-296,9,0
-295,8,0
39,19,1
-191,128,0
-285,22,0
94,108,1
-272,21,0
25,1,1
-291,8,0
-285,10,0
40,10,1
82,68,1
-272,25,0
-168,161,0
25,1,1
42,8,1
-295,4,0
-286,11,0
56,26,1
-297,6,0
-287,12,0
-183,152,0
-301,2,0
64,30,1
78,72,1
-297,6,0
-237,62,0
85,81,1
-288,9,0
56,30,1
41,13,1
52,26,1
25,1,1
51,23,1
-301,10,0
68,46,1
95,83,1
-297,6,0
122,100,1
-208,129,0
77,53,1
-292,13,0
-285,14,0
-285,14,0
24,2,1
43,15,1
93,69,1
-294,3,0
-290,39,0
-181,154,0
25,1,1
35,7,1
24,2,1
-256,57,0
30,8,1
57,25,1
-289,18,0
25,1,1
-177,138,0
36,10,1
53,25,1
-289,14,0
30,4,1
-292,5,0
80,78,1
44,18,1
31,3,1
39,11,1
-300,1,0
62,56,1
25,1,1
25,1,1
-273,18,0
-300,1,0
-290,11,0
-303,8,0
-282,15,0
31,3,1
63,31,1
42,16,1
-293,14,0
154,132,1
115,99,1
25,1,1
-302,3,0
-296,5,0
-234,87,0
-280,29,0
27,3,1
-289,18,0
-284,37,0
25,1,1
-284,17,0
105,93,1
-275,36,0
-247,72,0
-265,42,0
-298,3,0
-293,14,0
42,12,1
28,2,1
28,2,1
36,6,1
-294,3,0
32,6,1
37,13,1
137,125,1
42,16,1
43,15,1
33,5,1
-282,23,0
-292,5,0
-299,4,0
25,1,1
50,40,1
-293,18,0
-300,1,0
-269,38,0
26,4,1
80,54,1
112,102,1
26,4,1
-206,103,0
44,14,1
25,1,1
37,13,1
-296,5,0
25,1,1
31,7,1
45,17,1
-298,15,0
-284,13,0
-295,12,0
-252,65,0
37,5,1
-275,32,0
50,32,1
50,20,1
36,6,1
-273,30,0
25,1,1
41,21,1
43,19,1
25,1,1
-235,76,0
30,4,1
-280,21,0
45,25,1
56,26,1
-238,83,0
-296,5,0
-294,3,0
24,2,1
-250,51,0
41,13,1
-297,2,0
27,3,1
38,12,1
-206,127,0
30,8,1
25,1,1
25,1,1
-291,8,0
-300,1,0
-273,50,0
32,10,1
58,32,1
35,7,1
47,19,1
40,18,1
-306,15,0
36,6,1
31,3,1
-294,11,0
-300,5,0
106,100,1
-274,19,0
-253,62,0
66,52,1
31,3,1
28,2,1
-299,8,0
53,49,1
55,19,1
36,6,1
-254,83,0
35,7,1
-302,7,0
-297,2,0
29,5,1
62,48,1
62,48,1
-283,20,0
-296,5,0
27,3,1
-275,20,0
46,16,1
36,6,1
75,43,1
28,2,1
-267,32,0
28,2,1
-300,1,0
-301,2,0
-300,1,0
37,5,1
28,2,1
27,7,1
32,6,1
25,1,1
76,58,1
43,11,1
39,7,1
26,4,1
83,67,1
-303,12,0
-306,7,0
-293,18,0
-274,31,0
-284,17,0
91,63,1
62,36,1
-241,62,0
80,54,1
31,3,1
-282,15,0
-275,48,0
-212,141,0
-295,8,0
31,3,1
-297,2,0
41,21,1
-298,3,0
-300,1,0
38,8,1
-233,66,0
-234,83,0
-280,17,0
38,8,1
59,35,1
79,63,1
28,6,1
45,25,1
-301,2,0
-296,5,0
70,64,1
72,94,1
-276,45,0
30,4,1
25,1,1
43,15,1
89,57,1
63,43,1
-268,21,0
40,10,1
-286,23,0
147,147,1
27,3,1
-276,37,0
24,2,1
118,100,1
-283,28,0
30,4,1
-301,2,0
43,19,1
-284,21,0
72,62,1
25,1,1
-300,1,0
24,2,1
-242,71,0
65,29,1
-293,14,0
58,36,1
67,43,1
44,14,1
66,48,1
25,1,1
30,24,1
38,12,1
36,10,1
-305,6,0
54,24,1
86,92,1
-300,1,0
-285,38,0
26,4,1
29,5,1
36,6,1
-300,1,0
-294,7,0
54,20,1
25,1,1
-297,10,0
35,7,1
24,2,1
34,8,1
31,3,1
31,11,1
-234,83,0
-235,76,0
28,2,1
42,8,1
27,3,1
25,1,1
-223,88,0
-288,9,0
34,8,1
-279,12,0
29,5,1
39,15,1
68,62,1
-293,18,0
25,1,1
25,1,1
28,2,1
25,1,1
25,1,1
-295,4,0
-292,21,0
31,3,1
-216,85,0
-243,52,0
43,19,1
-256,45,0
67,43,1
-231,92,0
85,57,1
-260,53,0
63,43,1
26,4,1
-295,8,0
55,19,1
-259,56,0
-279,20,0
-288,29,0
108,106,1
28,2,1
33,17,1
24,2,1
34,4,1
31,7,1
-285,26,0
-297,2,0
105,101,1
-290,27,0
-300,1,0
-276,41,0
30,12,1
77,49,1
-297,2,0
33,5,1
49,21,1
35,11,1
80,54,1
30,4,1
-181,142,0
31,3,1
-297,14,0
37,13,1
36,14,1
-298,3,0
-250,63,0
-297,2,0
-300,1,0
-281,30,0
32,6,1
25,1,1
-291,8,0
25,1,1
88,66,1
-249,58,0
-301,2,0
25,1,1
50,16,1
60,26,1
-267,48,0
94,68,1
138,116,1
27,3,1
43,15,1
-172,145,0
25,1,1
41,17,1
25,1,1
56,30,1
40,10,1
28,2,1
28,6,1
-256,45,0
93,69,1
-231,76,0
-300,1,0
25,1,1
-269,14,0
-298,15,0
-300,1,0
49,41,1
34,8,1
-284,33,0
-300,1,0
36,10,1
50,20,1
28,2,1
28,2,1
-296,25,0
-271,20,0
29,9,1
-302,3,0
27,3,1
45,13,1
-300,9,0
71,51,1
33,5,1
-298,3,0
-270,35,0
48,46,1
-289,18,0
42,12,1
53,25,1
36,6,1
24,2,1
34,4,1
-297,6,0
52,18,1
28,2,1
56,30,1
33,5,1
45,25,1
34,8,1
108,86,1
43,15,1
31,3,1
25,1,1
93,73,1
-300,1,0
-295,4,0
-296,13,0
25,1,1
-298,3,0
-284,29,0
24,2,1
77,65,1
-295,4,0
-299,8,0
-300,1,0
36,10,1
-300,1,0
-294,11,0
-230,71,0
-299,8,0
-203,120,0
24,2,1
-299,4,0
-216,85,0
-300,1,0
-291,8,0
49,25,1
-244,101,0
25,1,1
-300,1,0
34,4,1
-265,42,0
-288,9,0
24,2,1
-277,30,0
28,2,1
24,2,1
33,5,1
-233,54,0
-294,3,0
-284,21,0
-254,47,0
31,15,1
30,4,1
54,24,1
-289,14,0
38,24,1
32,6,1
50,24,1
36,10,1
34,8,1
-280,25,0
49,17,1
-262,59,0
-207,132,0
-280,17,0
89,73,1
-273,30,0
29,5,1
-297,2,0
25,1,1
-268,53,0
-251,60,0
25,1,1
25,1,1
44,22,1
24,2,1
29,5,1
-285,10,0
36,10,1
-290,11,0
25,5,1
-292,9,0
33,9,1
36,26,1
-255,44,0
38,16,1
79,55,1
36,6,1
28,2,1
-234,75,0
36,6,1
67,27,1
39,11,1
69,29,1
59,31,1
80,62,1
-290,19,0
28,6,1
-275,28,0
30,4,1
45,21,1
31,3,1
-265,46,0
-287,8,0
-286,19,0
40,6,1
54,28,1
25,1,1
73,49,1
24,2,1
-269,26,0
39,11,1
-170,167,0
25,1,1
50,16,1
-217,82,0
100,62,1
24,2,1
34,8,1
74,52,1
41,13,1
60,30,1
24,2,1
-300,9,0
40,14,1
-274,27,0
-298,7,0
30,4,1
27,3,1
28,2,1
33,13,1
97,73,1
-301,2,0
-241,78,0
30,4,1
30,4,1
32,6,1
-268,37,0
-285,38,0
-297,2,0
-293,18,0
72,54,1
-287,24,0
-292,13,0
-285,18,0
-281,18,0
53,33,1
-296,5,0
-298,3,0
26,4,1
25,1,1
63,55,1
-299,8,0
-260,45,0
-292,5,0
34,8,1
48,18,1
34,8,1
25,1,1
-300,1,0
25,1,1
-300,5,0
-281,42,0
35,11,1
33,9,1
43,15,1
31,3,1
34,8,1
-284,9,0
25,1,1
-301,2,0
68,34,1
27,3,1
-289,10,0
25,1,1
25,1,1
-305,10,0
25,1,1
-300,1,0
-298,3,0
-289,10,0
-298,7,0
101,93,1
-279,16,0
87,99,1
45,21,1
60,42,1
-249,50,0
-270,31,0
-276,25,0
25,1,1
-287,8,0
54,20,1
28,2,1
-265,34,0
85,61,1
43,15,1
43,23,1
37,9,1
-274,19,0
62,72,1
25,1,1
79,47,1
63,19,1
40,14,1
39,15,1
42,16,1
39,15,1
25,1,1
-278,15,0
41,13,1
-300,1,0
36,18,1
33,5,1
25,1,1
-295,12,0
55,31,1
25,1,1
52,30,1
-293,6,0
35,7,1
-303,8,0
-265,34,0
38,8,1
66,48,1
25,1,1
35,7,1
-272,33,0
92,58,1
-247,72,0
43,15,1
30,4,1
-285,6,0
40,14,1
-247,48,0
-297,6,0
93,81,1
-282,11,0
74,40,1
41,9,1
-298,11,0
28,2,1
-268,61,0
31,3,1
-287,12,0
-286,11,0
-277,50,0
35,11,1
-286,7,0
25,1,1
-296,9,0
25,1,1
-295,4,0
-282,19,0
-256,65,0
28,2,1
62,28,1
-275,32,0
-297,2,0
-299,8,0
49,25,1
-293,6,0
59,31,1
38,12,1
-248,45,0
30,4,1
39,7,1
40,6,1
61,29,1
25,1,1
24,2,1
-279,24,0
-261,42,0
36,10,1
-264,45,0
34,8,1
57,29,1
-277,38,0
33,5,1
69,61,1
121,101,1
-292,21,0
37,13,1
-290,11,0
33,5,1
-277,18,0
25,1,1
-297,2,0
50,24,1
44,10,1
-290,19,0
-268,53,0
31,3,1
43,19,1
-296,5,0
86,52,1
-294,7,0
41,13,1
-301,6,0
113,113,1
-285,22,0
-303,4,0
25,1,1
30,4,1
37,5,1
-297,2,0
78,56,1
29,5,1
36,6,1
53,13,1
37,13,1
24,2,1
-275,36,0
-279,16,0
-281,26,0
25,1,1
-284,21,0
34,4,1
32,6,1
-274,35,0
34,8,1
-291,8,0
28,10,1
-285,22,0
30,4,1
-221,114,0
32,6,1
-287,16,0
25,1,1
60,30,1
-291,12,0
80,82,1
-286,27,0
34,12,1
25,1,1
80,62,1
-297,2,0
25,1,1
51,27,1
-281,22,0
37,5,1
-301,2,0
28,2,1
-294,7,0
62,28,1
36,14,1
25,1,1
47,23,1
-274,27,0
37,5,1
27,3,1
25,1,1
-300,1,0
28,2,1
-292,25,0
-282,19,0
76,38,1
46,16,1
-290,7,0
28,2,1
61,33,1
35,7,1
-272,33,0
24,2,1
-280,25,0
47,27,1
30,4,1
34,24,1
-294,7,0
-296,21,0
82,56,1
-293,10,0
-298,3,0
-301,2,0
25,1,1
42,28,1
-299,4,0
29,5,1
-259,40,0
31,3,1
-265,54,0
69,37,1
31,3,1
38,8,1
47,19,1
-253,78,0
-299,4,0
-291,12,0
43,11,1
-298,3,0
-270,39,0
-297,2,0
56,22,1
31,7,1
-291,20,0
-282,11,0
28,2,1
65,41,1
-283,28,0
48,18,1
54,24,1
-291,4,0
31,3,1
-236,65,0
-279,24,0
38,8,1
-255,52,0
25,1,1
56,30,1
25,1,1
-295,8,0
-238,75,0
29,5,1
-273,30,0
-264,61,0
-269,30,0
-300,1,0
58,36,1
25,1,1
-302,3,0
-297,2,0
35,11,1
33,9,1
-295,4,0
-301,2,0
-270,31,0
48,18,1
-295,4,0
21,5,1
-268,29,0
28,2,1
31,11,1
-227,96,0
89,85,1
-276,25,0
37,9,1
-271,28,0
-297,22,0
-295,20,0
25,1,1
43,19,1
-281,18,0
31,3,1
37,9,1
45,9,1
-270,71,0
-272,17,0
31,3,1
27,3,1
68,38,1
25,1,1
36,10,1
-302,3,0
24,2,1
69,37,1
30,4,1
51,23,1
44,14,1
91,67,1
65,45,1
-271,40,0
28,2,1
-244,73,0
39,15,1
36,6,1
36,10,1
38,12,1
25,1,1
25,1,1
75,51,1
44,26,1
31,3,1
53,21,1
-301,2,0
25,1,1
25,1,1
76,62,1
-282,27,0
33,5,1
25,9,1
-301,2,0
59,47,1
43,11,1
41,17,1
25,1,1
-281,38,0
62,32,1
-298,3,0
28,2,1
33,9,1
30,12,1
-278,43,0
34,4,1
-303,4,0
69,73,1
29,9,1
24,2,1
27,3,1
25,1,1
34,8,1
-259,44,0
-295,8,0
95,83,1
-293,6,0
25,1,1
-300,1,0
35,7,1
-258,47,0
-291,16,0
-297,6,0
-255,48,0
-296,9,0
-300,1,0
-294,7,0
28,2,1
-299,4,0
-267,40,0
122,116,1
-303,8,0
25,1,1
69,49,1
25,1,1
-258,75,0
25,1,1
-270,35,0
31,3,1
-296,13,0
24,2,1
31,7,1
-299,4,0
66,64,1
24,2,1
-281,18,0
39,11,1
25,1,1
-256,49,0
44,18,1
56,18,1
61,57,1
49,25,1
52,22,1
81,53,1
127,123,1
39,31,1
-229,74,0
25,1,1
111,87,1
-294,3,0
33,5,1
-289,10,0
71,51,1
-268,45,0
80,46,1
97,77,1
48,18,1
58,28,1
83,59,1
24,2,1
34,8,1
30,4,1
-299,8,0
66,32,1
59,27,1
76,54,1
-297,2,0
63,43,1
-291,16,0
58,40,1
-292,9,0
25,1,1
35,11,1
34,4,1
51,23,1
43,23,1
25,5,1
-280,17,0
-288,9,0
83,47,1
28,2,1
47,23,1
34,4,1
26,4,1
-266,55,0
-300,5,0
-294,15,0
98,84,1
-292,13,0
-285,10,0
37,17,1
-299,4,0
33,5,1
-286,7,0
-291,8,0
33,5,1
-297,6,0
-296,9,0
80,66,1
25,1,1
34,4,1
-260,57,0
67,47,1
-237,66,0
-294,3,0
34,8,1
-293,6,0
-286,11,0
23,3,1
-240,53,0
59,31,1
-293,26,0
-250,55,0
53,25,1
30,4,1
35,11,1
37,13,1
35,7,1
115,111,1
-275,24,0
-284,21,0
-300,1,0
32,6,1
29,5,1
25,1,1
-291,24,0
34,8,1
43,27,1
32,6,1
-297,2,0
-274,31,0
-292,9,0
49,17,1
38,8,1
-285,30,0
-298,7,0
131,135,1
-290,11,0
-297,2,0
32,6,1
32,6,1
25,1,1
50,12,1
25,1,1
73,49,1
31,3,1
-282,19,0
-300,1,0
-289,10,0
-160,189,0
65,41,1
31,3,1
-293,6,0
-265,42,0
54,32,1
25,1,1
-237,50,0
-255,36,0
177,149,1
52,18,1
38,20,1
96,70,1
28,2,1
42,52,1
106,108,1
53,41,1
-282,35,0
31,3,1
-294,11,0
47,19,1
-291,8,0
38,12,1
-263,52,0
25,1,1
-261,46,0
29,5,1
-300,1,0
45,13,1
25,1,1
-298,7,0
28,2,1
33,5,1
25,1,1
-282,11,0
58,20,1
-276,49,0
-300,1,0
-286,15,0
38,16,1
-298,7,0
27,3,1
-292,5,0
63,43,1
111,79,1
58,20,1
65,33,1
-295,20,0
-284,17,0
48,18,1
47,19,1
85,45,1
-291,8,0
62,36,1
86,60,1
34,4,1
-305,6,0
-292,5,0
-262,39,0
37,5,1
-293,14,0
38,8,1
-249,70,0
63,35,1
-244,49,0
-298,3,0
42,20,1
81,57,1
51,11,1
74,36,1
65,25,1
-286,11,0
92,70,1
62,32,1
50,24,1
-304,5,0
36,10,1
-280,17,0
27,3,1
-261,42,0
64,42,1
50,24,1
-274,31,0
99,71,1
48,10,1
30,4,1
48,22,1
68,34,1
64,42,1
-286,11,0
-286,15,0
25,1,1
-297,18,0
25,1,1
-294,11,0
-294,3,0
45,17,1
-307,12,0
-246,79,0
-295,8,0
50,16,1
88,74,1
-294,3,0
33,9,1
34,8,1
31,3,1
-267,32,0
89,73,1
-285,18,0
-296,5,0
-300,1,0
-252,65,0
-300,1,0
32,10,1
-263,40,0
27,3,1
-294,11,0
36,18,1
61,29,1
-300,1,0
36,10,1
-265,42,0
-281,14,0
28,6,1
-273,34,0
-282,19,0
-288,17,0
71,39,1
76,34,1
-300,1,0
51,27,1
26,4,1
-282,15,0
48,26,1
51,35,1
-271,32,0
23,3,1
-292,33,0
46,20,1
42,20,1
25,1,1
25,1,1
35,7,1
-280,29,0
25,1,1
43,11,1
44,18,1
39,15,1
37,5,1
25,1,1
39,19,1
36,10,1
54,32,1
-300,1,0
28,2,1
-294,7,0
32,6,1
36,6,1
25,1,1
25,1,1
-270,27,0
-300,1,0
71,43,1
55,35,1
25,1,1
25,1,1
-296,5,0
-292,13,0
29,5,1
53,21,1
48,34,1
63,19,1
32,6,1
42,16,1
-304,5,0
36,10,1
47,15,1
-295,4,0
-300,17,0
43,19,1
-298,3,0
-285,18,0
-295,16,0
26,4,1
49,29,1
39,7,1
50,24,1
33,5,1
63,39,1
-300,1,0
48,14,1
-274,43,0
43,15,1
-243,68,0
92,54,1
-296,9,0
-248,73,0
25,1,1
25,1,1
-261,46,0
-260,49,0
-238,79,0
65,33,1
30,4,1
30,4,1
33,9,1
28,2,1
37,21,1
39,11,1
28,10,1
57,25,1
27,3,1
52,26,1
42,8,1
87,63,1
24,2,1
-288,9,0
-297,2,0
-267,28,0
-297,2,0
-300,1,0
55,19,1
-302,7,0
52,26,1
-278,11,0
38,12,1
71,35,1
48,46,1
-296,17,0
31,3,1
50,24,1
38,12,1
52,14,1
42,12,1
50,20,1
-269,22,0
-282,35,0
24,2,1
60,38,1
-271,40,0
56,34,1
67,55,1
57,17,1
28,2,1
74,76,1
33,5,1
52,14,1
25,1,1
44,14,1
-300,1,0
33,5,1
32,6,1
-282,23,0
25,1,1
-297,2,0
-296,5,0
-293,14,0
62,24,1
43,23,1
30,4,1
-283,12,0
31,7,1
-295,4,0
48,22,1
52,22,1
-285,26,0
-268,37,0
-265,26,0
25,1,1
30,4,1
-301,10,0
56,82,1
-275,32,0
40,6,1
29,5,1
39,11,1
55,19,1
-299,16,0
43,31,1
44,14,1
62,40,1
-288,9,0
48,26,1
38,8,1
28,2,1
39,7,1
43,19,1
42,8,1
25,1,1
87,75,1
37,9,1
37,9,1
49,21,1
95,79,1
-295,4,0
29,5,1
25,1,1
25,1,1
25,1,1
-230,95,0
25,1,1
-250,59,0
31,3,1
47,15,1
27,3,1
49,41,1
25,1,1
-298,3,0
-295,16,0
48,10,1
48,22,1
-298,3,0
36,6,1
90,48,1
43,11,1
62,52,1
-289,10,0
-278,23,0
52,22,1
25,1,1
26,4,1
29,5,1
46,24,1
38,12,1
-300,1,0
36,6,1
-266,23,0
50,16,1
-297,10,0
44,14,1
25,1,1
63,35,1
41,13,1
29,5,1
-290,7,0
25,1,1
-300,1,0
-298,3,0
-281,14,0
-274,19,0
-297,10,0
31,3,1
39,19,1
27,3,1
57,21,1
-227,72,0
-287,36,0
52,22,1
-237,102,0
25,1,1
41,9,1
-301,2,0
-288,13,0
40,18,1
60,34,1
46,28,1
27,3,1
-300,9,0
52,30,1
53,21,1
-290,11,0
111,111,1
-278,23,0
47,15,1
-297,2,0
61,37,1
25,1,1
63,43,1
25,1,1
49,29,1
-243,44,0
-294,3,0
57,29,1
32,6,1
-297,2,0
38,8,1
26,4,1
-266,27,0
72,42,1
35,7,1
28,2,1
25,1,1
46,40,1
-296,5,0
24,2,1
61,41,1
-301,6,0
40,10,1
-289,10,0
-294,3,0
64,34,1
-276,29,0
25,1,1
-276,17,0
36,14,1
-277,18,0
71,39,1
25,1,1
41,9,1
59,27,1
-286,15,0
45,29,1
45,13,1
37,5,1
-265,58,0
-297,10,0
77,45,1
58,36,1
-264,37,0
31,3,1
24,2,1
49,25,1
25,1,1
31,3,1
47,19,1
45,13,1
-274,27,0
55,47,1
51,19,1
25,1,1
25,1,1
-281,26,0
50,20,1
26,4,1
27,7,1
-286,23,0
24,2,1
-284,17,0
38,8,1
25,1,1
-293,14,0
28,2,1
41,13,1
43,11,1
42,8,1
29,5,1
-299,28,0
-298,7,0
32,14,1
25,1,1
-302,15,0
55,27,1
28,2,1
55,27,1
-289,22,0
33,9,1
37,13,1
41,9,1
25,1,1
-252,45,0
44,14,1
60,34,1
-289,14,0
-272,73,0
29,5,1
26,4,1
28,2,1
48,26,1
51,31,1
-272,17,0
33,5,1
72,50,1
61,33,1
57,21,1
25,1,1
-286,19,0
41,13,1
-272,25,0
-292,5,0
-300,1,0
43,15,1
25,1,1
32,6,1
69,41,1
-301,2,0
24,2,1
36,14,1
35,7,1
23,3,1
24,2,1
25,1,1
25,1,1
-298,3,0
27,3,1
33,5,1
-253,66,0
27,3,1
-302,3,0
28,2,1
25,1,1
25,1,1
38,12,1
51,27,1
24,2,1
81,57,1
41,13,1
25,5,1
31,3,1
-262,35,0
24,2,1
28,2,1
66,40,1
-298,15,0
25,1,1
-247,48,0
25,1,1
-295,12,0
52,26,1
51,27,1
44,14,1
-282,19,0
25,1,1
-287,24,0
33,13,1
42,8,1
57,37,1
64,30,1
41,21,1
32,6,1
47,15,1
25,1,1
33,5,1
37,5,1
25,5,1
-279,16,0
33,5,1
28,2,1
41,13,1
-294,15,0
-265,38,0
-263,44,0
-277,34,0
-296,9,0
41,21,1
-272,33,0
46,12,1
30,4,1
28,2,1
25,1,1
44,14,1
41,17,1
43,11,1
41,13,1
-296,13,0
30,4,1
31,7,1
-298,3,0
25,1,1
37,5,1
-299,4,0
31,3,1
-267,28,0
31,7,1
-274,23,0
-297,6,0
32,10,1
-296,5,0
25,1,1
30,8,1
41,17,1
34,4,1
24,2,1
39,11,1
24,2,1
44,14,1
-285,18,0
94,64,1
-301,2,0
26,8,1
25,1,1
56,34,1
-291,12,0
-294,19,0
-296,9,0
44,18,1
28,2,1
44,18,1
28,2,1
76,62,1
54,28,1
47,15,1
37,9,1
57,33,1
24,2,1
83,71,1
24,2,1
57,17,1
-300,1,0
-302,7,0
-290,11,0
63,31,1
28,2,1
-291,8,0
-256,53,0
-265,38,0
-287,12,0
-203,132,0
-286,7,0
-298,3,0
24,2,1
40,10,1
30,4,1
-295,4,0
-302,3,0
27,3,1
27,3,1
-274,19,0
-300,1,0
51,19,1
92,70,1
77,45,1
-295,8,0
28,10,1
25,1,1
33,5,1
37,9,1
31,3,1
24,2,1
36,6,1
90,64,1
-296,17,0
-288,5,0
25,1,1
-285,22,0
112,94,1
-295,8,0
35,7,1
39,7,1
44,10,1
-300,1,0
27,3,1
38,28,1
37,9,1
-300,5,0
25,1,1
39,15,1
-301,2,0
40,10,1
-294,11,0
58,20,1
48,30,1
51,27,1
-262,55,0
24,2,1
-287,8,0
25,1,1
60,30,1
28,2,1
-283,24,0
-291,12,0
30,4,1
-301,6,0
-299,4,0
25,5,1
28,2,1
29,13,1
-287,8,0
-259,72,0
-282,11,0
25,1,1
25,1,1
33,21,1
28,2,1
49,21,1
-294,19,0
-300,1,0
-288,17,0
25,1,1
28,2,1
84,54,1
81,73,1
49,21,1
-300,5,0
-285,14,0
24,6,1
25,1,1
-264,37,0
28,2,1
61,37,1
86,60,1
29,5,1
31,3,1
31,3,1
37,9,1
25,1,1
25,1,1
37,9,1
40,14,1
51,15,1
-225,82,0
35,7,1
33,9,1
73,53,1
33,5,1
43,11,1
48,22,1
76,46,1
27,3,1
-292,5,0
34,12,1
43,19,1
-300,1,0
45,9,1
46,12,1
34,8,1
-297,6,0
41,25,1
25,1,1
-279,44,0
25,1,1
38,16,1
25,1,1
25,1,1
28,6,1
29,5,1
41,17,1
24,2,1
-287,28,0
-298,3,0
-272,41,0
25,1,1
74,44,1
-298,19,0
25,1,1
44,14,1
58,40,1
33,5,1
27,3,1
-281,22,0
-298,3,0
33,9,1
-294,3,0
-277,22,0
44,26,1
49,17,1
60,38,1
42,12,1
32,18,1
29,5,1
30,4,1
35,7,1
31,3,1
38,8,1
-299,4,0
27,3,1
46,24,1
29,5,1
56,26,1
80,46,1
28,2,1
65,33,1
31,3,1
49,29,1
73,57,1
36,18,1
62,40,1
-289,14,0
36,10,1
86,72,1
28,2,1
47,15,1
34,8,1
30,4,1
-295,12,0
27,7,1
-301,2,0
-291,20,0
25,1,1
-270,55,0
25,1,1
40,10,1
-294,7,0
-297,2,0
-196,133,0
-297,2,0
-273,34,0
60,34,1
56,42,1
28,2,1
69,57,1
52,26,1
-296,5,0
37,5,1
28,2,1
-300,1,0
-289,14,0
-150,195,0
52,14,1
48,42,1
28,2,1
35,7,1
27,3,1
43,15,1
-296,9,0
-300,1,0
35,7,1
30,4,1
40,10,1
-229,110,0
-301,2,0
45,9,1
-257,46,0
-292,5,0
-278,39,0
52,38,1
-288,9,0
-300,1,0
24,2,1
28,2,1
37,5,1
-272,29,0
54,24,1
40,22,1
29,5,1
29,5,1
29,5,1
50,20,1
79,55,1
37,9,1
25,1,1
55,27,1
33,5,1
38,8,1
107,91,1
-257,34,0
28,2,1
24,2,1
25,1,1
24,2,1
-279,20,0
28,2,1
-297,2,0
34,8,1
-253,42,0
-295,4,0
34,4,1
53,21,1
50,12,1
31,3,1
69,45,1
51,27,1
27,3,1
29,5,1
-293,6,0
-300,1,0
49,17,1
64,30,1
-287,16,0
66,36,1
28,2,1
49,17,1
25,1,1
-268,37,0
-284,25,0
-303,4,0
55,15,1
42,16,1
25,1,1
24,2,1
46,16,1
56,30,1
33,5,1
55,23,1
25,1,1
24,2,1
28,2,1
28,6,1
34,8,1
25,1,1
38,12,1
83,47,1
-225,78,0
25,1,1
25,1,1
79,79,1
28,2,1
28,2,1
-292,13,0
45,29,1
56,38,1
42,12,1
26,8,1
57,25,1
-261,42,0
36,10,1
92,78,1
-297,2,0
46,24,1
51,23,1
-286,7,0
-207,132,0
-266,27,0
92,58,1
33,5,1
28,6,1
58,28,1
35,7,1
-300,1,0
25,1,1
34,8,1
-300,1,0
35,7,1
-267,20,0
-291,8,0
52,18,1
-301,2,0
45,13,1
25,1,1
45,21,1
36,10,1
42,16,1
70,40,1
-301,2,0
59,27,1
45,17,1
56,18,1
25,9,1
-294,23,0
30,8,1
-271,36,0
33,5,1
-296,13,0
25,1,1
22,4,1
36,6,1
-294,7,0
24,2,1
33,5,1
25,1,1
46,16,1
40,18,1
77,49,1
49,17,1
60,22,1
28,2,1
27,3,1
44,14,1
41,9,1
45,25,1
25,1,1
30,4,1
39,11,1
28,2,1
48,14,1
-294,7,0
46,16,1
44,14,1
48,14,1
49,17,1
27,7,1
151,211,1
29,5,1
42,20,1
61,37,1
-290,31,0
-221,82,0
25,1,1
25,1,1
32,6,1
48,14,1
25,1,1
27,3,1
-255,52,0
33,9,1
25,1,1
28,2,1
41,25,1
-294,19,0
-300,1,0
-290,27,0
-264,45,0
-300,1,0
58,32,1
31,11,1
28,2,1
105,109,1
-295,4,0
-290,7,0
64,38,1
78,56,1
-299,4,0
42,12,1
29,5,1
-301,2,0
77,49,1
51,23,1
36,10,1
42,16,1
84,70,1
-297,2,0
-278,31,0
44,14,1
-294,15,0
38,16,1
31,3,1
47,11,1
47,15,1
25,1,1
46,24,1
66,36,1
-292,9,0
25,1,1
-228,81,0
40,10,1
25,1,1
62,52,1
25,1,1
-295,16,0
-300,1,0
-300,1,0
25,1,1
55,23,1
30,4,1
38,8,1
47,11,1
64,26,1
27,7,1
43,11,1
30,16,1
30,4,1
38,8,1
43,15,1
-296,5,0
30,4,1
45,13,1
-292,5,0
83,63,1
-281,46,0
36,14,1
-294,15,0
32,6,1
25,1,1
33,5,1
31,7,1
25,1,1
31,3,1
-289,22,0
34,4,1
38,8,1
42,8,1
37,9,1
-294,3,0
-300,1,0
36,6,1
26,4,1
-275,64,0
-293,6,0
56,26,1
27,3,1
67,35,1
80,54,1
37,9,1
-294,7,0
84,54,1
40,14,1
71,31,1
44,18,1
-283,20,0
63,39,1
25,1,1
-294,11,0
-280,49,0
25,1,1
-260,37,0
-266,43,0
27,15,1
-253,46,0
25,1,1
32,6,1
48,10,1
-277,22,0
33,5,1
-293,22,0
-289,6,0
25,1,1
-297,2,0
33,5,1
64,30,1
27,3,1
28,6,1
25,1,1
60,30,1
33,5,1
69,37,1
58,40,1
41,13,1
-289,14,0
-260,33,0
-297,6,0
47,35,1
42,12,1
-289,10,0
34,4,1
28,2,1
25,1,1
93,61,1
57,29,1
-298,3,0
28,2,1
-280,21,0
81,85,1
51,27,1
30,8,1
-275,20,0
45,33,1
25,1,1
34,8,1
-295,4,0
121,81,1
54,20,1
38,12,1
36,10,1
47,39,1
91,75,1
-265,46,0
70,64,1
25,1,1
33,9,1
27,3,1
-272,37,0
32,10,1
-296,9,0
-280,21,0
29,5,1
-287,16,0
36,6,1
37,9,1
31,3,1
43,11,1
38,8,1
86,56,1
-256,37,0
-300,1,0
43,7,1
28,2,1
25,1,1
25,1,1
65,29,1
28,2,1
24,2,1
45,17,1
55,27,1
-206,127,0
34,8,1
-283,16,0
46,16,1
58,20,1
34,8,1
47,11,1
64,58,1
25,1,1
33,5,1
27,3,1
28,2,1
-301,2,0
31,7,1
46,12,1
25,1,1
25,1,1
36,6,1
33,5,1
38,8,1
42,8,1
-286,15,0
-278,23,0
66,60,1
39,7,1
-300,9,0
-290,7,0
67,51,1
-295,4,0
31,3,1
32,6,1
40,10,1
25,1,1
37,5,1
31,3,1
34,8,1
48,22,1
94,84,1
36,6,1
26,4,1
31,3,1
-285,14,0
25,1,1
39,7,1
-295,8,0
28,2,1
-292,9,0
58,28,1
34,8,1
60,26,1
-278,43,0
-279,32,0
-300,1,0
-297,2,0
-276,29,0
41,13,1
-269,30,0
25,1,1
-292,21,0
47,11,1
-272,21,0
68,34,1
64,38,1
25,1,1
57,33,1
54,20,1
99,87,1
37,5,1
-294,31,0
40,10,1
63,39,1
24,2,1
53,17,1
43,11,1
-287,8,0
38,8,1
43,7,1
-261,94,0
25,1,1
58,24,1
40,10,1
66,28,1
46,16,1
-274,23,0
85,57,1
38,12,1
39,7,1
48,18,1
28,2,1
26,4,1
75,51,1
25,1,1
85,57,1
25,1,1
50,28,1
25,1,1
25,1,1
72,42,1
31,7,1
48,10,1
59,27,1
-255,48,0
44,26,1
36,6,1
-272,25,0
44,14,1
33,5,1
28,6,1
-277,14,0
36,6,1
79,59,1
24,2,1
25,1,1
25,1,1
34,40,1
-300,1,0
24,2,1
-297,2,0
33,5,1
25,1,1
-300,1,0
25,1,1
27,3,1
41,21,1
58,24,1
108,110,1
61,37,1
28,2,1
29,5,1
31,3,1
49,17,1
38,16,1
-290,11,0
-297,2,0
-275,40,0
-283,16,0
46,20,1
-293,10,0
64,34,1
44,18,1
44,14,1
25,1,1
37,13,1
51,11,1
24,2,1
32,10,1
69,45,1
57,37,1
25,1,1
67,35,1
33,5,1
68,46,1
-281,26,0
25,1,1
-254,35,0
33,5,1
28,2,1
-294,11,0
33,5,1
25,1,1
35,15,1
48,22,1
32,6,1
55,19,1
33,9,1
75,51,1
51,35,1
27,3,1
-297,6,0
-290,11,0
24,2,1
-253,58,0
32,6,1
34,4,1
52,22,1
68,42,1
25,1,1
32,6,1
25,1,1
-288,5,0
-300,1,0
37,9,1
25,1,1
27,11,1
36,6,1
33,5,1
45,29,1
-301,2,0
42,8,1
49,17,1
25,1,1
43,11,1
25,1,1
39,11,1
42,8,1
68,42,1
24,2,1
-255,52,0
28,2,1
31,3,1
30,4,1
-300,1,0
25,1,1
-281,14,0
25,1,1
27,3,1
47,19,1
-293,6,0
31,3,1
40,14,1
45,37,1
50,20,1
25,1,1
30,4,1
-270,27,0
31,3,1
49,25,1
68,34,1
31,3,1
42,16,1
25,1,1
36,6,1
36,10,1
28,2,1
30,4,1
-297,2,0
54,32,1
-297,2,0
155,135,1
33,9,1
27,3,1
24,2,1
-299,4,0
29,5,1
46,20,1
-291,8,0
-276,13,0
39,15,1
60,30,1
32,10,1
-296,9,0
39,11,1
30,4,1
28,2,1
-285,10,0
-283,8,0
50,16,1
-301,2,0
-287,12,0
-278,19,0
39,15,1
47,19,1
34,4,1
-300,1,0
-295,4,0
30,4,1
30,4,1
-293,6,0
97,61,1
34,12,1
-283,24,0
86,56,1
-283,20,0
43,7,1
81,53,1
-279,32,0
28,6,1
24,2,1
34,4,1
61,29,1
82,80,1
-282,27,0
-291,8,0
-301,2,0
28,2,1
57,33,1
-302,11,0
24,2,1
25,1,1
-279,16,0
24,2,1
-270,35,0
-304,9,0
71,31,1
31,3,1
-295,12,0
63,27,1
23,3,1
46,12,1
34,12,1
69,45,1
-291,16,0
52,30,1
-297,2,0
-245,74,0
76,54,1
25,1,1
34,8,1
25,1,1
74,44,1
25,1,1
60,34,1
24,2,1
25,1,1
-292,9,0
35,7,1
-295,4,0
43,19,1
25,1,1
46,24,1
34,4,1
-301,6,0
39,15,1
31,3,1
76,62,1
189,237,1
38,20,1
37,9,1
37,5,1
126,108,1
41,9,1
-300,1,0
34,4,1
42,12,1
53,41,1
29,5,1
30,4,1
-265,46,0
35,11,1
36,6,1
28,2,1
63,27,1
64,34,1
-275,52,0
24,2,1
38,8,1
25,1,1
37,9,1
53,25,1
40,10,1
32,6,1
25,1,1
25,1,1
-308,17,0
43,11,1
70,32,1
49,17,1
72,46,1
-303,12,0
35,11,1
53,21,1
43,11,1
-297,2,0
-221,94,0
-294,11,0
28,2,1
36,6,1
63,47,1
-298,11,0
36,10,1
31,7,1
46,24,1
35,11,1
38,8,1
131,99,1
39,19,1
28,2,1
24,2,1
-283,28,0
-264,25,0
44,10,1
-287,12,0
-286,11,0
-300,5,0
71,39,1
25,1,1
-302,3,0
34,8,1
29,9,1
63,35,1
50,20,1
28,2,1
-294,3,0
48,18,1
-300,1,0
40,6,1
36,22,1
25,1,1
49,33,1
64,30,1
24,2,1
-300,1,0
37,9,1
31,3,1
105,85,1
94,88,1
40,10,1
58,20,1
-290,7,0
81,57,1
40,10,1
36,6,1
-276,25,0
43,15,1
-268,33,0
25,1,1
58,28,1
-242,75,0
25,1,1
30,4,1
28,2,1
29,9,1
25,1,1
21,5,1
29,5,1
34,4,1
-300,1,0
46,16,1
-286,11,0
-263,32,0
60,22,1
24,2,1
72,58,1
-300,5,0
28,2,1
29,5,1
-294,11,0
-300,5,0
45,29,1
45,13,1
57,25,1
28,2,1
35,7,1
66,32,1
59,23,1
80,54,1
-297,2,0
-301,2,0
25,1,1
-305,6,0
24,2,1
45,13,1
46,12,1
33,5,1
-282,11,0
31,3,1
-299,4,0
50,20,1
104,78,1
-297,10,0
43,15,1
-278,39,0
95,71,1
63,31,1
24,2,1
60,34,1
51,19,1
56,30,1
59,35,1
-285,18,0
-296,9,0
61,25,1
54,20,1
44,10,1
48,14,1
-300,5,0
95,87,1
69,45,1
-281,26,0
-282,15,0
-280,21,0
-301,2,0
-283,16,0
-297,14,0
-289,14,0
25,1,1
-255,68,0
25,1,1
25,1,1
-283,24,0
32,6,1
37,17,1
35,19,1
83,75,1
39,11,1
-258,55,0
34,4,1
39,7,1
-303,8,0
25,1,1
35,15,1
-295,4,0
-300,1,0
46,28,1
-271,40,0
31,3,1
41,9,1
38,8,1
44,10,1
32,6,1
58,36,1
48,14,1
88,78,1
58,32,1
66,36,1
32,6,1
-287,16,0
31,3,1
41,25,1
48,18,1
42,12,1
49,17,1
48,10,1
31,3,1
-257,38,0
111,75,1
56,18,1
-301,6,0
40,10,1
24,2,1
-300,1,0
50,16,1
-296,9,0
33,5,1
35,7,1
-298,11,0
52,18,1
87,79,1
41,9,1
-267,28,0
60,30,1
-290,11,0
25,1,1
-286,11,0
-301,2,0
36,18,1
92,58,1
41,9,1
23,3,1
28,2,1
34,8,1
-265,46,0
58,24,1
-301,2,0
25,1,1
40,10,1
68,46,1
26,4,1
53,17,1
24,2,1
44,34,1
57,17,1
-297,2,0
25,1,1
64,22,1
-295,4,0
48,14,1
31,3,1
85,61,1
79,67,1
25,1,1
35,7,1
-294,15,0
39,11,1
-281,14,0
-285,14,0
62,24,1
59,35,1
-300,9,0
-300,1,0
28,2,1
40,14,1
33,5,1
36,6,1
-301,2,0
-258,27,0
-237,82,0
-291,12,0
-259,40,0
46,8,1
-283,24,0
45,13,1
-282,15,0
32,6,1
31,7,1
-300,1,0
25,1,1
30,8,1
42,12,1
30,4,1
28,2,1
-269,38,0
27,3,1
34,8,1
24,2,1
27,3,1
42,16,1
-284,13,0
35,7,1
27,3,1
45,17,1
-284,13,0
58,44,1
65,37,1
43,11,1
36,10,1
-300,1,0
25,1,1
33,5,1
28,2,1
30,4,1
65,37,1
78,48,1
-296,5,0
65,29,1
40,10,1
31,3,1
-288,9,0
39,11,1
34,4,1
75,43,1
65,37,1
31,3,1
-291,8,0
47,27,1
-280,17,0
-272,25,0
-291,8,0
41,13,1
-261,58,0
27,3,1
-288,21,0
28,6,1
59,19,1
43,11,1
45,9,1
28,2,1
-300,5,0
-271,32,0
-297,22,0
38,8,1
55,23,1
-272,25,0
-272,29,0
-290,7,0
25,1,1
46,20,1
76,42,1
27,3,1
-253,82,0
24,2,1
48,18,1
-283,28,0
-254,43,0
28,2,1
35,7,1
59,31,1
81,49,1
-300,1,0
32,6,1
25,1,1
27,3,1
60,34,1
42,12,1
90,72,1
50,12,1
36,6,1
43,11,1
52,22,1
-282,11,0
45,21,1
27,3,1
72,38,1
68,34,1
-296,5,0
46,16,1
49,21,1
-290,7,0
33,5,1
35,7,1
38,12,1
48,18,1
49,17,1
43,7,1
44,10,1
38,16,1
45,17,1
25,1,1
33,9,1
43,15,1
25,1,1
24,2,1
-285,26,0
40,10,1
25,1,1
31,3,1
47,11,1
27,3,1
-301,2,0
-289,18,0
51,23,1
24,2,1
-244,49,0
31,3,1
28,6,1
57,29,1
33,5,1
31,3,1
58,20,1
69,37,1
75,39,1
-282,43,0
39,23,1
35,7,1
32,6,1
-302,19,0
66,48,1
-295,4,0
47,19,1
-287,24,0
-274,27,0
40,6,1
33,9,1
41,13,1
-286,15,0
29,9,1
32,6,1
-285,18,0
-293,10,0
31,3,1
58,28,1
24,2,1
79,59,1
-300,1,0
-300,1,0
25,1,1
46,20,1
41,13,1
28,2,1
29,5,1
34,20,1
25,1,1
37,5,1
-293,6,0
-251,48,0
40,10,1
28,2,1
24,2,1
31,3,1
37,9,1
63,35,1
38,8,1
37,13,1
27,3,1
50,20,1
57,25,1
62,32,1
-285,18,0
52,22,1
51,27,1
66,32,1
-280,25,0
-287,16,0
28,2,1
46,16,1
63,27,1
-294,7,0
60,42,1
-298,3,0
30,4,1
36,6,1
45,17,1
29,9,1
45,21,1
132,114,1
47,27,1
-197,118,0
40,6,1
56,26,1
28,2,1
40,10,1
44,14,1
37,9,1
46,12,1
49,17,1
-289,6,0
25,1,1
-287,12,0
-300,1,0
67,43,1
59,31,1
65,41,1
25,1,1
-297,2,0
49,21,1
24,2,1
40,14,1
61,25,1
55,23,1
27,3,1
52,22,1
32,6,1
-294,3,0
37,9,1
-300,1,0
33,5,1
25,1,1
25,1,1
32,14,1
28,6,1
28,2,1
28,2,1
-300,9,0
-300,1,0
30,8,1
29,5,1
39,7,1
29,5,1
37,9,1
53,33,1
-287,12,0
34,8,1
25,1,1
25,1,1
34,12,1
27,3,1
24,2,1
71,35,1
28,2,1
-272,33,0
-300,1,0
-264,37,0
30,4,1
56,22,1
31,3,1
-269,38,0
44,18,1
28,2,1
25,1,1
-303,4,0
-298,7,0
41,13,1
29,5,1
36,6,1
24,2,1
61,25,1
28,2,1
25,1,1
41,9,1
-298,3,0
28,6,1
-300,1,0
40,14,1
-296,5,0
36,6,1
68,26,1
-282,23,0
27,3,1
39,11,1
65,29,1
25,1,1
-292,5,0
54,28,1
-307,16,0
25,1,1
70,36,1
50,16,1
28,2,1
51,15,1
55,19,1
57,45,1
25,1,1
24,2,1
51,19,1
28,2,1
82,52,1
24,2,1
45,13,1
34,4,1
63,31,1
-302,3,0
56,26,1
48,26,1
24,2,1
39,7,1
50,24,1
48,18,1
34,8,1
46,12,1
70,36,1
38,8,1
25,1,1
23,3,1
84,54,1
-295,4,0
42,8,1
55,15,1
32,10,1
30,4,1
79,63,1
60,30,1
-295,8,0
25,1,1
53,17,1
30,4,1
35,7,1
60,30,1
25,1,1
-287,16,0
45,13,1
48,22,1
34,4,1
37,9,1
49,17,1
49,21,1
74,44,1
79,83,1
48,26,1
25,1,1
25,1,1
55,35,1
-267,32,0
-297,6,0
31,3,1
33,9,1
25,1,1
71,39,1
25,1,1
24,2,1
36,10,1
-293,6,0
-272,25,0
42,16,1
28,2,1
-297,22,0
44,14,1
69,29,1
51,15,1
-290,7,0
-286,23,0
120,110,1
24,2,1
-300,1,0
-300,5,0
45,9,1
31,3,1
25,1,1
40,14,1
36,6,1
37,5,1
48,26,1
50,20,1
48,18,1
44,30,1
25,1,1
-232,77,0
-265,26,0
27,3,1
44,14,1
27,3,1
31,3,1
-255,40,0
41,17,1
-303,4,0
62,40,1
66,36,1
48,18,1
47,19,1
-300,1,0
-208,101,0
36,6,1
-284,9,0
-287,8,0
25,1,1
-286,19,0
104,82,1
29,5,1
45,13,1
-282,15,0
77,45,1
51,19,1
52,30,1
25,1,1
46,12,1
47,15,1
-297,2,0
36,10,1
72,42,1
28,2,1
91,59,1
-291,4,0
-261,38,0
-293,14,0
24,2,1
63,23,1
38,8,1
-297,2,0
-279,52,0
37,5,1
57,49,1
25,1,1
29,5,1
43,7,1
25,1,1
43,11,1
34,4,1
-280,53,0
25,1,1
74,40,1
-289,42,0
-295,8,0
25,1,1
24,2,1
-287,12,0
-280,17,0
28,2,1
38,8,1
-300,1,0
27,3,1
33,5,1
69,37,1
-290,11,0
30,4,1
-277,26,0
35,7,1
41,9,1
39,11,1
28,6,1
42,8,1
30,12,1
-300,1,0
23,7,1
38,8,1
37,9,1
49,13,1
39,11,1
50,20,1
45,13,1
36,6,1
43,11,1
-296,5,0
35,7,1
44,14,1
-297,2,0
28,2,1
-302,3,0
-292,13,0
25,1,1
67,35,1
44,22,1
90,56,1
34,4,1
25,1,1
27,7,1
36,10,1
28,2,1
60,38,1
43,15,1
68,46,1
88,98,1
53,21,1
60,30,1
31,7,1
40,6,1
-290,15,0
38,12,1
55,31,1
33,5,1
-298,3,0
44,14,1
34,12,1
25,1,1
49,13,1
31,3,1
31,3,1
24,2,1
32,10,1
38,8,1
64,22,1
38,8,1
40,14,1
43,27,1
30,4,1
40,10,1
32,6,1
40,6,1
32,6,1
72,42,1
-300,1,0
-227,92,0
38,8,1
57,33,1
-295,8,0
-294,7,0
-300,1,0
28,2,1
44,14,1
31,3,1
-291,8,0
-289,14,0
25,1,1
-292,25,0
46,12,1
46,24,1
25,1,1
-282,19,0
34,8,1
36,10,1
81,49,1
60,42,1
-294,7,0
29,5,1
-295,8,0
-276,29,0
47,15,1
-292,5,0
31,7,1
34,4,1
-288,9,0
25,1,1
49,13,1
33,5,1
32,10,1
74,40,1
52,22,1
-300,1,0
44,14,1
-257,62,0
81,45,1
-270,27,0
65,41,1
61,37,1
33,5,1
31,3,1
30,4,1
-292,9,0
30,4,1
25,1,1
-294,3,0
52,34,1
-275,36,0
40,6,1
25,1,1
57,25,1
37,9,1
98,72,1
46,12,1
69,45,1
25,1,1
28,2,1
44,14,1
34,4,1
25,1,1
-300,1,0
47,15,1
45,25,1
30,4,1
47,35,1
-259,48,0
-298,3,0
-300,1,0
87,47,1
33,13,1
32,18,1
31,3,1
-288,13,0
37,5,1
35,11,1
-289,10,0
-295,4,0
-302,7,0
32,10,1
36,6,1
-289,50,0
48,22,1
41,9,1
28,6,1
-289,14,0
-277,18,0
-266,31,0
48,14,1
24,2,1
25,1,1
37,13,1
58,24,1
-279,16,0
-287,36,0
-287,12,0
-286,7,0
33,5,1
-294,7,0
27,3,1
28,2,1
25,1,1
90,68,1
44,14,1
39,7,1
40,6,1
24,14,1
64,26,1
25,1,1
-295,8,0
25,1,1
47,19,1
28,6,1
35,7,1
25,1,1
27,3,1
25,1,1
35,19,1
84,62,1
34,8,1
25,1,1
65,29,1
-299,4,0
25,1,1
31,3,1
90,60,1
25,1,1
-299,4,0
33,5,1
28,2,1
43,7,1
45,17,1
67,23,1
28,10,1
25,1,1
37,5,1
-288,13,0
-274,31,0
39,7,1
39,11,1
34,4,1
51,15,1
41,13,1
66,32,1
78,48,1
62,32,1
42,12,1
-283,28,0
31,3,1
33,13,1
32,6,1
70,40,1
39,7,1
53,25,1
34,4,1
25,1,1
63,19,1
-286,15,0
34,8,1
-298,3,0
34,4,1
69,49,1
118,100,1
38,12,1
25,1,1
25,1,1
40,6,1
25,1,1
49,29,1
92,82,1
36,6,1
51,43,1
-298,3,0
25,1,1
25,1,1
51,23,1
35,7,1
25,1,1
-297,6,0
28,2,1
34,8,1
-276,17,0
56,26,1
42,16,1
31,3,1
48,14,1
28,2,1
70,40,1
33,5,1
28,2,1
41,9,1
-289,18,0
28,2,1
30,4,1
57,21,1
30,4,1
25,1,1
37,9,1
28,2,1
31,3,1
24,2,1
25,1,1
61,25,1
39,7,1
24,2,1
33,5,1
47,19,1
-303,4,0
33,13,1
51,23,1
50,20,1
28,2,1
-292,5,0
98,96,1
47,43,1
-271,36,0
-300,1,0
30,4,1
25,1,1
-269,26,0
24,2,1
31,3,1
41,9,1
49,13,1
-289,10,0
24,2,1
38,8,1
-299,4,0
-297,6,0
39,7,1
-271,32,0
-300,1,0
46,16,1
41,17,1
35,7,1
-283,12,0
58,20,1
34,48,1
49,21,1
65,37,1
31,3,1
28,2,1
-260,49,0
37,9,1
56,22,1
39,7,1
37,5,1
42,12,1
-291,8,0
74,60,1
28,2,1
63,27,1
34,12,1
-283,32,0
-300,5,0
28,2,1
38,16,1
58,40,1
50,28,1
101,89,1
31,3,1
37,9,1
57,25,1
50,24,1
38,8,1
-291,24,0
25,1,1
30,20,1
33,5,1
68,54,1
25,1,1
58,24,1
25,1,1
25,1,1
25,1,1
69,41,1
40,6,1
24,2,1
-255,72,0
48,18,1
26,4,1
48,26,1
30,4,1
28,2,1
61,29,1
28,2,1
28,2,1
-293,6,0
61,25,1
49,13,1
25,1,1
76,54,1
50,16,1
36,14,1
30,4,1
38,8,1
30,4,1
28,2,1
48,22,1
55,23,1
45,13,1
38,8,1
25,1,1
100,66,1
-267,20,0
55,35,1
41,9,1
85,61,1
52,18,1
27,3,1
41,9,1
48,18,1
-300,1,0
69,41,1
-252,57,0
57,21,1
29,5,1
73,49,1
47,19,1
47,19,1
62,36,1
51,19,1
-250,55,0
25,1,1
25,1,1
25,1,1
24,2,1
44,14,1
61,25,1
38,8,1
25,1,1
60,22,1
28,2,1
25,1,1
28,2,1
48,22,1
45,21,1
49,17,1
-253,46,0
34,8,1
31,3,1
24,2,1
31,3,1
37,9,1
28,2,1
51,15,1
61,33,1
58,28,1
-300,1,0
25,1,1
56,34,1
36,6,1
36,10,1
24,2,1
43,15,1
44,18,1
-301,10,0
72,42,1
-291,4,0
42,24,1
33,5,1
-265,50,0
45,13,1
85,49,1
30,4,1
41,13,1
28,2,1
24,2,1
28,2,1
-267,32,0
47,11,1
59,27,1
-275,24,0
47,23,1
-293,10,0
-243,68,0
-284,25,0
-273,14,0
30,4,1
35,7,1
-291,16,0
87,55,1
28,2,1
34,4,1
38,8,1
47,11,1
27,3,1
80,50,1
25,1,1
50,16,1
45,13,1
62,24,1
41,9,1
24,2,1
49,21,1
50,16,1
68,30,1
36,6,1
55,27,1
36,6,1
74,40,1
25,1,1
49,25,1
46,12,1
47,11,1
63,35,1
66,32,1
25,1,1
50,16,1
96,62,1
49,13,1
31,3,1
30,4,1
68,42,1
44,18,1
37,5,1
31,3,1
-260,61,0
37,9,1
-299,4,0
37,9,1
79,39,1
41,9,1
25,1,1
36,10,1
34,4,1
28,2,1
28,2,1
-269,34,0
54,20,1
37,5,1
28,2,1
38,12,1
44,14,1
60,30,1
32,6,1
25,1,1
32,10,1
-277,22,0
-303,4,0
-294,11,0
76,46,1
44,10,1
25,1,1
61,25,1
-264,41,0
25,1,1
-205,110,0
32,6,1
-299,4,0
34,4,1
24,2,1
32,6,1
31,3,1
62,28,1
-247,48,0
32,6,1
-270,27,0
25,1,1
-294,3,0
-311,16,0
61,25,1
41,9,1
45,21,1
36,6,1
39,7,1
-297,10,0
60,34,1
81,65,1
54,20,1
-285,18,0
28,6,1
-300,1,0
25,1,1
44,10,1
31,3,1
24,2,1
-300,9,0
32,6,1
25,1,1
81,53,1
28,2,1
47,19,1
44,14,1
-296,5,0
28,2,1
37,9,1
-293,14,0
-301,6,0
-278,23,0
36,6,1
25,1,1
118,84,1
55,19,1
32,6,1
-292,9,0
41,13,1
31,3,1
25,1,1
-295,4,0
41,9,1
-284,21,0
38,8,1
-303,8,0
42,16,1
41,13,1
45,13,1
-292,13,0
60,34,1
-286,11,0
25,1,1
39,15,1
73,41,1
47,31,1
38,8,1
27,3,1
49,29,1
34,8,1
-300,1,0
-291,8,0
31,3,1
25,1,1
67,43,1
39,11,1
30,4,1
33,5,1
-289,6,0
35,7,1
64,34,1
26,4,1
27,3,1
28,2,1
30,4,1
78,88,1
42,12,1
53,29,1
115,111,1
35,7,1
31,3,1
59,47,1
28,2,1
46,20,1
34,4,1
-291,8,0
53,21,1
59,23,1
-266,31,0
33,5,1
28,2,1
46,24,1
31,3,1
37,5,1
25,1,1
28,2,1
25,1,1
25,1,1
-276,29,0
32,6,1
25,1,1
39,7,1
34,4,1
27,3,1
-292,9,0
40,18,1
52,18,1
-286,11,0
25,1,1
38,16,1
35,7,1
33,5,1
32,6,1
66,32,1
35,7,1
30,4,1
25,1,1
45,13,1
49,13,1
45,13,1
44,10,1
36,10,1
54,16,1
-284,9,0
-300,1,0
35,11,1
46,20,1
-283,12,0
42,16,1
50,20,1
25,1,1
34,4,1
87,55,1
63,31,1
53,21,1
-276,17,0
-300,1,0
28,2,1
56,34,1
51,19,1
43,11,1
25,1,1
25,1,1
25,1,1
37,9,1
29,5,1
-297,2,0
36,6,1
69,45,1
40,10,1
36,6,1
43,11,1
68,38,1
37,5,1
29,5,1
43,7,1
34,4,1
54,28,1
34,8,1
25,1,1
40,14,1
25,1,1
38,12,1
60,42,1
30,4,1
51,15,1
38,8,1
34,4,1
25,1,1
-267,44,0
50,20,1
41,13,1
58,24,1
-288,17,0
35,11,1
25,1,1
54,20,1
54,28,1
25,1,1
23,3,1
25,1,1
28,2,1
75,39,1
-301,2,0
67,51,1
47,19,1
-298,3,0
-259,36,0
48,10,1
66,44,1
48,22,1
-300,1,0
67,43,1
26,4,1
-288,13,0
34,8,1
-287,20,0
28,2,1
-250,67,0
-294,3,0
-300,5,0
57,29,1
47,11,1
32,14,1
45,9,1
28,2,1
-238,79,0
45,9,1
39,7,1
44,26,1
-273,50,0
48,10,1
92,66,1
37,9,1
60,22,1
33,13,1
35,7,1
36,10,1
27,3,1
39,15,1
43,11,1
41,9,1
-287,12,0
28,2,1
42,8,1
-295,8,0
-297,6,0
30,4,1
33,5,1
81,49,1
-296,5,0
37,9,1
33,5,1
-297,6,0
46,16,1
58,20,1
25,1,1
-296,17,0
49,17,1
39,7,1
29,5,1
41,17,1
63,43,1
33,5,1
40,14,1
25,1,1
28,2,1
31,3,1
80,46,1
25,1,1
-283,8,0
39,7,1
54,28,1
31,7,1
35,7,1
24,2,1
28,2,1
32,6,1
25,1,1
-262,35,0
50,12,1
36,10,1
33,5,1
63,27,1
84,62,1
37,9,1
-306,7,0
28,2,1
72,66,1
45,17,1
25,1,1
46,12,1
28,2,1
-291,8,0
51,35,1
-283,12,0
44,10,1
59,27,1
-273,18,0
76,54,1
69,41,1
-287,16,0
27,3,1
44,14,1
36,14,1
28,2,1
-228,89,0
40,10,1
34,4,1
37,9,1
31,3,1
24,2,1
44,10,1
36,6,1
-288,21,0
-308,13,0
-234,67,0
30,4,1
25,5,1
30,4,1
26,4,1
58,28,1
55,15,1
32,6,1
52,30,1
25,1,1
33,5,1
-269,34,0
69,41,1
-301,2,0
33,5,1
-257,54,0
25,1,1
57,25,1
27,3,1
-298,3,0
25,1,1
31,3,1
25,1,1
59,31,1
-276,21,0
30,4,1
43,15,1
33,5,1
48,30,1
46,16,1
39,7,1
25,1,1
27,3,1
28,2,1
54,16,1
25,1,1
65,33,1
33,5,1
25,1,1
35,7,1
-300,1,0
-273,22,0
24,2,1
-273,14,0
56,30,1
28,2,1
37,9,1
-300,5,0
67,47,1
38,8,1
-204,121,0
34,4,1
38,12,1
34,4,1
37,9,1
24,2,1
-286,11,0
29,9,1
31,3,1
74,68,1
33,5,1
35,7,1
24,2,1
33,5,1
50,20,1
39,7,1
31,3,1
41,13,1
-292,9,0
59,35,1
41,9,1
71,47,1
-278,15,0
36,6,1
57,29,1
25,1,1
32,6,1
39,7,1
43,19,1
-301,2,0
-275,24,0
31,3,1
25,1,1
59,23,1
36,6,1
51,23,1
24,2,1
90,64,1
35,7,1
50,20,1
31,7,1
40,10,1
34,4,1
63,27,1
-302,3,0
29,5,1
44,14,1
56,22,1
32,6,1
36,6,1
37,13,1
-284,17,0
66,32,1
61,25,1
-289,6,0
59,43,1
-275,20,0
-286,7,0
27,3,1
62,28,1
24,2,1
31,7,1
-256,33,0
38,12,1
54,24,1
-294,3,0
44,14,1
50,16,1
38,12,1
24,2,1
47,19,1
31,7,1
65,33,1
-285,14,0
-286,15,0
44,10,1
50,24,1
34,8,1
-300,1,0
49,21,1
53,29,1
43,11,1
54,24,1
-291,8,0
-294,3,0
31,7,1
-288,13,0
-295,12,0
56,26,1
32,6,1
36,10,1
39,11,1
32,6,1
68,42,1
86,60,1
48,14,1
54,20,1
33,9,1
39,11,1
-274,35,0
25,1,1
31,3,1
25,1,1
27,3,1
75,59,1
37,5,1
77,53,1
33,5,1
25,1,1
54,24,1
34,4,1
36,10,1
-295,4,0
32,6,1
-298,3,0
28,2,1
39,11,1
33,5,1
36,22,1
29,5,1
-274,19,0
-255,48,0
81,61,1
36,6,1
25,1,1
24,2,1
60,22,1
30,4,1
25,1,1
47,23,1
40,10,1
49,21,1
25,1,1
45,17,1
31,3,1
-232,81,0
25,1,1
25,1,1
30,4,1
85,49,1
-302,3,0
40,10,1
-300,1,0
49,13,1
41,13,1
34,8,1
45,13,1
37,9,1
25,1,1
48,18,1
25,1,1
25,1,1
-274,27,0
-292,9,0
36,6,1
-285,18,0
57,33,1
42,12,1
41,17,1
-298,7,0
25,1,1
77,61,1
-300,1,0
40,6,1
28,6,1
25,1,1
-296,5,0
54,28,1
25,1,1
31,3,1
35,7,1
-299,8,0
104,78,1
25,1,1
34,4,1
33,13,1
28,2,1
24,2,1
-300,1,0
25,1,1
32,6,1
29,5,1
31,3,1
28,2,1
43,11,1
31,7,1
25,1,1
24,2,1
25,1,1
-276,33,0
32,6,1
-264,25,0
35,7,1
57,21,1
25,1,1
47,27,1
45,13,1
29,5,1
28,2,1
37,9,1
-301,10,0
25,1,1
-300,1,0
68,34,1
33,5,1
25,1,1
30,8,1
30,4,1
25,1,1
46,16,1
32,6,1
25,1,1
39,7,1
25,1,1
37,21,1
67,35,1
27,3,1
61,25,1
41,21,1
-287,28,0
45,13,1
25,1,1
28,2,1
55,19,1
88,58,1
54,28,1
25,13,1
29,5,1
32,6,1
74,56,1
46,12,1
44,22,1
60,26,1
-300,1,0
49,13,1
-293,6,0
27,3,1
31,3,1
36,14,1
28,2,1
29,9,1
28,2,1
34,4,1
28,2,1
51,35,1
-290,15,0
33,5,1
33,13,1
70,44,1
24,2,1
42,8,1
34,4,1
25,1,1
-297,2,0
36,6,1
25,1,1
-283,32,0
48,22,1
-300,5,0
33,5,1
-302,3,0
44,14,1
33,5,1
28,2,1
-294,7,0
40,18,1
44,18,1
51,19,1
-300,1,0
-290,11,0
52,34,1
-263,48,0
25,1,1
74,36,1
47,11,1
-304,13,0
28,2,1
25,1,1
33,5,1
33,5,1
25,1,1
31,3,1
28,2,1
42,8,1
56,26,1
31,3,1
37,9,1
33,9,1
-285,10,0
25,1,1
31,3,1
79,47,1
-288,13,0
33,9,1
54,16,1
24,2,1
65,29,1
37,5,1
25,1,1
26,4,1
24,2,1
25,1,1
-301,2,0
-278,23,0
28,2,1
66,40,1
32,6,1
38,8,1
-294,11,0
25,1,1
25,1,1
48,22,1
44,10,1
28,2,1
-280,45,0
48,22,1
31,3,1
37,9,1
44,10,1
37,13,1
-278,27,0
65,29,1
30,4,1
35,7,1
75,35,1
79,71,1
-290,31,0
-262,43,0
39,7,1
30,4,1
29,5,1
27,3,1
25,1,1
34,4,1
28,2,1
28,2,1
30,4,1
25,1,1
45,9,1
60,26,1
-281,34,0
40,14,1
25,1,1
31,3,1
-281,50,0
50,40,1
70,36,1
44,14,1
71,43,1
93,49,1
25,1,1
-258,39,0
37,13,1
51,11,1
28,2,1
39,7,1
50,16,1
52,22,1
90,64,1
41,13,1
24,2,1
30,4,1
25,1,1
25,1,1
44,10,1
23,3,1
93,65,1
-297,2,0
-298,3,0
-297,2,0
52,22,1
30,4,1
24,2,1
49,17,1
52,22,1
63,51,1
39,7,1
24,2,1
40,14,1
58,20,1
45,17,1
31,3,1
25,1,1
25,1,1
48,34,1
-245,58,0
59,23,1
-300,1,0
50,20,1
85,57,1
-301,2,0
42,12,1
-295,4,0
-301,2,0
42,12,1
-300,5,0
47,19,1
-300,1,0
39,7,1
-300,9,0
30,4,1
38,8,1
41,9,1
57,33,1
28,2,1
33,5,1
35,7,1
30,4,1
45,21,1
25,1,1
70,44,1
53,17,1
25,1,1
32,6,1
29,5,1
57,25,1
25,1,1
28,2,1
25,1,1
25,1,1
36,6,1
28,2,1
50,16,1
69,45,1
-300,1,0
33,5,1
67,27,1
25,1,1
55,31,1
-297,2,0
47,19,1
-254,59,0
66,36,1
54,24,1
56,30,1
-279,16,0
36,6,1
27,3,1
-252,61,0
-291,4,0
45,13,1
27,3,1
31,3,1
40,10,1
25,1,1
28,2,1
40,10,1
-300,1,0
30,4,1
39,11,1
29,5,1
25,1,1
62,40,1
36,6,1
42,16,1
65,37,1
58,28,1
33,5,1
39,23,1
47,11,1
-277,26,0
31,3,1
65,33,1
71,43,1
25,1,1
24,2,1
38,12,1
30,4,1
25,1,1
30,4,1
30,4,1
62,40,1
87,59,1
-299,4,0
59,27,1
43,11,1
47,15,1
52,22,1
28,14,1
-243,60,0
31,3,1
-300,1,0
28,2,1
28,6,1
56,34,1
40,6,1
-292,9,0
-289,10,0
36,6,1
45,17,1
32,6,1
36,6,1
41,9,1
49,25,1
30,8,1
28,2,1
24,2,1
31,7,1
37,5,1
31,11,1
28,2,1
33,5,1
47,15,1
25,1,1
-295,4,0
36,6,1
59,27,1
36,6,1
47,15,1
114,80,1
28,2,1
79,59,1
67,43,1
24,2,1
28,2,1
37,5,1
24,2,1
-297,2,0
48,22,1
73,37,1
28,2,1
49,21,1
31,3,1
50,56,1
30,4,1
-298,3,0
41,9,1
37,5,1
43,11,1
25,1,1
40,10,1
-300,1,0
58,28,1
24,2,1
51,19,1
28,2,1
25,1,1
65,49,1
84,46,1
25,1,1
28,2,1
48,30,1
61,53,1
57,33,1
42,12,1
48,10,1
-286,15,0
34,4,1
-292,5,0
38,12,1
38,8,1
61,41,1
30,4,1
43,11,1
29,5,1
42,12,1
26,4,1
35,7,1
-303,4,0
32,10,1
48,22,1
41,9,1
28,2,1
34,4,1
32,6,1
-282,31,0
34,8,1
82,48,1
31,3,1
59,35,1
31,3,1
51,15,1
31,7,1
28,2,1
-300,13,0
42,8,1
-298,3,0
54,12,1
-300,5,0
56,34,1
25,1,1
39,7,1
-288,5,0
42,32,1
25,1,1
57,21,1
28,2,1
37,13,1
31,3,1
-295,4,0
36,6,1
42,12,1
36,6,1
-297,10,0
31,3,1
92,62,1
25,1,1
-284,13,0
32,26,1
-298,3,0
36,26,1
28,2,1
-288,9,0
51,15,1
-288,13,0
31,11,1
-293,10,0
-304,5,0
90,56,1
44,14,1
37,9,1
-291,12,0
52,18,1
34,16,1
-300,5,0
25,1,1
44,10,1
25,1,1
52,18,1
127,135,1
36,6,1
57,17,1
-256,45,0
25,1,1
72,30,1
32,6,1
25,1,1
-297,2,0
82,52,1
73,37,1
36,6,1
48,22,1
34,4,1
28,2,1
45,17,1
36,6,1
105,81,1
26,4,1
36,6,1
58,24,1
30,4,1
63,27,1
-298,3,0
34,4,1
25,1,1
29,5,1
24,2,1
-289,6,0
25,1,1
-303,8,0
23,3,1
-298,3,0
31,3,1
43,7,1
-258,39,0
-300,1,0
29,5,1
-288,9,0
33,5,1
28,2,1
44,14,1
-289,10,0
107,95,1
29,5,1
27,3,1
44,10,1
36,10,1
37,9,1
63,27,1
-281,18,0
-298,3,0
49,37,1
52,14,1
28,2,1
25,1,1
50,16,1
33,5,1
45,13,1
52,18,1
-242,83,0
47,15,1
56,18,1
73,37,1
27,3,1
-281,22,0
96,70,1
25,1,1
24,2,1
25,1,1
50,20,1
55,19,1
42,12,1
45,21,1
33,5,1
-235,84,0
48,18,1
25,1,1
66,32,1
38,24,1
33,5,1
81,57,1
25,1,1
52,18,1
-295,4,0
28,2,1
-300,1,0
28,2,1
42,16,1
62,28,1
30,4,1
38,8,1
35,7,1
30,4,1
36,6,1
37,9,1
43,15,1
31,3,1
69,29,1
31,3,1
67,39,1
34,20,1
-247,76,0
44,10,1
24,2,1
46,16,1
30,8,1
32,6,1
37,9,1
28,2,1
-269,62,0
-268,29,0
34,4,1
41,25,1
25,1,1
30,4,1
34,8,1
38,8,1
31,3,1
46,12,1
28,2,1
45,9,1
-296,5,0
58,16,1
-300,1,0
25,1,1
43,11,1
25,1,1
25,1,1
47,15,1
81,61,1
24,2,1
-241,58,0
43,19,1
-303,8,0
51,19,1
45,13,1
48,14,1
82,64,1
27,11,1
35,11,1
36,14,1
33,5,1
-296,21,0
47,19,1
35,7,1
54,40,1
-292,9,0
-294,3,0
44,10,1
47,19,1
-302,7,0
-297,2,0
35,7,1
28,2,1
28,2,1
-304,9,0
28,2,1
27,7,1
33,5,1
25,1,1
30,4,1
-300,1,0
76,42,1
60,30,1
-294,7,0
25,1,1
-288,13,0
25,1,1
67,35,1
24,2,1
41,13,1
-283,12,0
25,1,1
43,11,1
73,41,1
100,78,1
45,25,1
60,18,1
25,1,1
47,19,1
36,10,1
54,16,1
31,3,1
52,22,1
-244,61,0
34,4,1
47,11,1
55,27,1
-281,22,0
25,1,1
99,87,1
33,5,1
39,11,1
106,88,1
64,22,1
-287,12,0
61,29,1
33,5,1
25,1,1
30,4,1
25,1,1
-285,18,0
-298,3,0
28,2,1
27,3,1
47,19,1
51,35,1
65,37,1
28,2,1
48,14,1
-293,10,0
139,135,1
67,39,1
-293,6,0
66,36,1
31,3,1
54,28,1
28,2,1
-297,6,0
32,6,1
36,6,1
97,57,1
44,10,1
50,24,1
32,6,1
25,1,1
31,3,1
52,26,1
-294,11,0
25,1,1
50,20,1
41,9,1
44,22,1
28,2,1
25,1,1
59,35,1
25,1,1
37,9,1
-292,13,0
43,11,1
59,27,1
47,15,1
-292,21,0
71,39,1
45,9,1
40,10,1
-275,24,0
24,2,1
35,11,1
-286,27,0
-296,13,0
-272,33,0
25,1,1
-300,1,0
65,37,1
35,7,1
29,5,1
59,35,1
43,15,1
49,21,1
-303,4,0
30,8,1
25,9,1
31,7,1
42,8,1
54,20,1
78,60,1
58,20,1
54,20,1
40,22,1
-300,1,0
49,17,1
-294,3,0
-278,15,0
-297,2,0
70,60,1
50,28,1
39,11,1
120,110,1
30,4,1
64,42,1
24,2,1
64,30,1
75,35,1
-294,3,0
34,4,1
72,38,1
30,4,1
36,10,1
35,7,1
25,1,1
45,13,1
-286,11,0
25,1,1
25,1,1
55,23,1
51,19,1
33,5,1
25,1,1
50,20,1
37,9,1
50,24,1
76,62,1
68,26,1
47,19,1
-297,2,0
25,1,1
25,1,1
23,3,1
46,8,1
68,38,1
-299,4,0
-230,63,0
28,2,1
29,5,1
64,38,1
-280,13,0
-288,13,0
-279,24,0
70,40,1
-284,21,0
28,2,1
33,5,1
31,3,1
51,19,1
25,1,1
28,2,1
-300,1,0
-292,9,0
31,11,1
29,5,1
49,13,1
-292,9,0
58,32,1
28,2,1
-298,15,0
-268,29,0
62,28,1
-284,13,0
24,2,1
25,1,1
27,3,1
-279,20,0
30,4,1
30,4,1
33,17,1
25,1,1
24,2,1
46,16,1
25,1,1
37,13,1
-298,3,0
-300,1,0
25,1,1
-299,8,0
42,24,1
37,9,1
28,2,1
48,18,1
35,7,1
33,5,1
51,27,1
36,6,1
35,11,1
88,62,1
25,1,1
-299,4,0
40,10,1
-301,2,0
29,5,1
32,6,1
34,12,1
-286,19,0
-291,16,0
39,11,1
25,1,1
-240,69,0
46,16,1
49,17,1
34,4,1
36,6,1
24,2,1
55,31,1
34,4,1
-300,1,0
25,1,1
-302,3,0
-293,10,0
39,7,1
-273,18,0
24,2,1
71,43,1
-287,8,0
24,2,1
42,8,1
34,4,1
37,13,1
36,6,1
76,70,1
43,11,1
35,11,1
47,19,1
87,55,1
25,1,1
38,36,1
25,1,1
61,49,1
52,18,1
60,30,1
59,23,1
37,17,1
25,1,1
55,31,1
40,10,1
27,3,1
25,1,1
52,30,1
49,29,1
36,6,1
24,2,1
35,19,1
76,50,1
56,30,1
46,12,1
49,17,1
31,7,1
89,69,1
36,6,1
39,7,1
42,24,1
25,1,1
27,3,1
40,6,1
64,34,1
63,27,1
30,4,1
47,15,1
60,30,1
25,1,1
30,4,1
38,8,1
-297,2,0
25,1,1
-294,11,0
25,1,1
24,2,1
39,7,1
33,5,1
114,96,1
30,4,1
42,8,1
48,22,1
24,2,1
68,30,1
44,10,1
36,6,1
58,24,1
74,52,1
32,6,1
45,29,1
-299,4,0
53,17,1
85,61,1
-267,56,0
24,2,1
-272,45,0
32,6,1
64,26,1
62,32,1
25,1,1
34,12,1
46,12,1
-293,10,0
-292,9,0
34,4,1
25,1,1
41,9,1
-281,26,0
50,20,1
41,9,1
33,5,1
52,18,1
45,13,1
59,23,1
52,18,1
49,13,1
75,51,1
54,28,1
46,16,1
53,21,1
60,34,1
25,1,1
20,10,1
-290,11,0
79,55,1
25,1,1
38,12,1
25,1,1
23,15,1
-288,5,0
67,35,1
41,9,1
42,12,1
25,1,1
25,1,1
25,1,1
-287,16,0
36,6,1
44,22,1
25,1,1
29,5,1
42,8,1
40,10,1
43,15,1
29,5,1
-301,2,0
-291,8,0
25,1,1
28,2,1
67,35,1
42,16,1
28,2,1
39,11,1
25,1,1
28,2,1
28,2,1
48,22,1
65,37,1
24,2,1
-286,11,0
-287,12,0
32,6,1
-298,3,0
42,12,1
41,9,1
-300,1,0
41,13,1
48,14,1
31,3,1
40,10,1
28,2,1
41,9,1
-284,17,0
39,7,1
31,3,1
33,13,1
45,13,1
54,24,1
-297,6,0
50,24,1
44,10,1
31,3,1
30,4,1
28,2,1
-293,6,0
-303,4,0
36,10,1
50,16,1
120,94,1
25,1,1
-300,1,0
61,25,1
31,3,1
37,9,1
-285,10,0
24,2,1
31,3,1
25,1,1
37,5,1
25,1,1
51,23,1
31,15,1
65,29,1
28,2,1
28,2,1
96,82,1
28,2,1
37,13,1
25,1,1
-299,4,0
36,6,1
30,4,1
34,4,1
80,50,1
77,53,1
37,13,1
50,16,1
-288,37,0
-256,41,0
33,5,1
25,1,1
-296,5,0
32,6,1
46,12,1
26,4,1
-294,15,0
64,26,1
38,24,1
81,53,1
28,2,1
28,2,1
61,49,1
31,7,1
47,15,1
-293,10,0
45,13,1
41,13,1
64,42,1
25,1,1
25,1,1
93,81,1
40,10,1
-290,23,0
57,33,1
58,28,1
48,22,1
-283,12,0
25,1,1
82,44,1
26,4,1
30,4,1
62,32,1
-280,29,0
48,10,1
34,12,1
34,4,1
24,2,1
44,14,1
49,21,1
34,8,1
-291,12,0
25,1,1
53,21,1
38,12,1
69,33,1
38,8,1
28,2,1
30,4,1
46,16,1
60,42,1
73,33,1
36,6,1
30,8,1
64,38,1
28,10,1
47,23,1
49,13,1
24,2,1
34,12,1
39,7,1
31,7,1
-298,3,0
39,11,1
-296,5,0
25,1,1
-289,6,0
36,6,1
41,9,1
24,2,1
25,1,1
28,2,1
35,7,1
27,3,1
-263,24,0
51,15,1
-299,4,0
-296,13,0
32,6,1
24,2,1
46,16,1
80,62,1
52,14,1
-294,11,0
51,23,1
34,4,1
-298,3,0
45,13,1
50,16,1
53,21,1
52,18,1
47,27,1
-280,17,0
-297,2,0
21,13,1
25,1,1
58,24,1
45,13,1
50,12,1
31,3,1
25,1,1
27,3,1
47,23,1
35,11,1
25,1,1
28,2,1
39,15,1
28,2,1
80,62,1
52,34,1
88,62,1
-295,4,0
83,55,1
41,9,1
78,52,1
24,2,1
27,3,1
33,5,1
25,1,1
28,2,1
25,1,1
45,13,1
36,6,1
44,18,1
39,7,1
-290,11,0
44,14,1
-282,19,0
40,10,1
-295,4,0
38,8,1
52,14,1
32,6,1
36,6,1
70,32,1
42,12,1
61,25,1
-283,12,0
-300,1,0
25,1,1
92,58,1
53,25,1
31,3,1
-296,17,0
34,8,1
27,3,1
38,8,1
25,1,1
25,1,1
56,18,1
37,9,1
36,6,1
30,4,1
66,32,1
36,6,1
31,3,1
-297,6,0
57,17,1
-297,6,0
45,17,1
25,1,1
25,1,1
28,2,1
55,19,1
24,2,1
62,36,1
51,19,1
65,25,1
25,1,1
86,64,1
50,20,1
35,7,1
28,2,1
67,27,1
25,1,1
25,1,1
25,1,1
45,13,1
64,26,1
72,46,1
101,77,1
27,3,1
37,9,1
-290,7,0
47,11,1
34,4,1
25,1,1
63,27,1
40,10,1
48,10,1
-269,18,0
42,12,1
25,1,1
28,2,1
37,5,1
33,5,1
33,5,1
42,12,1
33,9,1
25,1,1
-290,7,0
-297,2,0
42,12,1
30,4,1
33,5,1
-300,1,0
36,10,1
-275,32,0
51,23,1
28,2,1
52,10,1
45,13,1
64,50,1
59,27,1
40,10,1
69,25,1
34,4,1
-283,12,0
37,5,1
44,26,1
82,48,1
36,6,1
-290,15,0
100,74,1
77,57,1
43,11,1
-267,32,0
37,13,1
35,7,1
30,4,1
29,5,1
73,37,1
40,14,1
44,18,1
50,20,1
74,56,1
44,22,1
64,26,1
-283,20,0
54,20,1
54,28,1
49,13,1
45,13,1
63,31,1
24,2,1
38,12,1
57,29,1
43,15,1
107,71,1
41,9,1
48,18,1
31,3,1
-253,50,0
24,2,1
32,6,1
55,23,1
31,3,1
28,2,1
59,35,1
-290,11,0
53,21,1
63,31,1
-301,2,0
49,25,1
-297,14,0
34,4,1
28,2,1
-292,9,0
39,15,1
38,8,1
27,3,1
56,30,1
30,4,1
42,28,1
25,1,1
41,9,1
91,83,1
55,23,1
57,25,1
37,5,1
37,5,1
42,36,1
32,6,1
35,7,1
28,2,1
25,1,1
27,3,1
-236,73,0
-300,5,0
-301,2,0
25,1,1
24,2,1
31,3,1
30,4,1
43,15,1
-295,8,0
-300,1,0
55,27,1
37,9,1
-297,2,0
-282,15,0
25,1,1
28,6,1
34,4,1
28,2,1
38,8,1
-279,24,0
25,1,1
45,17,1
32,6,1
33,5,1
64,34,1
31,3,1
32,6,1
36,10,1
-295,4,0
33,5,1
36,6,1
33,5,1
-293,10,0
-275,40,0
38,8,1
43,11,1
99,63,1
31,3,1
45,21,1
-273,38,0
63,23,1
35,7,1
57,21,1
43,15,1
39,7,1
25,1,1
37,9,1
41,9,1
-286,11,0
25,1,1
50,12,1
85,57,1
41,17,1
25,1,1
36,6,1
39,7,1
80,50,1
44,14,1
34,4,1
26,4,1
57,25,1
41,9,1
43,15,1
36,6,1
24,2,1
72,66,1
54,28,1
34,4,1
63,31,1
24,2,1
50,16,1
28,6,1
36,14,1
25,1,1
25,1,1
38,8,1
25,1,1
52,22,1
-290,7,0
31,3,1
35,7,1
81,69,1
-301,2,0
33,5,1
42,12,1
34,4,1
30,4,1
34,4,1
41,9,1
-287,20,0
-301,2,0
65,37,1
59,23,1
37,5,1
36,10,1
-304,5,0
40,10,1
48,18,1
-299,8,0
46,12,1
85,57,1
25,1,1
34,4,1
25,1,1
39,7,1
-288,9,0
40,14,1
45,9,1
36,6,1
61,29,1
46,12,1
76,42,1
77,37,1
41,9,1
34,12,1
44,10,1
41,9,1
46,28,1
33,5,1
37,13,1
34,8,1
47,11,1
-292,13,0
26,4,1
57,29,1
81,57,1
34,4,1
51,15,1
32,10,1
37,9,1
54,28,1
25,1,1
37,5,1
37,5,1
46,16,1
49,17,1
36,6,1
44,18,1
77,45,1
44,14,1
53,17,1
58,28,1
39,11,1
41,21,1
25,1,1
24,2,1
-297,6,0
58,16,1
31,7,1
-276,37,0
157,153,1
25,1,1
33,5,1
39,27,1
44,14,1
44,14,1
62,32,1
40,10,1
38,12,1
41,9,1
42,8,1
-299,4,0
54,20,1
35,7,1
47,15,1
34,4,1
31,3,1
87,55,1
53,21,1
31,3,1
-267,36,0
63,35,1
-300,13,0
25,1,1
44,26,1
33,5,1
39,7,1
38,8,1
-297,6,0
32,6,1
67,35,1
51,23,1
33,5,1
69,53,1
-269,42,0
35,7,1
-293,14,0
52,14,1
49,13,1
35,7,1
25,1,1
69,65,1
38,8,1
-300,1,0
30,4,1
32,6,1
28,2,1
37,5,1
32,6,1
51,31,1
28,2,1
43,11,1
25,1,1
25,1,1
67,23,1
73,29,1
44,14,1
25,1,1
35,7,1
76,42,1
28,2,1
37,5,1
-302,3,0
51,15,1
-285,22,0
25,1,1
56,30,1
25,1,1
60,34,1
34,8,1
-302,3,0
45,13,1
51,19,1
33,9,1
25,1,1
50,20,1
44,14,1
25,1,1
31,3,1
24,2,1
60,22,1
-285,22,0
36,6,1
-299,4,0
63,23,1
-268,29,0
63,27,1
28,2,1
67,39,1
41,13,1
40,14,1
58,20,1
49,17,1
44,10,1
47,19,1
52,18,1
40,14,1
38,8,1
24,2,1
31,3,1
60,42,1
25,1,1
25,1,1
25,1,1
-277,26,0
-293,6,0
81,49,1
-302,3,0
53,29,1
-301,2,0
59,19,1
44,10,1
56,26,1
28,2,1
37,5,1
33,9,1
42,8,1
31,3,1
34,8,1
-304,9,0
43,11,1
48,14,1
50,32,1
31,3,1
44,18,1
64,38,1
25,1,1
53,17,1
25,1,1
-269,42,0
-285,14,0
-291,12,0
-297,6,0
-300,1,0
42,8,1
46,12,1
69,29,1
34,8,1
-279,20,0
25,1,1
53,17,1
31,3,1
40,10,1
55,27,1
57,29,1
52,22,1
-290,11,0
44,14,1
47,19,1
-300,1,0
31,3,1
-283,16,0
39,7,1
49,21,1
58,52,1
58,32,1
51,19,1
25,1,1
43,11,1
51,15,1
67,39,1
27,3,1
38,8,1
28,2,1
25,1,1
35,7,1
-290,7,0
25,1,1
47,19,1
28,2,1
-290,11,0
-296,21,0
47,23,1
40,10,1
-298,3,0
30,4,1
51,27,1
63,31,1
-299,8,0
27,3,1
57,25,1
-295,4,0
54,28,1
54,16,1
48,18,1
28,6,1
28,2,1
24,2,1
37,9,1
52,14,1
31,3,1
52,30,1
43,15,1
35,7,1
-285,18,0
55,15,1
-268,33,0
-288,13,0
29,5,1
40,6,1
48,18,1
51,15,1
25,1,1
-260,45,0
-300,5,0
54,20,1
-291,8,0
-284,37,0
48,22,1
25,1,1
46,12,1
31,3,1
29,17,1
43,15,1
34,4,1
25,1,1
47,15,1
43,7,1
51,27,1
41,9,1
25,1,1
56,34,1
-299,20,0
28,2,1
33,5,1
26,4,1
36,6,1
39,7,1
-290,19,0
31,3,1
47,19,1
-278,35,0
-270,39,0
53,17,1
25,1,1
43,11,1
28,2,1
25,1,1
41,9,1
38,8,1
25,1,1
46,12,1
32,6,1
39,11,1
38,8,1
41,13,1
25,1,1
31,3,1
-285,18,0
58,32,1
35,7,1
42,8,1
36,10,1
40,10,1
40,6,1
32,6,1
37,5,1
46,12,1
30,4,1
25,1,1
46,20,1
-267,20,0
31,3,1
50,24,1
62,36,1
44,14,1
34,4,1
50,16,1
36,6,1
25,1,1
-274,27,0
52,10,1
27,3,1
41,9,1
32,6,1
41,17,1
50,12,1
-296,9,0
28,2,1
25,1,1
40,10,1
28,2,1
44,14,1
-286,19,0
25,1,1
44,10,1
-302,3,0
42,12,1
28,2,1
48,14,1
-296,21,0
24,2,1
63,27,1
44,10,1
63,27,1
46,12,1
64,22,1
42,12,1
47,19,1
63,23,1
61,29,1
41,25,1
27,3,1
48,14,1
25,1,1
56,26,1
33,5,1
24,2,1
25,1,1
60,30,1
48,18,1
80,46,1
-300,1,0
65,29,1
73,45,1
42,12,1
-291,32,0
44,10,1
27,3,1
39,7,1
47,11,1
-292,9,0
33,5,1
43,11,1
26,4,1
41,17,1
38,12,1
25,1,1
25,1,1
56,26,1
39,11,1
24,2,1
25,1,1
38,12,1
92,54,1
84,46,1
-228,61,0
52,26,1
31,3,1
39,7,1
-298,3,0
27,3,1
33,5,1
-276,13,0
-284,9,0
25,1,1
57,17,1
-264,49,0
76,38,1
25,1,1
25,1,1
-275,32,0
35,7,1
42,8,1
27,3,1
25,1,1
28,2,1
35,7,1
69,29,1
29,5,1
31,3,1
49,25,1
27,3,1
32,6,1
-293,6,0
25,1,1
54,20,1
-278,27,0
43,11,1
38,16,1
40,6,1
59,39,1
29,5,1
25,1,1
36,6,1
41,9,1
57,29,1
-281,18,0
30,4,1
24,2,1
63,31,1
36,6,1
-301,2,0
45,9,1
78,48,1
25,1,1
28,2,1
27,3,1
35,7,1
49,17,1
41,13,1
46,16,1
31,3,1
54,16,1
35,7,1
-290,11,0
34,4,1
25,1,1
41,9,1
34,4,1
41,13,1
-297,2,0
76,30,1
25,1,1
28,2,1
31,3,1
28,2,1
60,30,1
35,15,1
42,8,1
25,1,1
28,2,1
-294,3,0
25,1,1
28,2,1
45,17,1
33,5,1
-294,15,0
31,3,1
82,40,1
24,2,1
39,15,1
51,27,1
25,1,1
-300,1,0
-291,8,0
38,20,1
-286,19,0
-291,8,0
36,6,1
46,8,1
43,15,1
34,8,1
31,3,1
47,15,1
25,1,1
34,4,1
-277,30,0
25,1,1
38,8,1
50,20,1
25,1,1
25,1,1
59,35,1
47,19,1
38,8,1
34,4,1
35,7,1
36,14,1
25,1,1
47,11,1
-297,2,0
70,36,1
42,16,1
25,1,1
28,2,1
42,16,1
35,11,1
33,9,1
40,10,1
39,7,1
50,16,1
-301,2,0
33,9,1
32,6,1
31,3,1
52,22,1
62,32,1
24,2,1
24,2,1
-300,1,0
36,6,1
31,3,1
46,12,1
24,2,1
43,11,1
47,15,1
42,12,1
33,5,1
-278,43,0
25,1,1
25,1,1
28,2,1
28,2,1
32,6,1
38,8,1
30,4,1
39,15,1
30,4,1
-300,1,0
25,1,1
45,9,1
50,20,1
34,4,1
28,2,1
25,1,1
34,4,1
43,11,1
37,9,1
32,6,1
25,1,1
26,4,1
41,9,1
25,1,1
58,36,1
64,22,1
25,1,1
22,4,1
25,1,1
33,5,1
40,10,1
-297,2,0
-300,5,0
68,34,1
-288,5,0
-278,27,0
31,3,1
62,28,1
25,5,1
89,61,1
44,10,1
31,3,1
25,1,1
34,4,1
33,5,1
25,1,1
39,7,1
42,12,1
46,8,1
53,13,1
48,14,1
25,1,1
42,8,1
29,5,1
37,5,1
79,47,1
57,21,1
37,9,1
37,5,1
25,1,1
32,6,1
30,4,1
30,4,1
-299,4,0
25,1,1
43,23,1
45,13,1
25,1,1
25,1,1
34,4,1
80,54,1
32,6,1
-299,4,0
24,2,1
-291,4,0
25,1,1
34,8,1
31,3,1
24,2,1
38,8,1
30,4,1
36,6,1
53,21,1
-300,1,0
52,14,1
39,15,1
28,2,1
65,25,1
36,14,1
33,5,1
56,18,1
58,20,1
-278,43,0
28,2,1
48,18,1
45,13,1
39,7,1
24,2,1
32,6,1
53,29,1
-286,15,0
26,4,1
63,35,1
28,2,1
25,1,1
37,9,1
-294,11,0
49,21,1
73,45,1
25,1,1
82,48,1
-299,4,0
-285,10,0
57,29,1
34,12,1
43,11,1
57,25,1
52,18,1
29,5,1
39,11,1
73,41,1
28,2,1
28,2,1
55,27,1
140,138,1
24,2,1
25,1,1
27,3,1
52,10,1
25,1,1
-300,5,0
31,3,1
39,11,1
46,16,1
25,1,1
37,5,1
-283,16,0
28,2,1
42,12,1
-300,1,0
25,1,1
28,2,1
91,55,1
28,2,1
35,11,1
46,16,1
34,4,1
33,17,1
28,2,1
25,1,1
28,2,1
49,33,1
54,20,1
31,3,1
28,2,1
-295,4,0
77,37,1
49,21,1
24,2,1
31,3,1
62,24,1
32,22,1
27,3,1
57,29,1
-295,12,0
38,12,1
63,51,1
37,5,1
25,1,1
24,2,1
28,2,1
57,13,1
31,3,1
36,10,1
46,8,1
30,4,1
39,7,1
-261,42,0
37,9,1
59,39,1
-297,14,0
30,4,1
36,6,1
37,9,1
44,18,1
32,6,1
31,7,1
36,6,1
-290,7,0
-283,12,0
59,23,1
31,3,1
25,5,1
62,28,1
-284,21,0
44,10,1
34,4,1
-281,10,0
25,1,1
-300,9,0
48,14,1
47,15,1
43,11,1
36,10,1
33,5,1
-288,5,0
-296,5,0
25,1,1
48,54,1
35,7,1
-277,18,0
-275,16,0
-280,17,0
77,53,1
53,25,1
34,4,1
-289,6,0
43,15,1
28,2,1
-283,24,0
-300,1,0
34,4,1
33,5,1
64,30,1
44,14,1
45,13,1
56,30,1
34,12,1
37,9,1
31,3,1
34,4,1
-294,3,0
33,5,1
36,6,1
25,1,1
27,3,1
66,36,1
60,18,1
40,10,1
26,8,1
53,17,1
-298,3,0
81,45,1
28,2,1
25,1,1
31,3,1
-298,23,0
37,5,1
34,8,1
33,5,1
35,7,1
42,8,1
33,9,1
41,9,1
28,2,1
36,10,1
28,2,1
25,1,1
42,16,1
51,19,1
27,3,1
25,1,1
34,4,1
42,24,1
44,14,1
53,25,1
39,11,1
-284,17,0
24,2,1
25,1,1
33,5,1
27,3,1
38,12,1
33,5,1
-302,11,0
50,16,1
25,1,1
36,6,1
24,2,1
48,18,1
-283,8,0
28,2,1
37,9,1
51,19,1
35,7,1
54,28,1
32,14,1
34,4,1
33,5,1
44,14,1
-300,1,0
-278,19,0
48,18,1
30,4,1
30,4,1
30,4,1
52,30,1
33,5,1
46,24,1
25,1,1
70,48,1
75,39,1
41,9,1
-268,41,0
25,1,1
45,17,1
35,11,1
33,5,1
27,3,1
57,21,1
46,12,1
28,2,1
81,53,1
25,1,1
37,25,1
56,26,1
34,4,1
50,32,1
24,2,1
33,5,1
43,15,1
55,27,1
53,25,1
54,24,1
34,8,1
-298,3,0
25,1,1
41,9,1
24,2,1
28,2,1
28,2,1
25,1,1
31,3,1
33,5,1
34,4,1
33,5,1
45,17,1
57,29,1
25,1,1
56,22,1
45,25,1
36,6,1
99,95,1
-286,7,0
41,13,1
-298,3,0
42,8,1
78,72,1
28,2,1
58,28,1
47,23,1
35,7,1
45,9,1
24,2,1
-294,3,0
49,17,1
-302,3,0
25,1,1
32,6,1
57,25,1
-276,17,0
66,36,1
77,45,1
52,22,1
-236,61,0
40,10,1
41,9,1
34,4,1
73,49,1
34,4,1
-300,1,0
33,5,1
-298,7,0
-277,22,0
45,13,1
37,5,1
32,6,1
53,21,1
55,27,1
58,24,1
23,3,1
38,8,1
36,6,1
61,49,1
35,11,1
24,6,1
30,4,1
36,22,1
41,9,1
-271,20,0
31,3,1
31,3,1
53,17,1
-290,7,0
25,1,1
36,6,1
45,13,1
36,6,1
57,21,1
25,1,1
52,14,1
68,46,1
-294,7,0
36,6,1
28,2,1
25,1,1
24,2,1
31,3,1
52,22,1
-300,1,0
-300,1,0
-291,8,0
33,13,1
22,8,1
47,11,1
33,9,1
-291,12,0
25,1,1
28,6,1
-289,30,0
25,1,1
-300,1,0
32,6,1
37,17,1
31,3,1
25,1,1
72,42,1
41,9,1
45,13,1
28,2,1
25,1,1
40,6,1
28,2,1
35,7,1
38,12,1
-298,11,0
-276,29,0
43,15,1
64,34,1
66,36,1
25,1,1
24,2,1
25,1,1
62,24,1
36,6,1
36,6,1
28,2,1
25,1,1
32,6,1
25,1,1
-287,16,0
30,4,1
-300,1,0
34,8,1
64,26,1
36,6,1
36,10,1
33,5,1
46,32,1
29,5,1
79,43,1
69,37,1
27,3,1
30,4,1
45,13,1
75,35,1
-285,14,0
-239,80,0
25,1,1
53,25,1
25,1,1
39,11,1
38,8,1
41,13,1
20,6,1
-282,11,0
39,11,1
44,14,1
44,14,1
-297,2,0
50,12,1
31,3,1
44,10,1
48,18,1
38,8,1
55,31,1
69,41,1
-266,23,0
31,7,1
82,48,1
41,9,1
44,10,1
-289,6,0
31,3,1
48,18,1
31,3,1
37,5,1
66,44,1
25,1,1
36,6,1
31,3,1
-294,7,0
31,7,1
31,3,1
36,6,1
61,29,1
89,65,1
43,15,1
31,3,1
40,6,1
-298,7,0
37,13,1
36,10,1
34,4,1
-267,24,0
50,12,1
28,2,1
25,1,1
100,66,1
39,11,1
68,38,1
-274,23,0
-290,7,0
-288,21,0
26,4,1
-300,1,0
35,7,1
45,21,1
-300,1,0
25,1,1
34,4,1
28,2,1
-275,28,0
51,27,1
34,4,1
37,5,1
-301,2,0
-291,8,0
56,26,1
53,21,1
25,1,1
28,2,1
28,2,1
33,5,1
25,1,1
-300,1,0
69,37,1
25,1,1
37,5,1
25,1,1
-290,7,0
28,2,1
34,4,1
31,3,1
49,17,1
38,8,1
33,5,1
28,6,1
36,6,1
37,9,1
25,1,1
42,8,1
31,3,1
-296,17,0
40,10,1
28,2,1
-292,5,0
-296,9,0
58,24,1
38,8,1
43,7,1
25,1,1
45,13,1
38,8,1
25,1,1
30,4,1
-285,14,0
25,1,1
-282,23,0
33,9,1
36,6,1
58,24,1
-270,31,0
46,28,1
-280,17,0
56,26,1
63,43,1
-287,12,0
33,5,1
25,1,1
40,10,1
31,3,1
28,2,1
25,1,1
36,26,1
-298,3,0
31,3,1
25,1,1
55,27,1
40,10,1
41,17,1
34,4,1
24,2,1
37,5,1
52,22,1
55,31,1
35,7,1
40,10,1
-295,8,0
47,19,1
25,1,1
-287,16,0
55,35,1
-293,6,0
40,10,1
28,2,1
31,3,1
31,7,1
-294,3,0
25,1,1
-295,8,0
25,1,1
37,5,1
38,12,1
44,14,1
-288,9,0
34,8,1
51,19,1
43,11,1
36,6,1
-292,5,0
25,1,1
30,4,1
28,2,1
58,36,1
28,2,1
47,23,1
76,46,1
28,2,1
89,53,1
54,28,1
36,6,1
32,10,1
60,38,1
58,28,1
57,25,1
28,2,1
44,14,1
36,10,1
24,2,1
-287,8,0
-301,2,0
48,14,1
30,4,1
40,10,1
52,14,1
50,20,1
25,1,1
35,11,1
28,2,1
-304,5,0
36,6,1
90,64,1
34,4,1
-281,22,0
25,1,1
45,13,1
40,6,1
62,28,1
-296,5,0
25,1,1
27,3,1
24,2,1
28,2,1
-248,61,0
50,28,1
63,39,1
74,40,1
34,8,1
25,1,1
24,2,1
67,31,1
35,7,1
25,1,1
38,8,1
60,22,1
25,1,1
-300,1,0
42,12,1
44,14,1
28,2,1
33,5,1
24,2,1
31,3,1
32,6,1
60,22,1
46,12,1
40,6,1
37,9,1
41,9,1
25,1,1
48,18,1
25,1,1
42,16,1
33,5,1
-294,3,0
24,2,1
27,3,1
-296,9,0
27,3,1
30,4,1
51,15,1
37,9,1
38,8,1
72,30,1
33,5,1
41,17,1
-294,11,0
28,2,1
36,10,1
25,1,1
25,1,1
46,24,1
28,2,1
-287,8,0
41,17,1
25,1,1
24,2,1
49,9,1
59,39,1
-287,8,0
28,2,1
38,8,1
40,6,1
32,6,1
30,4,1
69,29,1
-294,3,0
25,1,1
24,2,1
26,4,1
37,13,1
69,29,1
33,5,1
95,63,1
52,18,1
-273,26,0
33,5,1
36,6,1
28,2,1
28,2,1
54,20,1
48,26,1
25,1,1
-285,42,0
-281,30,0
31,3,1
52,18,1
64,38,1
56,18,1
-271,20,0
28,2,1
-258,43,0
39,7,1
25,1,1
-291,4,0
46,16,1
24,2,1
34,4,1
57,21,1
51,19,1
55,23,1
76,58,1
27,3,1
28,2,1
31,3,1
28,2,1
24,2,1
54,20,1
24,2,1
43,11,1
27,3,1
37,5,1
44,14,1
37,9,1
42,12,1
-293,6,0
45,13,1
28,2,1
42,8,1
49,13,1
-295,12,0
38,12,1
49,17,1
25,1,1
-285,18,0
31,3,1
84,46,1
61,33,1
52,14,1
58,24,1
40,10,1
41,9,1
36,6,1
-288,21,0
63,35,1
43,15,1
-300,1,0
35,11,1
90,72,1
-303,4,0
31,3,1
49,17,1
41,9,1
39,7,1
49,13,1
37,5,1
57,21,1
25,1,1
31,3,1
35,7,1
31,3,1
46,12,1
33,5,1
44,14,1
42,20,1
46,20,1
43,15,1
27,3,1
42,8,1
30,4,1
42,12,1
31,3,1
88,66,1
-294,3,0
44,10,1
31,3,1
25,1,1
73,37,1
47,11,1
23,3,1
35,7,1
39,7,1
51,15,1
25,1,1
31,3,1
29,9,1
41,9,1
33,5,1
66,48,1
38,8,1
25,1,1
68,42,1
54,16,1
25,1,1
62,28,1
50,20,1
44,10,1
28,2,1
-301,2,0
40,10,1
30,4,1
33,5,1
31,3,1
68,34,1
31,3,1
64,30,1
39,15,1
39,7,1
25,1,1
44,14,1
43,15,1
30,4,1
53,17,1
31,3,1
41,13,1
56,18,1
24,2,1
40,18,1
27,3,1
39,7,1
39,7,1
47,15,1
32,6,1
-300,1,0
-304,5,0
30,20,1
73,37,1
25,1,1
-285,10,0
28,2,1
24,2,1
35,7,1
41,9,1
28,6,1
42,16,1
34,4,1
32,6,1
28,2,1
34,4,1
31,3,1
48,46,1
60,30,1
37,5,1
-295,4,0
28,2,1
128,110,1
44,14,1
-300,1,0
25,1,1
-298,3,0
35,7,1
25,1,1
45,21,1
25,1,1
38,8,1
71,31,1
55,27,1
30,4,1
78,60,1
65,33,1
31,3,1
25,1,1
28,2,1
28,2,1
31,3,1
52,22,1
36,10,1
-289,22,0
-300,1,0
-269,30,0
25,1,1
41,9,1
42,8,1
31,3,1
49,25,1
66,40,1
28,2,1
28,2,1
39,7,1
57,17,1
41,9,1
28,2,1
36,6,1
42,8,1
25,1,1
45,17,1
59,27,1
35,7,1
31,3,1
-300,1,0
-289,14,0
25,1,1
71,43,1
24,2,1
50,12,1
41,9,1
33,9,1
28,2,1
25,1,1
28,2,1
37,9,1
38,8,1
31,3,1
28,2,1
25,1,1
58,20,1
-291,12,0
46,20,1
52,14,1
34,4,1
37,5,1
53,25,1
-279,28,0
30,4,1
49,21,1
64,34,1
26,4,1
40,6,1
27,7,1
24,2,1
48,14,1
38,12,1
41,9,1
31,3,1
-290,15,0
-258,47,0
25,1,1
-289,14,0
25,1,1
-276,17,0
68,30,1
32,6,1
-271,40,0
32,6,1
77,53,1
50,16,1
30,4,1
-265,30,0
31,3,1
33,5,1
47,15,1
39,11,1
31,3,1
28,2,1
33,5,1
25,1,1
41,9,1
-282,27,0
43,7,1
31,7,1
25,1,1
-295,4,0
41,17,1
-286,7,0
49,9,1
34,8,1
35,7,1
39,7,1
58,36,1
33,5,1
24,2,1
113,89,1
65,45,1
28,2,1
-268,29,0
33,5,1
46,20,1
-290,15,0
31,7,1
27,3,1
40,6,1
41,17,1
25,1,1
31,3,1
25,1,1
28,2,1
25,1,1
26,4,1
40,18,1
42,8,1
46,12,1
56,18,1
48,22,1
69,37,1
31,3,1
32,6,1
44,18,1
75,59,1
39,11,1
55,19,1
48,18,1
-271,28,0
46,16,1
56,26,1
62,28,1
40,14,1
28,2,1
43,15,1
36,6,1
46,20,1
45,9,1
42,8,1
31,3,1
35,11,1
39,11,1
61,29,1
38,8,1
35,7,1
28,2,1
44,10,1
33,5,1
43,15,1
27,3,1
29,9,1
49,21,1
26,4,1
97,73,1
53,21,1
36,6,1
48,10,1
-277,30,0
50,24,1
35,7,1
51,23,1
-300,1,0
31,3,1
25,1,1
30,4,1
25,1,1
51,23,1
42,8,1
34,4,1
56,26,1
25,1,1
32,10,1
33,13,1
-297,2,0
-281,18,0
34,4,1
37,5,1
25,1,1
49,17,1
44,10,1
39,11,1
-299,16,0
25,1,1
-298,3,0
34,4,1
38,8,1
34,4,1
-301,2,0
58,20,1
40,6,1
40,14,1
51,19,1
25,1,1
80,42,1
78,60,1
28,6,1
25,1,1
62,24,1
25,1,1
108,86,1
33,5,1
35,7,1
31,3,1
25,1,1
28,2,1
25,1,1
28,2,1
35,7,1
67,31,1
25,1,1
34,4,1
25,1,1
41,13,1
49,21,1
39,11,1
25,1,1
40,10,1
36,6,1
25,1,1
49,17,1
25,1,1
-290,11,0
37,5,1
41,9,1
49,21,1
61,29,1
28,2,1
63,27,1
41,9,1
27,7,1
52,30,1
41,9,1
31,3,1
34,12,1
53,17,1
28,2,1
48,14,1
28,2,1
66,48,1
28,2,1
25,1,1
29,5,1
53,25,1
25,1,1
-285,14,0
35,7,1
-289,6,0
34,4,1
25,1,1
31,3,1
69,41,1
28,2,1
58,28,1
33,5,1
25,1,1
25,5,1
36,6,1
-298,3,0
25,1,1
36,6,1
40,10,1
38,12,1
36,6,1
30,4,1
-301,2,0
25,1,1
57,25,1
25,1,1
33,13,1
71,47,1
31,3,1
105,93,1
34,4,1
59,23,1
30,4,1
29,5,1
31,3,1
35,7,1
25,1,1
30,4,1
24,2,1
28,2,1
27,3,1
63,31,1
38,8,1
25,1,1
52,18,1
25,1,1
87,51,1
25,1,1
44,14,1
53,25,1
30,4,1
59,19,1
40,10,1
45,17,1
24,2,1
31,3,1
31,3,1
28,2,1
30,4,1
59,35,1
-289,6,0
39,11,1
25,1,1
42,12,1
39,15,1
28,2,1
-294,3,0
57,25,1
55,23,1
43,11,1
31,3,1
-299,4,0
61,37,1
46,12,1
25,1,1
24,2,1
32,6,1
37,5,1
28,2,1
28,2,1
30,4,1
-293,10,0
51,15,1
68,42,1
40,14,1
31,3,1
67,31,1
-294,7,0
46,8,1
48,14,1
42,12,1
47,15,1
25,1,1
37,9,1
25,1,1
-300,1,0
36,6,1
27,3,1
37,5,1
28,2,1
-301,6,0
49,17,1
31,3,1
36,6,1
43,15,1
25,1,1
37,9,1
59,23,1
-293,6,0
28,2,1
-294,3,0
42,12,1
29,5,1
-301,2,0
37,13,1
38,8,1
24,2,1
37,13,1
39,7,1
25,1,1
24,2,1
30,4,1
99,83,1
41,9,1
51,19,1
59,23,1
58,24,1
28,2,1
24,2,1
28,2,1
25,1,1
30,4,1
25,1,1
31,3,1
24,2,1
54,24,1
37,13,1
40,10,1
48,10,1
25,1,1
71,35,1
-292,29,0
25,1,1
26,4,1
55,23,1
24,2,1
29,5,1
25,1,1
25,1,1
27,3,1
25,1,1
42,8,1
25,1,1
33,5,1
-300,1,0
32,6,1
31,3,1
37,5,1
28,2,1
29,5,1
37,9,1
-287,12,0
63,31,1
-297,2,0
42,12,1
25,1,1
44,10,1
33,5,1
56,26,1
59,31,1
28,2,1
25,1,1
73,65,1
47,35,1
25,1,1
44,14,1
25,1,1
46,16,1
38,8,1
-290,7,0
42,12,1
-260,37,0
-297,2,0
24,2,1
82,64,1
-281,26,0
35,7,1
-266,39,0
-282,19,0
24,2,1
84,62,1
52,18,1
25,1,1
40,10,1
36,6,1
28,6,1
42,24,1
25,1,1
25,1,1
61,33,1
70,36,1
40,6,1
34,4,1
55,19,1
53,17,1
64,30,1
-295,12,0
24,2,1
92,62,1
28,2,1
53,17,1
25,1,1
40,14,1
34,8,1
37,5,1
31,3,1
46,12,1
-258,31,0
53,21,1
28,2,1
40,10,1
37,9,1
65,25,1
32,6,1
35,7,1
47,27,1
44,10,1
33,5,1
53,25,1
36,6,1
25,1,1
42,8,1
-300,1,0
43,7,1
-301,6,0
30,4,1
27,3,1
35,11,1
34,4,1
28,2,1
49,25,1
37,9,1
33,5,1
33,5,1
35,7,1
45,13,1
36,6,1
27,3,1
25,1,1
28,2,1
32,6,1
38,12,1
33,5,1
51,15,1
72,34,1
34,4,1
35,15,1
40,10,1
50,16,1
25,1,1
28,2,1
33,5,1
55,31,1
28,2,1
24,2,1
-288,21,0
56,22,1
45,13,1
73,41,1
62,28,1
27,3,1
30,4,1
25,1,1
57,25,1
72,66,1
36,10,1
25,1,1
35,7,1
31,3,1
29,5,1
59,31,1
52,18,1
40,6,1
31,3,1
35,15,1
37,5,1
24,2,1
41,9,1
52,18,1
25,1,1
45,17,1
82,44,1
35,7,1
34,4,1
51,15,1
23,3,1
-278,23,0
25,1,1
43,15,1
35,7,1
42,12,1
28,2,1
-284,13,0
34,4,1
25,1,1
47,19,1
37,9,1
25,1,1
44,14,1
35,7,1
49,13,1
35,7,1
31,3,1
47,11,1
32,6,1
39,7,1
-299,4,0
43,23,1
28,2,1
-301,2,0
45,9,1
54,20,1
25,1,1
-289,14,0
61,25,1
82,56,1
64,26,1
25,1,1
25,1,1
40,6,1
28,2,1
-280,13,0
28,2,1
46,16,1
45,13,1
40,14,1
85,53,1
28,2,1
-292,9,0
34,4,1
-294,7,0
113,101,1
31,3,1
32,6,1
44,10,1
47,11,1
47,19,1
68,34,1
34,4,1
28,2,1
-300,5,0
42,8,1
48,14,1
45,13,1
70,56,1
41,9,1
25,1,1
43,11,1
40,10,1
45,13,1
24,2,1
54,12,1
41,13,1
24,2,1
-302,7,0
47,15,1
28,2,1
67,39,1
28,2,1
24,2,1
100,74,1
55,27,1
34,4,1
34,12,1
76,46,1
35,7,1
29,5,1
-309,26,0
36,6,1
25,1,1
32,10,1
25,1,1
-293,18,0
28,2,1
-259,52,0
25,1,1
82,60,1
53,25,1
31,3,1
48,22,1
31,3,1
34,8,1
39,11,1
36,6,1
38,8,1
45,17,1
-282,15,0
61,37,1
103,67,1
25,1,1
28,2,1
24,2,1
42,8,1
52,22,1
48,18,1
62,24,1
53,13,1
37,9,1
37,5,1
28,2,1
-300,1,0
46,12,1
30,4,1
25,1,1
54,56,1
52,14,1
49,21,1
46,24,1
52,22,1
35,7,1
68,50,1
24,2,1
41,9,1
-282,19,0
36,6,1
32,6,1
31,3,1
31,3,1
37,5,1
81,73,1
47,15,1
42,16,1
54,16,1
42,12,1
46,16,1
-281,10,0
-272,29,0
34,4,1
31,7,1
30,4,1
43,15,1
28,2,1
44,14,1
33,5,1
-298,3,0
104,118,1
25,1,1
76,66,1
34,4,1
34,4,1
-301,2,0
66,28,1
24,2,1
37,5,1
35,7,1
42,12,1
42,12,1
39,7,1
57,29,1
55,15,1
30,4,1
-292,13,0
46,12,1
31,3,1
32,6,1
25,1,1
75,43,1
34,4,1
45,21,1
48,26,1
56,26,1
31,3,1
47,15,1
-289,14,0
88,58,1
47,11,1
24,2,1
28,2,1
37,5,1
24,2,1
-294,23,0
53,17,1
43,27,1
42,8,1
49,21,1
55,39,1
34,4,1
24,2,1
74,44,1
25,1,1
25,1,1
68,30,1
31,3,1
25,1,1
44,10,1
31,15,1
-287,20,0
46,8,1
43,11,1
35,7,1
-299,4,0
40,6,1
43,15,1
-301,2,0
38,8,1
61,25,1
25,1,1
53,17,1
42,16,1
55,19,1
61,25,1
-297,2,0
25,1,1
31,3,1
31,3,1
25,1,1
51,11,1
49,13,1
-286,19,0
53,21,1
33,5,1
68,54,1
53,25,1
67,31,1
28,2,1
34,4,1
58,16,1
-300,1,0
30,4,1
36,6,1
44,10,1
63,27,1
26,4,1
37,5,1
25,1,1
36,6,1
25,1,1
29,13,1
50,16,1
25,1,1
43,7,1
34,4,1
77,45,1
60,30,1
36,6,1
24,2,1
41,13,1
25,1,1
25,1,1
62,36,1
25,1,1
33,5,1
-294,3,0
25,1,1
31,3,1
80,42,1
58,52,1
54,16,1
30,4,1
34,4,1
98,64,1
32,6,1
49,25,1
38,12,1
63,39,1
-284,17,0
33,5,1
31,3,1
52,14,1
72,34,1
33,9,1
56,34,1
24,2,1
74,36,1
45,13,1
25,1,1
37,9,1
67,31,1
25,1,1
50,24,1
48,14,1
59,27,1
31,3,1
52,14,1
-288,17,0
36,6,1
25,1,1
-300,1,0
60,18,1
41,9,1
55,23,1
42,12,1
30,4,1
88,54,1
30,4,1
63,31,1
31,7,1
44,10,1
-270,31,0
30,8,1
39,7,1
37,17,1
-293,10,0
31,3,1
30,4,1
45,13,1
-246,67,0
36,6,1
37,13,1
50,20,1
28,2,1
53,17,1
25,1,1
-287,16,0
25,1,1
36,6,1
102,68,1
28,2,1
43,15,1
-279,20,0
-275,36,0
44,10,1
33,5,1
30,4,1
72,34,1
57,17,1
62,32,1
37,9,1
31,3,1
28,2,1
31,11,1
35,7,1
68,30,1
36,6,1
25,1,1
33,5,1
37,5,1
63,27,1
50,16,1
33,5,1
71,51,1
33,5,1
31,3,1
91,59,1
25,1,1
25,1,1
31,3,1
63,23,1
34,8,1
44,18,1
37,9,1
27,15,1
46,12,1
28,2,1
29,41,1
37,5,1
50,12,1
41,9,1
60,22,1
24,2,1
52,14,1
30,4,1
33,5,1
49,21,1
25,1,1
50,12,1
-289,14,0
27,3,1
48,26,1
33,5,1
36,6,1
44,10,1
44,14,1
37,5,1
106,72,1
25,1,1
24,2,1
25,1,1
-283,20,0
43,15,1
56,18,1
50,20,1
-284,21,0
68,34,1
-290,7,0
28,2,1
61,29,1
-299,4,0
34,4,1
69,41,1
37,9,1
36,6,1
49,21,1
44,18,1
-280,13,0
-280,17,0
41,9,1
103,75,1
41,9,1
30,4,1
27,3,1
47,15,1
25,1,1
25,1,1
28,2,1
25,1,1
25,1,1
25,1,1
31,3,1
46,16,1
60,26,1
44,18,1
-278,19,0
27,3,1
