-321,22,0
-309,10,0
-333,34,0
-327,28,0
23,3,1
-314,15,0
-300,1,0
-301,2,0
11,15,1
-431,132,0
-342,43,0
-303,4,0
-304,5,0
19,7,1
-305,6,0
7,19,1
-3,29,1
4,22,1
-32,58,1
-322,23,0
-321,22,0
-332,33,0
-309,10,0
-341,42,0
-114,140,1
-23,49,1
24,2,1
-300,1,0
-342,43,0
-326,27,0
25,1,1
-337,38,0
-314,15,0
-24,50,1
-307,8,0
0,26,1
-301,2,0
-406,107,0
11,15,1
-13,39,1
13,13,1
-336,37,0
-309,10,0
5,21,1
-345,46,0
23,3,1
-340,41,0
18,8,1
23,3,1
-318,19,0
-316,17,0
-22,48,1
-25,51,1
-324,25,0
-96,122,1
-300,1,0
-300,1,0
-351,52,0
-2,28,1
19,7,1
-318,19,0
21,5,1
-412,113,0
-308,9,0
-307,8,0
-346,47,0
-406,107,0
-323,24,0
-368,69,0
20,6,1
17,9,1
25,1,1
-348,49,0
-306,7,0
8,18,1
-302,3,0
-16,42,1
25,1,1
-316,17,0
-5,31,1
-300,1,0
-380,81,0
-354,55,0
10,16,1
-8,34,1
25,1,1
-305,6,0
-305,6,0
15,11,1
-321,22,0
-403,104,0
-305,6,0
25,1,1
-320,21,0
-332,33,0
-306,7,0
-403,104,0
12,14,1
-306,7,0
-356,57,0
-301,2,0
-305,6,0
-316,17,0
-322,23,0
-399,100,0
-17,43,1
25,1,1
-335,36,0
12,14,1
-300,1,0
-315,16,0
-300,1,0
25,1,1
-300,1,0
-30,56,1
-301,2,0
-27,53,1
-367,68,0
-305,6,0
-303,4,0
-407,108,0
-319,20,0
-351,52,0
-338,39,0
-312,13,0
-312,13,0
-303,4,0
12,14,1
-300,1,0
-45,71,1
-5,31,1
-334,35,0
24,2,1
-337,38,0
23,3,1
23,3,1
-302,3,0
-305,6,0
-155,181,1
19,7,1
-309,10,0
-314,15,0
25,1,1
22,4,1
24,2,1
-385,86,0
-331,32,0
6,20,1
-311,12,0
25,1,1
-323,24,0
-302,3,0
-300,1,0
-305,6,0
-305,6,0
12,14,1
-307,8,0
-301,2,0
-387,88,0
-320,21,0
-320,21,0
-5,31,1
12,14,1
-5,31,1
-303,4,0
24,2,1
25,1,1
-325,26,0
-3,29,1
-48,74,1
-360,61,0
24,2,1
25,1,1
-312,13,0
-401,102,0
12,14,1
1,25,1
-307,8,0
-2,28,1
-308,9,0
-183,209,1
1,25,1
-11,37,1
-337,38,0
-353,54,0
-336,37,0
-331,32,0
8,18,1
22,4,1
-321,22,0
-377,78,0
-302,3,0
-306,7,0
20,6,1
-316,17,0
14,12,1
-317,18,0
-310,11,0
-315,16,0
25,1,1
-6,32,1
-346,47,0
-135,161,1
-465,166,0
-307,8,0
-374,75,0
9,17,1
-6,32,1
25,1,1
-329,30,0
-302,3,0
23,3,1
-334,35,0
-339,40,0
24,2,1
6,20,1
-322,23,0
-310,11,0
-4,30,1
-301,2,0
-300,1,0
-353,54,0
25,1,1
-307,8,0
6,20,1
-387,88,0
-325,26,0
-502,203,0
-300,1,0
-326,27,0
-343,44,0
-103,129,1
-312,13,0
6,20,1
-382,83,0
4,22,1
25,1,1
-310,11,0
-380,81,0
-315,16,0
7,19,1
5,21,1
-384,85,0
-313,14,0
-328,29,0
-339,40,0
23,3,1
25,1,1
24,2,1
18,8,1
-307,8,0
-301,2,0
-309,10,0
11,15,1
20,6,1
-23,49,1
-385,86,0
-305,6,0
-313,14,0
-45,71,1
-335,36,0
-41,67,1
-315,16,0
-358,59,0
-308,9,0
3,23,1
-302,3,0
-322,23,0
-300,1,0
-300,1,0
-1,27,1
9,17,1
-337,38,0
25,1,1
-330,31,0
-350,51,0
25,1,1
-336,37,0
3,23,1
25,1,1
-48,74,1
-338,39,0
18,8,1
-330,31,0
-312,13,0
25,1,1
-28,54,1
-370,71,0
-12,38,1
-353,54,0
-309,10,0
-300,1,0
-16,42,1
-16,42,1
-61,87,1
-466,167,0
-341,42,0
-326,27,0
25,1,1
-17,43,1
-363,64,0
24,2,1
-43,69,1
-316,17,0
-308,9,0
-23,49,1
-46,72,1
4,22,1
-13,39,1
-302,3,0
-15,41,1
-306,7,0
-422,123,0
18,8,1
-312,13,0
-314,15,0
25,1,1
-25,51,1
-306,7,0
-32,58,1
3,23,1
-305,6,0
-305,6,0
-319,20,0
1,25,1
-301,2,0
-304,5,0
19,7,1
-35,61,1
-55,81,1
-1,27,1
-20,46,1
-15,41,1
-303,4,0
-314,15,0
21,5,1
-303,4,0
24,2,1
25,1,1
-330,31,0
-305,6,0
-185,211,1
-4,30,1
-304,5,0
17,9,1
10,16,1
-302,3,0
-321,22,0
-312,13,0
16,10,1
14,12,1
-307,8,0
-308,9,0
-311,12,0
22,4,1
-398,99,0
-409,110,0
-373,74,0
14,12,1
-304,5,0
-307,8,0
-303,4,0
-368,69,0
-389,90,0
25,1,1
-58,84,1
-324,25,0
-318,19,0
-358,59,0
-343,44,0
25,1,1
-363,64,0
-315,16,0
-322,23,0
14,12,1
-331,32,0
18,8,1
-322,23,0
5,21,1
-312,13,0
-300,1,0
6,20,1
23,3,1
18,8,1
-28,54,1
-313,14,0
14,12,1
-302,3,0
-10,36,1
-300,1,0
-29,55,1
-303,4,0
-343,44,0
11,15,1
13,13,1
-336,37,0
-363,64,0
-381,82,0
-359,60,0
-3,29,1
-302,3,0
-318,19,0
-318,19,0
-372,73,0
-312,13,0
-355,56,0
-402,103,0
-331,32,0
-31,57,1
-115,141,1
-310,11,0
-308,9,0
-317,18,0
-310,11,0
25,1,1
-370,71,0
5,21,1
-8,34,1
24,2,1
-1,27,1
-303,4,0
-311,12,0
-312,13,0
-320,21,0
-301,2,0
-328,29,0
12,14,1
22,4,1
-27,53,1
24,2,1
-307,8,0
-359,60,0
-306,7,0
15,11,1
-392,93,0
-300,1,0
-14,40,1
14,12,1
-304,5,0
-313,14,0
23,3,1
-308,9,0
-331,32,0
12,14,1
-333,34,0
-29,55,1
19,7,1
-320,21,0
14,12,1
20,6,1
-13,39,1
-365,66,0
-300,1,0
25,1,1
-309,10,0
-312,13,0
-15,41,1
-3,29,1
-375,76,0
-497,198,0
-312,13,0
-300,1,0
-52,78,1
-318,19,0
17,9,1
-468,169,0
-313,14,0
-398,99,0
9,17,1
-348,49,0
-15,41,1
8,18,1
-306,7,0
-187,213,1
-300,1,0
-302,3,0
-391,92,0
-313,14,0
-16,42,1
25,1,1
0,26,1
-300,1,0
-337,38,0
9,17,1
16,10,1
-343,44,0
-302,3,0
-37,63,1
13,13,1
22,4,1
-306,7,0
-384,85,0
20,6,1
-300,1,0
24,2,1
14,12,1
-453,154,0
-349,50,0
24,2,1
-353,54,0
-2,28,1
9,17,1
-301,2,0
0,26,1
-339,40,0
-300,1,0
-300,1,0
-1,27,1
-347,48,0
24,2,1
24,2,1
-30,56,1
-336,37,0
22,4,1
24,2,1
-13,39,1
14,12,1
-364,65,0
-326,27,0
25,1,1
-390,91,0
-4,30,1
-302,3,0
-305,6,0
25,1,1
-364,65,0
-306,7,0
-339,40,0
-304,5,0
9,17,1
25,1,1
-364,65,0
-445,146,0
21,5,1
22,4,1
20,6,1
-303,4,0
-426,127,0
-340,41,0
-306,7,0
-303,4,0
-307,8,0
-314,15,0
-310,11,0
-322,23,0
-309,10,0
-318,19,0
-360,61,0
-300,1,0
25,1,1
-300,1,0
-303,4,0
5,21,1
-317,18,0
-314,15,0
12,14,1
-2,28,1
-334,35,0
-401,102,0
-301,2,0
-347,48,0
-385,86,0
-318,19,0
-38,64,1
-346,47,0
-359,60,0
18,8,1
-314,15,0
25,1,1
-333,34,0
-340,41,0
-307,8,0
25,1,1
-322,23,0
-347,48,0
-334,35,0
-302,3,0
-69,95,1
-300,1,0
25,1,1
24,2,1
-310,11,0
-308,9,0
24,2,1
25,1,1
-369,70,0
9,17,1
25,1,1
20,6,1
23,3,1
-35,61,1
-57,83,1
15,11,1
-305,6,0
-329,30,0
-366,67,0
-301,2,0
22,4,1
-307,8,0
-407,108,0
-302,3,0
-308,9,0
25,1,1
-352,53,0
-300,1,0
-3,29,1
25,1,1
-347,48,0
-309,10,0
-30,56,1
25,1,1
-349,50,0
-306,7,0
-310,11,0
21,5,1
25,1,1
-323,24,0
24,2,1
-316,17,0
-324,25,0
25,1,1
-389,90,0
-34,60,1
-301,2,0
-306,7,0
-395,96,0
-306,7,0
-31,57,1
-28,54,1
13,13,1
-316,17,0
15,11,1
-337,38,0
-49,75,1
18,8,1
-315,16,0
-508,209,0
-50,76,1
19,7,1
-310,11,0
19,7,1
6,20,1
-423,124,0
24,2,1
25,1,1
-312,13,0
20,6,1
25,1,1
9,17,1
-308,9,0
-77,103,1
-310,11,0
25,1,1
-379,80,0
-328,29,0
25,1,1
-327,28,0
-1,27,1
-311,12,0
-332,33,0
13,13,1
-449,150,0
-312,13,0
-384,85,0
10,16,1
-373,74,0
-301,2,0
-33,59,1
-368,69,0
-26,52,1
-366,67,0
13,13,1
-27,53,1
-319,20,0
6,20,1
-317,18,0
1,25,1
25,1,1
-47,73,1
-320,21,0
-15,41,1
-11,37,1
25,1,1
-305,6,0
-303,4,0
-342,43,0
-63,89,1
19,7,1
-598,299,0
21,5,1
-325,26,0
25,1,1
-315,16,0
-334,35,0
23,3,1
-311,12,0
-301,2,0
-19,45,1
-310,11,0
25,1,1
25,1,1
-317,18,0
24,2,1
-376,77,0
-339,40,0
-344,45,0
-394,95,0
25,1,1
-321,22,0
-306,7,0
-1,27,1
24,2,1
-322,23,0
-326,27,0
-306,7,0
-310,11,0
14,12,1
14,12,1
21,5,1
20,6,1
22,4,1
-20,46,1
-308,9,0
23,3,1
-304,5,0
10,16,1
-319,20,0
-391,92,0
25,1,1
25,1,1
-324,25,0
-338,39,0
23,3,1
-305,6,0
24,2,1
25,1,1
-306,7,0
13,13,1
-319,20,0
-471,172,0
22,4,1
-314,15,0
20,6,1
-318,19,0
-43,69,1
-300,1,0
21,5,1
-315,16,0
-324,25,0
-370,71,0
-367,68,0
6,20,1
17,9,1
-320,21,0
21,5,1
-329,30,0
-43,69,1
-306,7,0
-301,2,0
-408,109,0
-26,52,1
-363,64,0
-301,2,0
-384,85,0
4,22,1
0,26,1
-305,6,0
-322,23,0
-307,8,0
22,4,1
-323,24,0
-309,10,0
-305,6,0
-331,32,0
-353,54,0
-341,42,0
-342,43,0
17,9,1
18,8,1
20,6,1
24,2,1
-422,123,0
23,3,1
17,9,1
-328,29,0
-304,5,0
-341,42,0
-442,143,0
-306,7,0
-310,11,0
24,2,1
25,1,1
-304,5,0
-357,58,0
6,20,1
21,5,1
-311,12,0
-355,56,0
25,1,1
-418,119,0
-309,10,0
-332,33,0
-338,39,0
-397,98,0
25,1,1
-315,16,0
-301,2,0
10,16,1
-346,47,0
3,23,1
13,13,1
23,3,1
-341,42,0
24,2,1
25,1,1
-315,16,0
-10,36,1
-22,48,1
18,8,1
-39,65,1
18,8,1
-303,4,0
-313,14,0
-300,1,0
12,14,1
-303,4,0
17,9,1
-34,60,1
-306,7,0
-302,3,0
25,1,1
-19,45,1
24,2,1
-315,16,0
-350,51,0
17,9,1
-303,4,0
22,4,1
-348,49,0
-306,7,0
24,2,1
-381,82,0
25,1,1
-1,27,1
25,1,1
-477,178,0
-338,39,0
23,3,1
-300,1,0
-300,1,0
-316,17,0
9,17,1
-336,37,0
18,8,1
22,4,1
-169,195,1
25,1,1
-350,51,0
-326,27,0
-18,44,1
-302,3,0
-350,51,0
-300,1,0
-532,233,0
-340,41,0
-340,41,0
-302,3,0
23,3,1
-339,40,0
-367,68,0
-306,7,0
-332,33,0
-312,13,0
22,4,1
-366,67,0
-300,1,0
-371,72,0
-303,4,0
22,4,1
-317,18,0
-315,16,0
-311,12,0
-118,144,1
23,3,1
25,1,1
3,23,1
11,15,1
-78,104,1
24,2,1
-357,58,0
-41,67,1
-327,28,0
-330,31,0
25,1,1
-386,87,0
24,2,1
-303,4,0
24,2,1
25,1,1
-425,126,0
-302,3,0
-328,29,0
4,22,1
-366,67,0
24,2,1
-332,33,0
-314,15,0
-352,53,0
-320,21,0
-335,36,0
12,14,1
24,2,1
-15,41,1
25,1,1
-376,77,0
-22,48,1
0,26,1
-37,63,1
-302,3,0
25,1,1
-330,31,0
-307,8,0
23,3,1
-468,169,0
-300,1,0
-305,6,0
-310,11,0
-308,9,0
-436,137,0
-337,38,0
-302,3,0
25,1,1
-312,13,0
-11,37,1
-300,1,0
23,3,1
25,1,1
-321,22,0
3,23,1
21,5,1
6,20,1
25,1,1
23,3,1
-303,4,0
-335,36,0
-304,5,0
-323,24,0
-329,30,0
-377,78,0
-331,32,0
12,14,1
-302,3,0
-22,48,1
-388,89,0
-360,61,0
-317,18,0
-9,35,1
-377,78,0
-322,23,0
-324,25,0
-5,31,1
-477,178,0
20,6,1
-3,29,1
23,3,1
-354,55,0
-58,84,1
25,1,1
22,4,1
-303,4,0
-301,2,0
-425,126,0
24,2,1
-330,31,0
-359,60,0
-337,38,0
-340,41,0
-302,3,0
-436,137,0
-5,31,1
-332,33,0
24,2,1
-304,5,0
-338,39,0
-12,38,1
-313,14,0
-307,8,0
-301,2,0
24,2,1
-318,19,0
-14,40,1
25,1,1
-313,14,0
-344,45,0
-300,1,0
-361,62,0
-306,7,0
20,6,1
-333,34,0
-39,65,1
25,1,1
-11,37,1
-304,5,0
23,3,1
-62,88,1
-306,7,0
-327,28,0
-118,144,1
-312,13,0
24,2,1
-304,5,0
-344,45,0
12,14,1
-322,23,0
-40,66,1
-5,31,1
-312,13,0
-309,10,0
-391,92,0
-342,43,0
22,4,1
-314,15,0
-400,101,0
-321,22,0
-337,38,0
-371,72,0
-354,55,0
-312,13,0
-323,24,0
-303,4,0
-74,100,1
19,7,1
25,1,1
-327,28,0
-320,21,0
-1,27,1
24,2,1
-362,63,0
-300,1,0
-329,30,0
-323,24,0
-303,4,0
-345,46,0
23,3,1
25,1,1
-341,42,0
-1,27,1
-315,16,0
-308,9,0
25,1,1
-301,2,0
-321,22,0
23,3,1
25,1,1
-34,60,1
-328,29,0
7,19,1
-309,10,0
25,1,1
-358,59,0
-6,32,1
-44,70,1
12,14,1
25,1,1
-308,9,0
-470,171,0
-301,2,0
19,7,1
-333,34,0
-373,74,0
25,1,1
-6,32,1
-330,31,0
24,2,1
4,22,1
25,1,1
-300,1,0
-303,4,0
21,5,1
-347,48,0
-302,3,0
25,1,1
25,1,1
24,2,1
-321,22,0
25,1,1
-302,3,0
25,1,1
-300,1,0
18,8,1
-300,1,0
-303,4,0
-326,27,0
-376,77,0
-314,15,0
21,5,1
-315,16,0
-300,1,0
-385,86,0
-303,4,0
14,12,1
-16,42,1
16,10,1
-307,8,0
-102,128,1
-301,2,0
9,17,1
-357,58,0
20,6,1
21,5,1
-306,7,0
-342,43,0
-66,92,1
-326,27,0
-336,37,0
25,1,1
23,3,1
-333,34,0
25,1,1
-40,66,1
-322,23,0
-303,4,0
-75,101,1
-337,38,0
-5,31,1
-314,15,0
-313,14,0
-405,106,0
-451,152,0
-328,29,0
2,24,1
-363,64,0
-355,56,0
22,4,1
24,2,1
-302,3,0
25,1,1
-317,18,0
-38,64,1
-361,62,0
-56,82,1
3,23,1
23,3,1
11,15,1
-309,10,0
24,2,1
18,8,1
-300,1,0
22,4,1
-453,154,0
-64,90,1
-310,11,0
19,7,1
8,18,1
11,15,1
-322,23,0
21,5,1
-307,8,0
-352,53,0
-310,11,0
13,13,1
21,5,1
-308,9,0
10,16,1
-311,12,0
14,12,1
-300,1,0
-416,117,0
21,5,1
-300,1,0
-302,3,0
-382,83,0
5,21,1
-313,14,0
24,2,1
-303,4,0
22,4,1
25,1,1
17,9,1
18,8,1
-308,9,0
-413,114,0
-336,37,0
25,1,1
-10,36,1
-310,11,0
14,12,1
-350,51,0
8,18,1
-310,11,0
-311,12,0
15,11,1
-315,16,0
22,4,1
-24,50,1
-13,39,1
-9,35,1
-9,35,1
-307,8,0
-334,35,0
-311,12,0
-338,39,0
-13,39,1
-308,9,0
11,15,1
-113,139,1
-6,32,1
-310,11,0
-321,22,0
-314,15,0
18,8,1
17,9,1
14,12,1
24,2,1
24,2,1
22,4,1
-308,9,0
-307,8,0
24,2,1
-322,23,0
24,2,1
-364,65,0
-207,233,1
11,15,1
-322,23,0
-328,29,0
24,2,1
-302,3,0
-333,34,0
-306,7,0
3,23,1
-314,15,0
12,14,1
-305,6,0
-311,12,0
-24,50,1
-368,69,0
25,1,1
-300,1,0
-304,5,0
-347,48,0
25,1,1
-29,55,1
25,1,1
-339,40,0
25,1,1
-405,106,0
-301,2,0
19,7,1
-303,4,0
25,1,1
-304,5,0
-399,100,0
24,2,1
16,10,1
-16,42,1
22,4,1
-319,20,0
-338,39,0
-16,42,1
-319,20,0
24,2,1
-346,47,0
-300,1,0
20,6,1
-14,40,1
24,2,1
-108,134,1
4,22,1
-328,29,0
-18,44,1
-308,9,0
-328,29,0
12,14,1
-357,58,0
-334,35,0
24,2,1
-305,6,0
9,17,1
21,5,1
-305,6,0
-300,1,0
-346,47,0
25,1,1
10,16,1
4,22,1
25,1,1
11,15,1
-345,46,0
21,5,1
-342,43,0
-351,52,0
-312,13,0
-329,30,0
-421,122,0
25,1,1
21,5,1
-300,1,0
-12,38,1
20,6,1
-302,3,0
-1,27,1
1,25,1
-317,18,0
19,7,1
-16,42,1
-328,29,0
-347,48,0
25,1,1
-13,39,1
-5,31,1
4,22,1
25,1,1
-339,40,0
-345,46,0
-337,38,0
-329,30,0
-306,7,0
11,15,1
3,23,1
14,12,1
-317,18,0
16,10,1
-301,2,0
-77,103,1
-301,2,0
-300,1,0
-211,237,1
-320,21,0
-317,18,0
-302,3,0
-301,2,0
-307,8,0
-542,243,0
-307,8,0
-317,18,0
-2,28,1
-330,31,0
-3,29,1
-327,28,0
-313,14,0
-335,36,0
-329,30,0
-303,4,0
20,6,1
-317,18,0
21,5,1
-57,83,1
-7,33,1
17,9,1
8,18,1
12,14,1
-301,2,0
23,3,1
-343,44,0
17,9,1
6,20,1
-322,23,0
-335,36,0
25,1,1
-317,18,0
-317,18,0
19,7,1
-307,8,0
24,2,1
-328,29,0
-318,19,0
-65,91,1
20,6,1
-40,66,1
-309,10,0
17,9,1
17,9,1
24,2,1
-345,46,0
-310,11,0
-436,137,0
-307,8,0
-451,152,0
-300,1,0
19,7,1
-342,43,0
-300,1,0
-312,13,0
-319,20,0
-336,37,0
11,15,1
25,1,1
-348,49,0
8,18,1
-382,83,0
-89,115,1
22,4,1
11,15,1
14,12,1
-314,15,0
-305,6,0
-311,12,0
-315,16,0
-300,1,0
21,5,1
-315,16,0
25,1,1
16,10,1
-305,6,0
20,6,1
17,9,1
-319,20,0
-346,47,0
-302,3,0
12,14,1
-423,124,0
-301,2,0
-313,14,0
-321,22,0
13,13,1
-301,2,0
23,3,1
16,10,1
25,1,1
4,22,1
-324,25,0
-48,74,1
17,9,1
20,6,1
-52,78,1
-24,50,1
-342,43,0
7,19,1
18,8,1
-305,6,0
14,12,1
-311,12,0
-302,3,0
-315,16,0
17,9,1
-337,38,0
-13,39,1
-360,61,0
17,9,1
-318,19,0
-329,30,0
-308,9,0
-307,8,0
25,1,1
-334,35,0
25,1,1
-317,18,0
-301,2,0
24,2,1
15,11,1
-315,16,0
20,6,1
-305,6,0
-316,17,0
25,1,1
-408,109,0
-314,15,0
-329,30,0
-26,52,1
-321,22,0
24,2,1
-367,68,0
-307,8,0
20,6,1
-317,18,0
25,1,1
-351,52,0
15,11,1
21,5,1
6,20,1
-350,51,0
-411,112,0
25,1,1
-22,48,1
-368,69,0
17,9,1
17,9,1
-315,16,0
24,2,1
-313,14,0
19,7,1
0,26,1
-319,20,0
-335,36,0
4,22,1
-323,24,0
-386,87,0
-300,1,0
1,25,1
25,1,1
-350,51,0
-300,1,0
21,5,1
-300,1,0
-340,41,0
-448,149,0
23,3,1
-4,30,1
-27,53,1
-313,14,0
-310,11,0
-307,8,0
-349,50,0
-6,32,1
-30,56,1
-305,6,0
24,2,1
-301,2,0
-319,20,0
-1,27,1
-306,7,0
-312,13,0
10,16,1
-334,35,0
-362,63,0
-336,37,0
-82,108,1
7,19,1
24,2,1
-378,79,0
-312,13,0
-329,30,0
-341,42,0
25,1,1
-1,27,1
-319,20,0
-82,108,1
-44,70,1
17,9,1
-302,3,0
11,15,1
24,2,1
-321,22,0
-300,1,0
4,22,1
-311,12,0
-335,36,0
-328,29,0
-300,1,0
25,1,1
-318,19,0
-41,67,1
-304,5,0
-324,25,0
-26,52,1
-38,64,1
12,14,1
-307,8,0
-474,175,0
25,1,1
-370,71,0
16,10,1
25,1,1
-302,3,0
-303,4,0
-402,103,0
20,6,1
-303,4,0
15,11,1
-325,26,0
24,2,1
-24,50,1
-313,14,0
-389,90,0
-351,52,0
8,18,1
-305,6,0
-308,9,0
23,3,1
-419,120,0
13,13,1
-355,56,0
-345,46,0
8,18,1
-317,18,0
24,2,1
21,5,1
-316,17,0
-305,6,0
-20,46,1
16,10,1
16,10,1
-311,12,0
13,13,1
-429,130,0
8,18,1
-407,108,0
25,1,1
21,5,1
-317,18,0
-321,22,0
-313,14,0
-348,49,0
-314,15,0
-345,46,0
-313,14,0
-305,6,0
1,25,1
-318,19,0
-425,126,0
-336,37,0
-303,4,0
25,1,1
-312,13,0
20,6,1
23,3,1
-329,30,0
24,2,1
-314,15,0
-364,65,0
25,1,1
-330,31,0
-29,55,1
20,6,1
-326,27,0
-316,17,0
5,21,1
21,5,1
18,8,1
-314,15,0
-320,21,0
-316,17,0
22,4,1
-324,25,0
-10,36,1
20,6,1
-301,2,0
-354,55,0
-329,30,0
-302,3,0
12,14,1
11,15,1
-317,18,0
-320,21,0
25,1,1
-331,32,0
-326,27,0
-343,44,0
23,3,1
-335,36,0
-363,64,0
-300,1,0
-314,15,0
13,13,1
4,22,1
20,6,1
-305,6,0
22,4,1
23,3,1
2,24,1
23,3,1
-336,37,0
-392,93,0
19,7,1
25,1,1
22,4,1
-374,75,0
25,1,1
25,1,1
-300,1,0
11,15,1
-22,48,1
25,1,1
-323,24,0
-399,100,0
-42,68,1
-364,65,0
-1,27,1
-313,14,0
-490,191,0
-437,138,0
-324,25,0
9,17,1
24,2,1
-317,18,0
-329,30,0
5,21,1
-302,3,0
25,1,1
-355,56,0
25,1,1
-300,1,0
-302,3,0
25,1,1
-323,24,0
6,20,1
21,5,1
-346,47,0
-300,1,0
-303,4,0
4,22,1
-322,23,0
-304,5,0
25,1,1
20,6,1
20,6,1
18,8,1
-306,7,0
-315,16,0
-361,62,0
25,1,1
-12,38,1
-326,27,0
21,5,1
-319,20,0
-326,27,0
-327,28,0
10,16,1
17,9,1
-309,10,0
24,2,1
-23,49,1
-378,79,0
-15,41,1
25,1,1
24,2,1
0,26,1
19,7,1
-13,39,1
-540,241,0
-357,58,0
-9,35,1
-386,87,0
-47,73,1
-74,100,1
15,11,1
-342,43,0
-339,40,0
-323,24,0
-354,55,0
-312,13,0
23,3,1
-323,24,0
-319,20,0
-387,88,0
23,3,1
-303,4,0
25,1,1
-324,25,0
-99,125,1
-309,10,0
-319,20,0
25,1,1
-395,96,0
-310,11,0
-303,4,0
-300,1,0
-309,10,0
-300,1,0
11,15,1
10,16,1
-320,21,0
8,18,1
25,1,1
24,2,1
20,6,1
9,17,1
0,26,1
25,1,1
24,2,1
15,11,1
-306,7,0
-304,5,0
-303,4,0
9,17,1
25,1,1
-16,42,1
-20,46,1
-305,6,0
-42,68,1
8,18,1
-350,51,0
-308,9,0
0,26,1
22,4,1
25,1,1
-312,13,0
-338,39,0
23,3,1
-320,21,0
20,6,1
-301,2,0
24,2,1
20,6,1
-305,6,0
22,4,1
21,5,1
-342,43,0
-307,8,0
-302,3,0
-311,12,0
25,1,1
6,20,1
-317,18,0
-3,29,1
-324,25,0
-347,48,0
-12,38,1
-352,53,0
-356,57,0
-315,16,0
18,8,1
-300,1,0
-17,43,1
-306,7,0
-115,141,1
23,3,1
-383,84,0
25,1,1
24,2,1
-303,4,0
4,22,1
19,7,1
25,1,1
25,1,1
-3,29,1
-379,80,0
17,9,1
-406,107,0
-310,11,0
-300,1,0
-330,31,0
-4,30,1
-336,37,0
-317,18,0
-358,59,0
-352,53,0
-40,66,1
-14,40,1
-15,41,1
25,1,1
-315,16,0
-373,74,0
23,3,1
20,6,1
-307,8,0
18,8,1
25,1,1
-357,58,0
4,22,1
-40,66,1
23,3,1
-302,3,0
-310,11,0
-303,4,0
-317,18,0
24,2,1
25,1,1
12,14,1
22,4,1
-380,81,0
-430,131,0
21,5,1
-334,35,0
-302,3,0
-63,89,1
17,9,1
-27,53,1
-14,40,1
-305,6,0
-307,8,0
-25,51,1
-374,75,0
-312,13,0
-329,30,0
-324,350,1
22,4,1
-300,1,0
-305,6,0
-326,27,0
24,2,1
-17,43,1
-156,182,1
-307,8,0
-301,2,0
-300,1,0
24,2,1
-341,42,0
24,2,1
-300,1,0
-335,36,0
-320,21,0
16,10,1
-302,3,0
20,6,1
-29,55,1
-358,59,0
-27,53,1
-5,31,1
21,5,1
12,14,1
-41,67,1
-325,26,0
22,4,1
7,19,1
-50,76,1
23,3,1
9,17,1
-333,34,0
14,12,1
-421,122,0
-331,32,0
-333,34,0
-346,47,0
-26,52,1
-300,1,0
0,26,1
-326,27,0
-320,21,0
-332,33,0
13,13,1
-17,43,1
23,3,1
-13,39,1
-351,52,0
-568,269,0
-347,48,0
-307,8,0
25,1,1
23,3,1
14,12,1
-124,150,1
24,2,1
-314,15,0
-305,6,0
24,2,1
-46,72,1
19,7,1
-326,27,0
-341,42,0
-335,36,0
-322,23,0
-338,39,0
-317,18,0
-308,9,0
-338,39,0
-344,45,0
-24,50,1
23,3,1
-319,20,0
-337,38,0
-11,37,1
-315,16,0
-318,19,0
16,10,1
-323,24,0
24,2,1
8,18,1
25,1,1
-325,26,0
-334,35,0
-87,113,1
-306,7,0
-13,39,1
25,1,1
25,1,1
25,1,1
-408,109,0
19,7,1
-301,2,0
-310,11,0
24,2,1
25,1,1
25,1,1
-347,48,0
-304,5,0
24,2,1
16,10,1
-301,2,0
23,3,1
24,2,1
-81,107,1
25,1,1
-321,22,0
-351,52,0
-13,39,1
-350,51,0
24,2,1
-1,27,1
-344,45,0
-361,62,0
-316,17,0
-8,34,1
-301,2,0
-313,14,0
25,1,1
-67,93,1
25,1,1
14,12,1
8,18,1
-40,66,1
22,4,1
12,14,1
5,21,1
24,2,1
-312,13,0
-54,80,1
23,3,1
25,1,1
-312,13,0
24,2,1
-361,62,0
-358,59,0
23,3,1
-328,29,0
-325,26,0
-332,33,0
-38,64,1
-317,18,0
24,2,1
-340,41,0
25,1,1
-432,133,0
25,1,1
21,5,1
-12,38,1
-55,81,1
-309,10,0
-119,145,1
-501,202,0
24,2,1
-312,13,0
-384,85,0
-67,93,1
25,1,1
-387,88,0
-300,1,0
-360,61,0
25,1,1
-303,4,0
22,4,1
-315,16,0
15,11,1
18,8,1
-300,1,0
-339,40,0
-327,28,0
19,7,1
25,1,1
-150,176,1
23,3,1
-315,16,0
17,9,1
21,5,1
-309,10,0
25,1,1
-329,30,0
25,1,1
24,2,1
-22,48,1
-425,126,0
3,23,1
-326,27,0
19,7,1
16,10,1
-300,1,0
-3,29,1
-54,80,1
-314,15,0
-322,23,0
-326,27,0
19,7,1
22,4,1
25,1,1
11,15,1
-49,75,1
-458,159,0
-323,24,0
-324,25,0
-303,4,0
23,3,1
15,11,1
24,2,1
-332,33,0
15,11,1
-300,1,0
25,1,1
-318,19,0
-304,5,0
19,7,1
-11,37,1
-319,20,0
-36,62,1
22,4,1
21,5,1
-318,19,0
20,6,1
-7,33,1
-1,27,1
-412,113,0
-434,135,0
21,5,1
22,4,1
-1,27,1
18,8,1
-349,50,0
2,24,1
-300,1,0
-304,5,0
-314,15,0
-75,101,1
-301,2,0
-318,19,0
-327,28,0
-17,43,1
-32,58,1
19,7,1
23,3,1
25,1,1
-365,66,0
-301,2,0
-304,5,0
5,21,1
-5,31,1
-400,101,0
-323,24,0
-409,110,0
-430,131,0
8,18,1
-300,1,0
22,4,1
-304,5,0
16,10,1
12,14,1
-22,48,1
-307,8,0
-89,115,1
-46,72,1
1,25,1
21,5,1
7,19,1
-15,41,1
25,1,1
10,16,1
-17,43,1
-337,38,0
-323,24,0
15,11,1
-3,29,1
25,1,1
2,24,1
20,6,1
6,20,1
-307,8,0
-23,49,1
6,20,1
-311,12,0
24,2,1
-326,27,0
-331,32,0
-5,31,1
-305,6,0
-3,29,1
-305,6,0
-9,35,1
-28,54,1
-352,53,0
-38,64,1
-359,60,0
-6,32,1
-366,67,0
-302,3,0
-15,41,1
-300,1,0
-341,42,0
25,1,1
0,26,1
8,18,1
3,23,1
23,3,1
24,2,1
25,1,1
4,22,1
-306,7,0
25,1,1
-312,13,0
-300,1,0
19,7,1
-369,70,0
-337,38,0
3,23,1
5,21,1
-71,97,1
-355,56,0
-49,75,1
-314,15,0
-304,5,0
25,1,1
-303,4,0
-361,62,0
-306,7,0
-345,46,0
-301,2,0
-106,132,1
-327,28,0
-301,2,0
-1,27,1
-318,19,0
25,1,1
-12,38,1
18,8,1
12,14,1
19,7,1
16,10,1
-6,32,1
-23,49,1
-300,1,0
25,1,1
-320,21,0
-304,5,0
-321,22,0
-316,17,0
6,20,1
22,4,1
-383,84,0
-378,79,0
-303,4,0
2,24,1
22,4,1
-301,2,0
-309,10,0
20,6,1
13,13,1
-310,11,0
24,2,1
25,1,1
18,8,1
-300,1,0
10,16,1
14,12,1
23,3,1
-420,121,0
-456,157,0
-318,19,0
-7,33,1
-324,25,0
-327,28,0
19,7,1
25,1,1
15,11,1
18,8,1
-315,16,0
-377,78,0
-303,4,0
-318,19,0
6,20,1
-328,29,0
-320,21,0
-378,79,0
-15,41,1
24,2,1
-310,11,0
-300,1,0
-7,33,1
24,2,1
-359,60,0
25,1,1
-336,37,0
-387,88,0
-300,1,0
24,2,1
-312,13,0
-22,48,1
-346,47,0
-310,11,0
-355,56,0
12,14,1
-3,29,1
-306,7,0
12,14,1
-26,52,1
-300,1,0
-300,1,0
-335,36,0
25,1,1
-28,54,1
11,15,1
-312,13,0
-17,43,1
-313,14,0
-86,112,1
-301,2,0
-38,64,1
-327,28,0
-423,124,0
-20,46,1
-306,7,0
-321,22,0
-361,62,0
-322,23,0
-25,51,1
25,1,1
-336,37,0
23,3,1
14,12,1
-1,27,1
-90,116,1
-328,29,0
13,13,1
-368,69,0
3,23,1
24,2,1
17,9,1
-311,12,0
-304,5,0
24,2,1
22,4,1
25,1,1
24,2,1
4,22,1
-316,17,0
-8,34,1
-320,21,0
-1,27,1
-330,31,0
-160,186,1
20,6,1
-32,58,1
-9,35,1
-335,36,0
24,2,1
24,2,1
-328,29,0
-318,19,0
-4,30,1
-8,34,1
-301,2,0
-302,3,0
20,6,1
-304,5,0
-301,2,0
-7,33,1
-300,1,0
-378,79,0
-302,3,0
-325,26,0
23,3,1
1,25,1
-5,31,1
-1,27,1
23,3,1
22,4,1
24,2,1
-388,89,0
-332,33,0
-323,24,0
6,20,1
-342,43,0
25,1,1
-309,10,0
-404,105,0
-372,73,0
19,7,1
-370,71,0
-335,36,0
22,4,1
16,10,1
-383,84,0
17,9,1
-5,31,1
-2,28,1
23,3,1
25,1,1
-303,4,0
-302,3,0
-304,5,0
-313,14,0
-315,16,0
-306,7,0
-5,31,1
-307,8,0
24,2,1
-307,8,0
22,4,1
-388,89,0
25,1,1
15,11,1
-3,29,1
-38,64,1
25,1,1
12,14,1
-350,51,0
-8,34,1
4,22,1
24,2,1
17,9,1
25,1,1
24,2,1
-309,10,0
23,3,1
13,13,1
23,3,1
-312,13,0
-417,118,0
25,1,1
-335,36,0
-316,17,0
14,12,1
-313,14,0
19,7,1
-375,76,0
-306,7,0
5,21,1
-27,53,1
-10,36,1
-317,18,0
-301,2,0
-301,2,0
25,1,1
22,4,1
-361,62,0
-14,40,1
-376,77,0
17,9,1
-112,138,1
-305,6,0
-306,7,0
3,23,1
25,1,1
-302,3,0
-300,1,0
-2,28,1
-376,77,0
22,4,1
-316,17,0
-310,11,0
-332,33,0
24,2,1
-302,3,0
24,2,1
-323,24,0
3,23,1
-420,121,0
16,10,1
25,1,1
-376,77,0
4,22,1
-300,1,0
14,12,1
-376,77,0
-315,16,0
14,12,1
25,1,1
25,1,1
-426,127,0
21,5,1
-303,4,0
-307,8,0
-20,46,1
25,1,1
25,1,1
-8,34,1
-3,29,1
24,2,1
-31,57,1
-363,64,0
-306,7,0
-311,12,0
-337,38,0
-428,129,0
-313,14,0
-21,47,1
-4,30,1
-319,20,0
-338,39,0
-126,152,1
-304,5,0
-325,26,0
-301,2,0
-305,6,0
2,24,1
-343,44,0
-355,56,0
20,6,1
-52,78,1
1,25,1
14,12,1
-315,16,0
-390,91,0
-331,32,0
-329,30,0
25,1,1
6,20,1
-302,3,0
-380,81,0
19,7,1
-300,1,0
-134,160,1
24,2,1
-305,6,0
-54,80,1
20,6,1
21,5,1
-6,32,1
-306,7,0
-13,39,1
-309,10,0
19,7,1
24,2,1
25,1,1
7,19,1
25,1,1
22,4,1
-9,35,1
-311,12,0
21,5,1
-14,40,1
-446,147,0
25,1,1
-60,86,1
24,2,1
-17,43,1
25,1,1
-7,33,1
-300,1,0
-9,35,1
-338,39,0
24,2,1
-302,3,0
-30,56,1
-358,59,0
25,1,1
17,9,1
24,2,1
-32,58,1
-330,31,0
25,1,1
-418,119,0
-351,52,0
24,2,1
25,1,1
14,12,1
-300,1,0
25,1,1
25,1,1
-302,3,0
11,15,1
-395,96,0
25,1,1
25,1,1
-117,143,1
18,8,1
-339,40,0
-30,56,1
-323,24,0
9,17,1
-304,5,0
25,1,1
5,21,1
-82,108,1
-302,3,0
14,12,1
24,2,1
25,1,1
-14,40,1
12,14,1
-436,137,0
25,1,1
-20,46,1
-315,16,0
21,5,1
25,1,1
20,6,1
-302,3,0
20,6,1
17,9,1
-430,131,0
25,1,1
25,1,1
23,3,1
25,1,1
22,4,1
21,5,1
-304,5,0
-314,15,0
-344,45,0
22,4,1
-323,24,0
-301,2,0
-306,7,0
-362,63,0
-30,56,1
-309,10,0
-1,27,1
15,11,1
17,9,1
25,1,1
-316,17,0
-348,49,0
-303,4,0
-307,8,0
25,1,1
-410,111,0
-312,13,0
-403,104,0
-46,72,1
22,4,1
-307,8,0
24,2,1
17,9,1
-362,63,0
-307,8,0
-344,45,0
18,8,1
25,1,1
1,25,1
24,2,1
25,1,1
-337,38,0
20,6,1
-309,10,0
18,8,1
-303,4,0
17,9,1
-320,21,0
-459,160,0
-303,4,0
18,8,1
-35,61,1
-348,49,0
12,14,1
-314,15,0
-304,5,0
25,1,1
21,5,1
24,2,1
-302,3,0
-24,50,1
-303,4,0
-324,25,0
8,18,1
25,1,1
6,20,1
14,12,1
4,22,1
-403,104,0
-319,20,0
-352,53,0
-381,82,0
20,6,1
-378,79,0
-301,2,0
4,22,1
22,4,1
-315,16,0
25,1,1
-301,2,0
25,1,1
23,3,1
18,8,1
-5,31,1
-363,64,0
15,11,1
25,1,1
-363,64,0
-365,66,0
-333,34,0
12,14,1
21,5,1
11,15,1
19,7,1
-338,39,0
-306,7,0
-304,5,0
-310,11,0
-85,111,1
-426,127,0
-361,62,0
-325,26,0
-300,1,0
24,2,1
25,1,1
14,12,1
24,2,1
8,18,1
-35,61,1
-489,190,0
-387,88,0
-345,46,0
-303,4,0
25,1,1
-305,6,0
22,4,1
-300,1,0
0,26,1
24,2,1
6,20,1
25,1,1
25,1,1
-302,3,0
-375,76,0
-301,2,0
-4,30,1
25,1,1
-309,10,0
-52,78,1
-345,46,0
-314,15,0
16,10,1
18,8,1
25,1,1
25,1,1
-305,6,0
25,1,1
-47,73,1
25,1,1
-310,11,0
-305,6,0
-21,47,1
-352,53,0
-315,16,0
16,10,1
-334,35,0
-305,6,0
-300,1,0
-301,2,0
-303,4,0
-306,7,0
-303,4,0
25,1,1
-302,3,0
-300,1,0
-348,49,0
10,16,1
23,3,1
1,25,1
22,4,1
-300,1,0
-61,87,1
-300,1,0
-37,63,1
-308,9,0
-29,55,1
4,22,1
-304,5,0
-325,26,0
13,13,1
-313,14,0
-323,24,0
6,20,1
22,4,1
-392,93,0
22,4,1
25,1,1
23,3,1
3,23,1
24,2,1
-306,7,0
-62,88,1
-354,55,0
-362,63,0
23,3,1
-308,9,0
24,2,1
-303,4,0
7,19,1
-314,15,0
-370,71,0
-316,17,0
0,26,1
-347,48,0
15,11,1
6,20,1
25,1,1
25,1,1
25,1,1
-382,83,0
24,2,1
22,4,1
8,18,1
-303,4,0
-320,21,0
-372,73,0
-339,40,0
10,16,1
-21,47,1
13,13,1
3,23,1
-307,8,0
-305,6,0
-36,62,1
-301,2,0
17,9,1
17,9,1
-300,1,0
25,1,1
13,13,1
-45,71,1
-340,41,0
-11,37,1
-5,31,1
-22,48,1
-2,28,1
-17,43,1
-30,56,1
-307,8,0
21,5,1
-301,2,0
-308,9,0
24,2,1
20,6,1
-305,6,0
-314,15,0
19,7,1
5,21,1
-407,108,0
-30,56,1
-336,37,0
-343,44,0
18,8,1
-49,75,1
-329,30,0
25,1,1
-5,31,1
-309,10,0
-321,22,0
25,1,1
21,5,1
-26,52,1
-300,1,0
-301,2,0
25,1,1
-59,85,1
-302,3,0
-336,37,0
-339,40,0
10,16,1
24,2,1
24,2,1
-319,20,0
13,13,1
8,18,1
-306,7,0
25,1,1
13,13,1
3,23,1
25,1,1
-320,21,0
22,4,1
15,11,1
-331,32,0
-367,68,0
-306,7,0
-310,11,0
22,4,1
10,16,1
21,5,1
-352,53,0
-315,16,0
20,6,1
-365,66,0
-332,33,0
-315,16,0
-378,79,0
-325,26,0
-22,48,1
-326,27,0
-396,97,0
-305,6,0
-310,11,0
25,1,1
-333,34,0
25,1,1
-306,7,0
-301,2,0
-331,32,0
-13,39,1
-333,34,0
-315,16,0
-300,1,0
-315,16,0
-28,54,1
-28,54,1
-320,21,0
-8,34,1
25,1,1
-356,57,0
-322,23,0
-301,2,0
-74,100,1
-301,2,0
-300,1,0
4,22,1
-343,44,0
16,10,1
25,1,1
18,8,1
-80,106,1
-300,1,0
-52,78,1
-349,50,0
-329,30,0
11,15,1
-317,18,0
-382,83,0
-302,3,0
-302,3,0
-169,195,1
-41,67,1
25,1,1
21,5,1
-308,9,0
24,2,1
24,2,1
-307,8,0
-329,30,0
-360,61,0
-105,131,1
25,1,1
22,4,1
-326,27,0
-317,18,0
25,1,1
25,1,1
-430,131,0
-34,60,1
-372,73,0
-302,3,0
23,3,1
-300,1,0
1,25,1
25,1,1
25,1,1
-348,49,0
-60,86,1
-310,11,0
-129,155,1
16,10,1
-13,39,1
19,7,1
0,26,1
14,12,1
-305,6,0
-319,20,0
-5,31,1
-13,39,1
18,8,1
24,2,1
-305,6,0
-300,1,0
15,11,1
25,1,1
-302,3,0
24,2,1
-425,126,0
23,3,1
-302,3,0
-397,98,0
-311,12,0
21,5,1
18,8,1
25,1,1
-354,55,0
-1,27,1
-1,27,1
-328,29,0
-10,36,1
-365,66,0
-342,43,0
24,2,1
-97,123,1
-304,5,0
-18,44,1
-327,28,0
-23,49,1
-317,18,0
-322,23,0
-323,24,0
25,1,1
-346,47,0
15,11,1
25,1,1
7,19,1
13,13,1
8,18,1
-308,9,0
-311,12,0
-300,1,0
-3,29,1
14,12,1
13,13,1
23,3,1
-38,64,1
-312,13,0
11,15,1
-301,2,0
25,1,1
-119,145,1
-468,169,0
14,12,1
-319,20,0
25,1,1
25,1,1
9,17,1
-14,40,1
-300,1,0
13,13,1
20,6,1
-303,4,0
25,1,1
14,12,1
7,19,1
-16,42,1
21,5,1
-306,7,0
-300,1,0
25,1,1
22,4,1
-332,33,0
-315,16,0
-300,1,0
-347,48,0
-302,3,0
-510,211,0
-360,61,0
-302,3,0
-309,10,0
-25,51,1
-38,64,1
-19,45,1
-326,27,0
-319,20,0
17,9,1
-383,84,0
-305,6,0
-300,1,0
-338,39,0
22,4,1
25,1,1
25,1,1
25,1,1
25,1,1
19,7,1
-11,37,1
-303,4,0
-390,91,0
-319,20,0
25,1,1
-320,21,0
-306,7,0
-2,28,1
-3,29,1
-14,40,1
22,4,1
23,3,1
16,10,1
-332,33,0
11,15,1
-385,86,0
-379,80,0
22,4,1
-319,20,0
-35,61,1
-11,37,1
-360,61,0
-354,55,0
5,21,1
-303,4,0
-17,43,1
-406,107,0
-360,61,0
25,1,1
-15,41,1
21,5,1
-405,106,0
-306,7,0
24,2,1
-301,2,0
-377,78,0
-311,12,0
25,1,1
-13,39,1
-372,73,0
-358,59,0
-314,15,0
-304,5,0
13,13,1
25,1,1
25,1,1
-308,9,0
25,1,1
-312,13,0
-18,44,1
-4,30,1
-364,65,0
-341,42,0
-60,86,1
24,2,1
-309,10,0
-305,6,0
-341,42,0
25,1,1
-304,5,0
-99,125,1
-361,62,0
25,1,1
16,10,1
23,3,1
19,7,1
-3,29,1
-304,5,0
22,4,1
-314,15,0
-10,36,1
-108,134,1
-19,45,1
25,1,1
-377,78,0
16,10,1
-386,87,0
20,6,1
-312,13,0
-18,44,1
-305,6,0
-392,93,0
13,13,1
20,6,1
-344,45,0
22,4,1
-304,5,0
-324,25,0
-361,62,0
-321,22,0
-308,9,0
-33,59,1
19,7,1
16,10,1
-34,60,1
-305,6,0
15,11,1
-324,25,0
-300,1,0
-397,98,0
-30,56,1
-373,74,0
24,2,1
-305,6,0
11,15,1
5,21,1
21,5,1
23,3,1
-334,35,0
22,4,1
25,1,1
21,5,1
-300,1,0
-328,29,0
25,1,1
-302,3,0
23,3,1
-309,10,0
-7,33,1
-302,3,0
-388,89,0
-305,6,0
-319,20,0
-324,25,0
25,1,1
21,5,1
-322,23,0
-45,71,1
21,5,1
4,22,1
-366,67,0
-314,15,0
22,4,1
-303,4,0
-304,5,0
20,6,1
-300,1,0
17,9,1
-416,117,0
-348,49,0
25,1,1
22,4,1
17,9,1
-94,120,1
-170,196,1
4,22,1
22,4,1
21,5,1
24,2,1
-28,54,1
7,19,1
-311,12,0
-11,37,1
24,2,1
5,21,1
-317,18,0
-352,53,0
25,1,1
-21,47,1
24,2,1
25,1,1
-350,51,0
23,3,1
-324,25,0
-318,19,0
-319,20,0
25,1,1
-86,112,1
-69,95,1
23,3,1
15,11,1
9,17,1
25,1,1
4,22,1
-340,41,0
-323,24,0
25,1,1
-311,12,0
-358,59,0
-35,61,1
-312,13,0
-167,193,1
-61,87,1
25,1,1
-302,3,0
-353,54,0
-310,11,0
-19,45,1
-345,46,0
-11,37,1
-300,1,0
-310,11,0
18,8,1
-2,28,1
-314,15,0
-32,58,1
-428,129,0
2,24,1
25,1,1
1,25,1
24,2,1
-317,18,0
-305,6,0
24,2,1
-303,4,0
22,4,1
22,4,1
25,1,1
23,3,1
22,4,1
19,7,1
-305,6,0
14,12,1
25,1,1
25,1,1
-300,1,0
-328,29,0
-300,1,0
-306,7,0
18,8,1
-325,26,0
-306,7,0
-14,40,1
25,1,1
-87,113,1
24,2,1
-304,5,0
25,1,1
-81,107,1
-302,3,0
18,8,1
-303,4,0
25,1,1
25,1,1
6,20,1
-420,121,0
20,6,1
-313,14,0
23,3,1
2,24,1
-388,89,0
-302,3,0
25,1,1
-5,31,1
-308,9,0
25,1,1
-312,13,0
24,2,1
-336,37,0
-313,14,0
-53,79,1
-55,81,1
19,7,1
17,9,1
21,5,1
-351,52,0
-326,27,0
25,1,1
25,1,1
10,16,1
22,4,1
21,5,1
23,3,1
-302,3,0
-14,40,1
6,20,1
-309,10,0
-311,12,0
-396,97,0
24,2,1
-1,27,1
24,2,1
-349,50,0
7,19,1
-23,49,1
-312,13,0
21,5,1
-306,7,0
-22,48,1
25,1,1
21,5,1
25,1,1
-309,10,0
-302,3,0
18,8,1
-345,46,0
15,11,1
-318,19,0
-2,28,1
15,11,1
-323,24,0
16,10,1
25,1,1
-10,36,1
-391,92,0
-40,66,1
19,7,1
-40,66,1
-300,1,0
-6,32,1
-300,1,0
-12,38,1
25,1,1
18,8,1
-129,155,1
5,21,1
-81,107,1
-322,23,0
24,2,1
-9,35,1
-303,4,0
13,13,1
-334,35,0
21,5,1
17,9,1
-314,15,0
-306,7,0
-50,76,1
-310,11,0
25,1,1
-36,62,1
-45,71,1
-354,55,0
12,14,1
-383,84,0
-26,52,1
-333,34,0
-300,1,0
-387,88,0
-303,4,0
-11,37,1
-306,7,0
11,15,1
8,18,1
-402,103,0
25,1,1
-48,74,1
-396,97,0
20,6,1
16,10,1
17,9,1
4,22,1
23,3,1
15,11,1
25,1,1
19,7,1
-21,47,1
25,1,1
12,14,1
-12,38,1
-313,14,0
-368,69,0
-349,50,0
-57,83,1
-365,66,0
20,6,1
25,1,1
-48,74,1
-320,21,0
-334,35,0
8,18,1
-2,28,1
-308,9,0
-329,30,0
-10,36,1
-56,82,1
16,10,1
23,3,1
-309,10,0
-302,3,0
-315,16,0
-341,42,0
24,2,1
-2,28,1
-301,2,0
-10,36,1
-32,58,1
-311,12,0
25,1,1
-343,44,0
25,1,1
-303,4,0
5,21,1
21,5,1
-6,32,1
-310,11,0
25,1,1
25,1,1
18,8,1
-130,156,1
-230,256,1
-325,26,0
-373,74,0
-300,1,0
-322,23,0
-3,29,1
24,2,1
-306,7,0
21,5,1
-310,11,0
-317,18,0
-430,131,0
22,4,1
-310,11,0
-355,56,0
25,1,1
24,2,1
-5,31,1
-310,11,0
24,2,1
-347,48,0
-303,4,0
24,2,1
-308,9,0
13,13,1
-357,58,0
-330,31,0
-301,2,0
25,1,1
-342,43,0
-314,15,0
8,18,1
-390,91,0
19,7,1
-447,148,0
-343,44,0
-2,28,1
-18,44,1
-300,1,0
-42,68,1
23,3,1
-326,27,0
22,4,1
14,12,1
-4,30,1
-339,40,0
-301,2,0
-472,173,0
-301,2,0
15,11,1
-3,29,1
10,16,1
10,16,1
18,8,1
12,14,1
-345,46,0
-301,2,0
23,3,1
-351,52,0
-302,3,0
21,5,1
18,8,1
16,10,1
-354,55,0
6,20,1
-307,8,0
-324,25,0
17,9,1
19,7,1
10,16,1
-76,102,1
-356,57,0
6,20,1
22,4,1
16,10,1
16,10,1
13,13,1
1,25,1
6,20,1
-2,28,1
-353,54,0
-383,84,0
-318,19,0
-312,13,0
-330,31,0
22,4,1
-318,19,0
-151,177,1
-29,55,1
-40,66,1
0,26,1
9,17,1
21,5,1
-436,137,0
-326,27,0
-145,171,1
-353,54,0
23,3,1
10,16,1
-315,16,0
-329,30,0
15,11,1
-307,8,0
22,4,1
-303,4,0
-305,6,0
-316,17,0
-2,28,1
-333,34,0
7,19,1
-307,8,0
-351,52,0
22,4,1
-308,9,0
-29,55,1
-481,182,0
24,2,1
-324,25,0
-377,78,0
22,4,1
25,1,1
19,7,1
23,3,1
19,7,1
-316,17,0
-315,16,0
-325,26,0
16,10,1
-95,121,1
-32,58,1
-300,1,0
-314,15,0
-483,184,0
-369,70,0
25,1,1
-15,41,1
-305,6,0
-22,48,1
21,5,1
-315,16,0
-384,85,0
-304,5,0
15,11,1
21,5,1
-351,52,0
-349,50,0
18,8,1
24,2,1
22,4,1
-77,103,1
18,8,1
-49,75,1
-35,61,1
10,16,1
-305,6,0
25,1,1
-305,6,0
16,10,1
15,11,1
-361,62,0
25,1,1
-335,36,0
-348,49,0
-348,49,0
24,2,1
-3,29,1
-335,36,0
16,10,1
-306,7,0
8,18,1
-35,61,1
-391,92,0
-37,63,1
-301,2,0
-463,164,0
-32,58,1
-313,14,0
-315,16,0
-353,54,0
-383,84,0
-315,16,0
10,16,1
-317,18,0
-310,11,0
25,1,1
-302,3,0
-357,58,0
-301,2,0
-93,119,1
24,2,1
25,1,1
-37,63,1
-344,45,0
-16,42,1
-13,39,1
-312,13,0
9,17,1
-328,29,0
7,19,1
-26,52,1
25,1,1
18,8,1
18,8,1
-361,62,0
-324,25,0
9,17,1
2,24,1
-312,13,0
-312,13,0
-362,63,0
20,6,1
-302,3,0
25,1,1
-312,13,0
17,9,1
-1,27,1
-300,1,0
-302,3,0
-304,5,0
19,7,1
-332,33,0
8,18,1
15,11,1
22,4,1
24,2,1
15,11,1
-20,46,1
21,5,1
-78,104,1
19,7,1
-327,28,0
-305,6,0
24,2,1
24,2,1
-463,164,0
19,7,1
12,14,1
25,1,1
22,4,1
25,1,1
-308,9,0
-302,3,0
-304,5,0
8,18,1
-364,65,0
-12,38,1
18,8,1
-346,47,0
-318,19,0
20,6,1
25,1,1
8,18,1
5,21,1
21,5,1
21,5,1
4,22,1
-328,29,0
-4,30,1
25,1,1
-303,4,0
24,2,1
-19,45,1
25,1,1
-314,15,0
-143,169,1
-303,4,0
13,13,1
-300,1,0
-326,27,0
-54,80,1
-361,62,0
3,23,1
-319,20,0
-315,16,0
25,1,1
-26,52,1
-319,20,0
-306,7,0
25,1,1
-6,32,1
18,8,1
25,1,1
21,5,1
1,25,1
24,2,1
-16,42,1
-326,27,0
21,5,1
-331,32,0
-29,55,1
12,14,1
25,1,1
24,2,1
-24,50,1
16,10,1
-4,30,1
12,14,1
14,12,1
24,2,1
-302,3,0
-391,92,0
-400,101,0
-316,17,0
12,14,1
23,3,1
-331,32,0
-335,36,0
-27,53,1
-372,73,0
18,8,1
-318,19,0
11,15,1
-305,6,0
24,2,1
-322,23,0
-311,12,0
-12,38,1
24,2,1
-319,20,0
6,20,1
21,5,1
-307,8,0
-304,5,0
-316,17,0
-12,38,1
-56,82,1
1,25,1
7,19,1
24,2,1
21,5,1
19,7,1
21,5,1
-308,9,0
-489,190,0
15,11,1
-310,11,0
-421,122,0
23,3,1
3,23,1
1,25,1
14,12,1
19,7,1
22,4,1
24,2,1
-319,20,0
-361,62,0
8,18,1
-17,43,1
-344,45,0
20,6,1
-335,36,0
1,25,1
-364,65,0
-38,64,1
-376,77,0
-315,16,0
-301,2,0
2,24,1
-384,85,0
24,2,1
22,4,1
21,5,1
25,1,1
23,3,1
24,2,1
-322,23,0
23,3,1
-441,142,0
21,5,1
-319,20,0
-301,2,0
0,26,1
25,1,1
13,13,1
-407,108,0
25,1,1
-5,31,1
-60,86,1
-329,30,0
-301,2,0
-324,25,0
-408,109,0
-412,113,0
-374,75,0
-329,30,0
11,15,1
-312,13,0
6,20,1
25,1,1
-339,40,0
-331,32,0
-53,79,1
-387,88,0
-362,63,0
-37,63,1
12,14,1
24,2,1
23,3,1
-307,8,0
4,22,1
-48,74,1
-318,19,0
-314,15,0
3,23,1
25,1,1
6,20,1
-44,70,1
-413,114,0
21,5,1
-7,33,1
-301,2,0
-28,54,1
22,4,1
-85,111,1
3,23,1
-303,4,0
-400,101,0
-357,58,0
-302,3,0
-13,39,1
-342,43,0
-315,16,0
-19,45,1
13,13,1
-316,17,0
-77,103,1
-300,1,0
24,2,1
25,1,1
15,11,1
25,1,1
7,19,1
7,19,1
-43,69,1
-325,26,0
22,4,1
-57,83,1
-300,1,0
19,7,1
-76,102,1
-322,23,0
25,1,1
-327,28,0
21,5,1
25,1,1
18,8,1
-325,26,0
-15,41,1
23,3,1
-414,115,0
-333,34,0
-333,34,0
-6,32,1
16,10,1
-303,4,0
-44,70,1
-325,26,0
-23,49,1
5,21,1
16,10,1
6,20,1
23,3,1
-377,78,0
-307,8,0
-10,36,1
22,4,1
23,3,1
23,3,1
-301,2,0
-317,18,0
18,8,1
22,4,1
2,24,1
19,7,1
-324,25,0
24,2,1
15,11,1
17,9,1
15,11,1
20,6,1
23,3,1
-427,128,0
-4,30,1
-355,56,0
-38,64,1
16,10,1
17,9,1
-3,29,1
22,4,1
-328,29,0
-307,8,0
-349,50,0
-91,117,1
24,2,1
11,15,1
-12,38,1
-352,53,0
-52,78,1
23,3,1
-315,16,0
9,17,1
-305,6,0
-334,35,0
13,13,1
-10,36,1
-308,9,0
-5,31,1
-60,86,1
-300,1,0
-345,46,0
-7,33,1
25,1,1
17,9,1
0,26,1
25,1,1
-300,1,0
-301,2,0
-96,122,1
-337,38,0
-2,28,1
-338,39,0
1,25,1
10,16,1
-329,30,0
-324,25,0
-350,51,0
-323,24,0
-301,2,0
10,16,1
-31,57,1
-458,159,0
-68,94,1
-314,15,0
-378,79,0
-16,42,1
-300,1,0
-325,26,0
11,15,1
-332,33,0
-307,8,0
-16,42,1
20,6,1
-320,21,0
23,3,1
16,10,1
-323,24,0
24,2,1
-114,140,1
-53,79,1
-300,1,0
-34,60,1
24,2,1
-43,69,1
-328,29,0
-375,76,0
22,4,1
25,1,1
-328,29,0
-13,39,1
-334,35,0
25,1,1
0,26,1
20,6,1
-96,122,1
-13,39,1
14,12,1
21,5,1
-310,11,0
15,11,1
-333,34,0
-16,42,1
-310,11,0
25,1,1
-343,44,0
-313,14,0
-334,35,0
-333,34,0
24,2,1
-300,1,0
-19,45,1
-29,55,1
-24,50,1
-7,33,1
-356,57,0
16,10,1
0,26,1
-323,24,0
-390,91,0
25,1,1
-65,91,1
-303,4,0
10,16,1
-341,42,0
11,15,1
-338,39,0
19,7,1
-431,132,0
-326,27,0
15,11,1
14,12,1
-12,38,1
-462,163,0
24,2,1
9,17,1
-300,1,0
22,4,1
-75,101,1
-305,6,0
-303,4,0
-2,28,1
-61,87,1
21,5,1
25,1,1
23,3,1
-353,54,0
-75,101,1
22,4,1
-85,111,1
-311,12,0
-300,1,0
25,1,1
23,3,1
-335,36,0
25,1,1
-343,44,0
-300,1,0
14,12,1
-40,66,1
-325,26,0
25,1,1
21,5,1
-12,38,1
22,4,1
9,17,1
25,1,1
-300,1,0
-95,121,1
3,23,1
21,5,1
-344,45,0
21,5,1
20,6,1
17,9,1
-302,3,0
-310,11,0
-327,28,0
-306,7,0
-310,11,0
19,7,1
25,1,1
-337,38,0
-314,15,0
-348,49,0
25,1,1
-304,5,0
-15,41,1
23,3,1
-425,126,0
25,1,1
-354,55,0
25,1,1
24,2,1
-389,90,0
23,3,1
-18,44,1
24,2,1
-339,40,0
-312,13,0
-88,114,1
-388,89,0
-400,101,0
-300,1,0
18,8,1
25,1,1
-344,45,0
-415,116,0
-89,115,1
-300,1,0
-314,15,0
4,22,1
-375,76,0
-7,33,1
-302,3,0
20,6,1
-12,38,1
-412,113,0
16,10,1
-305,6,0
-300,1,0
-452,153,0
19,7,1
-322,23,0
24,2,1
19,7,1
25,1,1
22,4,1
19,7,1
9,17,1
-4,30,1
11,15,1
-66,92,1
-336,37,0
-435,136,0
-7,33,1
22,4,1
11,15,1
0,26,1
23,3,1
13,13,1
-46,72,1
25,1,1
22,4,1
-320,21,0
-64,90,1
16,10,1
12,14,1
-351,52,0
6,20,1
7,19,1
-148,174,1
19,7,1
24,2,1
15,11,1
11,15,1
-310,11,0
-317,18,0
22,4,1
-300,1,0
-335,36,0
25,1,1
9,17,1
5,21,1
-369,70,0
-16,42,1
-309,10,0
-314,15,0
-300,1,0
-338,39,0
-300,1,0
3,23,1
21,5,1
8,18,1
-447,148,0
19,7,1
24,2,1
-6,32,1
22,4,1
-327,28,0
25,1,1
24,2,1
-302,3,0
22,4,1
17,9,1
20,6,1
-304,5,0
6,20,1
-408,109,0
21,5,1
-68,94,1
-300,1,0
-40,66,1
-332,33,0
21,5,1
-325,26,0
-42,68,1
19,7,1
-314,15,0
24,2,1
24,2,1
-339,40,0
-36,62,1
18,8,1
-33,59,1
20,6,1
17,9,1
-342,43,0
-306,7,0
6,20,1
6,20,1
24,2,1
22,4,1
24,2,1
6,20,1
-309,10,0
19,7,1
-314,15,0
17,9,1
-313,14,0
-300,1,0
-336,37,0
-304,5,0
8,18,1
-12,38,1
-455,156,0
-309,10,0
13,13,1
-329,30,0
-123,149,1
-313,14,0
25,1,1
-77,103,1
-2,28,1
10,16,1
11,15,1
25,1,1
23,3,1
25,1,1
-311,12,0
18,8,1
-98,124,1
-4,30,1
-303,4,0
-325,26,0
14,12,1
-334,35,0
-301,2,0
20,6,1
24,2,1
11,15,1
-306,7,0
-18,44,1
-12,38,1
-332,33,0
25,1,1
-382,83,0
-334,35,0
-26,52,1
-309,10,0
-390,91,0
9,17,1
23,3,1
12,14,1
19,7,1
-49,75,1
-45,71,1
22,4,1
-313,14,0
20,6,1
-322,23,0
25,1,1
-308,9,0
-17,43,1
23,3,1
-304,5,0
-342,43,0
-301,2,0
21,5,1
-323,24,0
11,15,1
-326,27,0
-30,56,1
15,11,1
-39,65,1
18,8,1
-6,32,1
15,11,1
-348,49,0
-315,16,0
25,1,1
25,1,1
24,2,1
-5,31,1
1,25,1
-309,10,0
24,2,1
24,2,1
-356,57,0
16,10,1
-337,38,0
-301,2,0
7,19,1
12,14,1
-307,8,0
-332,33,0
-390,91,0
24,2,1
-517,218,0
5,21,1
-307,8,0
-413,114,0
19,7,1
25,1,1
25,1,1
25,1,1
25,1,1
25,1,1
-303,4,0
-368,69,0
-348,49,0
19,7,1
-168,194,1
-574,275,0
17,9,1
22,4,1
14,12,1
-324,25,0
-2,28,1
-320,21,0
-314,15,0
-29,55,1
6,20,1
-312,13,0
-372,73,0
-310,11,0
7,19,1
25,1,1
15,11,1
-407,108,0
-422,123,0
-66,92,1
25,1,1
25,1,1
23,3,1
3,23,1
23,3,1
-334,35,0
-60,86,1
25,1,1
-407,108,0
-104,130,1
-74,100,1
20,6,1
21,5,1
18,8,1
25,1,1
-42,68,1
13,13,1
17,9,1
25,1,1
21,5,1
-59,85,1
17,9,1
-305,6,0
19,7,1
-340,41,0
20,6,1
-352,53,0
-32,58,1
25,1,1
-300,1,0
24,2,1
-37,63,1
20,6,1
-302,3,0
25,1,1
-62,88,1
-305,6,0
-301,2,0
12,14,1
-14,40,1
24,2,1
6,20,1
-328,29,0
-19,45,1
-315,16,0
-308,9,0
-24,50,1
-301,2,0
20,6,1
-300,1,0
1,25,1
-363,64,0
-9,35,1
-330,31,0
17,9,1
-331,32,0
-370,71,0
-339,40,0
23,3,1
-27,53,1
-329,30,0
13,13,1
-314,15,0
22,4,1
-11,37,1
-480,181,0
-38,64,1
9,17,1
-5,31,1
18,8,1
-11,37,1
23,3,1
-15,41,1
12,14,1
-35,61,1
14,12,1
-336,37,0
-21,47,1
-318,19,0
25,1,1
2,24,1
-358,59,0
8,18,1
-312,13,0
-329,30,0
-16,42,1
-33,59,1
23,3,1
-304,5,0
20,6,1
-14,40,1
-69,95,1
25,1,1
-365,66,0
-309,10,0
-303,4,0
24,2,1
-304,5,0
-300,1,0
25,1,1
17,9,1
-305,6,0
-13,39,1
20,6,1
20,6,1
-75,101,1
5,21,1
-305,6,0
-28,54,1
18,8,1
-17,43,1
21,5,1
24,2,1
-302,3,0
-92,118,1
-316,17,0
24,2,1
-383,84,0
-377,78,0
-72,98,1
-16,42,1
-310,11,0
24,2,1
-332,33,0
-310,11,0
-471,172,0
-325,26,0
-346,47,0
-370,71,0
19,7,1
20,6,1
-19,45,1
-376,77,0
-344,45,0
-429,130,0
25,1,1
-323,24,0
-312,13,0
-373,74,0
19,7,1
-324,25,0
14,12,1
-310,11,0
-10,36,1
22,4,1
-395,96,0
12,14,1
-16,42,1
24,2,1
20,6,1
25,1,1
19,7,1
-313,14,0
25,1,1
-312,13,0
19,7,1
14,12,1
-306,7,0
20,6,1
25,1,1
-39,65,1
-340,41,0
-301,2,0
-66,92,1
13,13,1
20,6,1
-361,62,0
-341,42,0
15,11,1
11,15,1
-3,29,1
-406,107,0
15,11,1
24,2,1
15,11,1
23,3,1
18,8,1
-9,35,1
14,12,1
25,1,1
-3,29,1
6,20,1
20,6,1
-309,10,0
-16,42,1
-303,4,0
-304,5,0
22,4,1
25,1,1
24,2,1
-372,73,0
-365,66,0
9,17,1
18,8,1
21,5,1
11,15,1
20,6,1
-301,2,0
-27,53,1
-2,28,1
14,12,1
11,15,1
-114,140,1
22,4,1
-336,37,0
15,11,1
-301,2,0
17,9,1
-310,11,0
-61,87,1
-329,30,0
-335,36,0
-23,49,1
20,6,1
-348,49,0
25,1,1
20,6,1
19,7,1
-324,25,0
-327,28,0
-340,41,0
-60,86,1
18,8,1
-8,34,1
-335,36,0
-8,34,1
-321,22,0
-21,47,1
-317,18,0
19,7,1
17,9,1
20,6,1
18,8,1
19,7,1
-9,35,1
12,14,1
-34,60,1
-398,99,0
25,1,1
-352,53,0
-342,43,0
-319,20,0
-334,35,0
-414,115,0
24,2,1
20,6,1
23,3,1
24,2,1
24,2,1
22,4,1
-6,32,1
20,6,1
25,1,1
-324,25,0
3,23,1
-300,1,0
-313,14,0
-336,37,0
-104,130,1
-303,4,0
22,4,1
25,1,1
-314,15,0
-300,1,0
24,2,1
-29,55,1
22,4,1
20,6,1
18,8,1
15,11,1
-301,2,0
-18,44,1
-359,60,0
10,16,1
24,2,1
-325,26,0
-311,12,0
-301,2,0
-311,12,0
20,6,1
-321,22,0
25,1,1
-395,96,0
7,19,1
11,15,1
-333,34,0
-43,69,1
21,5,1
-428,129,0
-301,2,0
24,2,1
-303,4,0
25,1,1
18,8,1
-359,60,0
25,1,1
25,1,1
2,24,1
21,5,1
24,2,1
-114,140,1
-316,17,0
-3,29,1
-386,87,0
-318,19,0
25,1,1
-31,57,1
12,14,1
5,21,1
12,14,1
-3,29,1
-326,27,0
19,7,1
-306,7,0
-55,81,1
17,9,1
24,2,1
-10,36,1
-48,74,1
25,1,1
-302,3,0
2,24,1
23,3,1
4,22,1
-302,3,0
16,10,1
-314,15,0
-105,131,1
18,8,1
24,2,1
24,2,1
16,10,1
-344,45,0
-320,21,0
23,3,1
23,3,1
1,25,1
-326,27,0
-329,30,0
25,1,1
-440,141,0
15,11,1
-338,39,0
-330,31,0
-324,25,0
21,5,1
23,3,1
-376,77,0
-300,1,0
17,9,1
-400,101,0
-6,32,1
-304,5,0
-329,30,0
-387,88,0
-319,20,0
-359,60,0
22,4,1
-373,74,0
-301,2,0
24,2,1
-309,10,0
18,8,1
-301,2,0
-363,64,0
23,3,1
-321,22,0
-307,8,0
-346,47,0
24,2,1
-5,31,1
-312,13,0
-23,49,1
-57,83,1
-74,100,1
-306,7,0
12,14,1
-15,41,1
0,26,1
-308,9,0
-326,27,0
-7,33,1
19,7,1
8,18,1
14,12,1
-443,144,0
-357,58,0
11,15,1
-10,36,1
1,25,1
-326,27,0
25,1,1
22,4,1
-12,38,1
-307,8,0
25,1,1
19,7,1
-4,30,1
3,23,1
23,3,1
-300,1,0
14,12,1
25,1,1
-304,5,0
-319,20,0
25,1,1
13,13,1
25,1,1
-334,35,0
-343,44,0
18,8,1
-19,45,1
16,10,1
-410,111,0
-310,11,0
-302,3,0
-64,90,1
-310,11,0
25,1,1
-318,19,0
-12,38,1
25,1,1
-404,105,0
-398,99,0
-407,108,0
19,7,1
4,22,1
-402,103,0
-325,26,0
-300,1,0
25,1,1
-387,88,0
-49,75,1
-300,1,0
-340,41,0
-39,65,1
-388,89,0
-339,40,0
-410,111,0
-10,36,1
11,15,1
25,1,1
25,1,1
19,7,1
15,11,1
-333,34,0
22,4,1
-28,54,1
20,6,1
19,7,1
24,2,1
25,1,1
-8,34,1
-62,88,1
-354,55,0
18,8,1
-11,37,1
13,13,1
-306,7,0
5,21,1
-341,42,0
-313,14,0
-358,59,0
-377,78,0
25,1,1
25,1,1
25,1,1
-3,29,1
-391,92,0
25,1,1
2,24,1
-17,43,1
-306,7,0
-302,3,0
24,2,1
25,1,1
-315,16,0
-49,75,1
-311,12,0
-26,52,1
-308,9,0
-16,42,1
-386,87,0
-419,120,0
25,1,1
24,2,1
9,17,1
10,16,1
-317,18,0
8,18,1
22,4,1
24,2,1
9,17,1
18,8,1
-317,18,0
-35,61,1
25,1,1
22,4,1
23,3,1
-31,57,1
25,1,1
-306,7,0
-27,53,1
15,11,1
-302,3,0
-308,9,0
-328,29,0
6,20,1
21,5,1
11,15,1
24,2,1
-307,8,0
14,12,1
21,5,1
-324,25,0
14,12,1
-390,91,0
-300,1,0
11,15,1
-356,57,0
2,24,1
23,3,1
-305,6,0
12,14,1
-2,28,1
17,9,1
-300,1,0
24,2,1
-20,46,1
-23,49,1
-39,65,1
-42,68,1
23,3,1
25,1,1
-323,24,0
18,8,1
-316,17,0
25,1,1
16,10,1
9,17,1
-359,60,0
20,6,1
0,26,1
12,14,1
17,9,1
9,17,1
-8,34,1
-11,37,1
25,1,1
18,8,1
15,11,1
25,1,1
6,20,1
-326,27,0
24,2,1
24,2,1
-319,20,0
19,7,1
-8,34,1
-29,55,1
-440,141,0
23,3,1
-59,85,1
-58,84,1
20,6,1
-315,16,0
-65,91,1
24,2,1
22,4,1
-361,62,0
22,4,1
-311,12,0
-327,28,0
-304,5,0
-300,1,0
-374,75,0
10,16,1
25,1,1
21,5,1
23,3,1
-384,85,0
25,1,1
-306,7,0
3,23,1
12,14,1
-29,55,1
-320,21,0
-318,19,0
-5,31,1
25,1,1
-12,38,1
9,17,1
24,2,1
-65,91,1
25,1,1
-26,52,1
-314,15,0
-335,36,0
24,2,1
22,4,1
6,20,1
-95,121,1
-305,6,0
24,2,1
-17,43,1
-426,127,0
-314,15,0
9,17,1
-4,30,1
-323,24,0
-523,224,0
24,2,1
-300,1,0
25,1,1
10,16,1
-1,27,1
11,15,1
18,8,1
22,4,1
-324,25,0
-330,31,0
25,1,1
23,3,1
2,24,1
23,3,1
-92,118,1
12,14,1
-4,30,1
25,1,1
16,10,1
-13,39,1
-106,132,1
25,1,1
-324,25,0
25,1,1
14,12,1
21,5,1
24,2,1
-23,49,1
-341,42,0
-333,34,0
9,17,1
-311,12,0
20,6,1
24,2,1
22,4,1
-8,34,1
-313,14,0
-8,34,1
14,12,1
12,14,1
-356,57,0
-310,11,0
23,3,1
20,6,1
19,7,1
24,2,1
6,20,1
-92,118,1
-21,47,1
25,1,1
-316,17,0
24,2,1
-22,48,1
20,6,1
17,9,1
20,6,1
-332,33,0
22,4,1
15,11,1
5,21,1
-63,89,1
18,8,1
-130,156,1
-410,111,0
-300,1,0
16,10,1
25,1,1
-46,72,1
-310,11,0
-139,165,1
18,8,1
10,16,1
25,1,1
-313,14,0
-4,30,1
-42,68,1
-20,46,1
-321,22,0
23,3,1
25,1,1
23,3,1
25,1,1
15,11,1
-9,35,1
-3,29,1
-306,7,0
-329,30,0
0,26,1
-344,45,0
10,16,1
-314,15,0
-350,51,0
-41,67,1
25,1,1
-326,27,0
22,4,1
-333,34,0
8,18,1
-315,16,0
22,4,1
-314,15,0
-300,1,0
-11,37,1
-83,109,1
22,4,1
-78,104,1
5,21,1
19,7,1
7,19,1
-43,69,1
21,5,1
-306,7,0
-313,14,0
-16,42,1
25,1,1
-310,11,0
24,2,1
-23,49,1
1,25,1
-61,87,1
24,2,1
-309,10,0
15,11,1
-24,50,1
14,12,1
21,5,1
-416,117,0
-303,4,0
5,21,1
-12,38,1
24,2,1
-372,73,0
-326,27,0
-310,11,0
-54,80,1
23,3,1
-309,10,0
-303,4,0
22,4,1
-14,40,1
-13,39,1
20,6,1
-310,11,0
-469,170,0
16,10,1
-367,68,0
22,4,1
12,14,1
17,9,1
-4,30,1
-98,124,1
24,2,1
25,1,1
-329,30,0
25,1,1
-373,74,0
-407,108,0
24,2,1
-301,2,0
20,6,1
25,1,1
20,6,1
-375,76,0
25,1,1
24,2,1
-11,37,1
-302,3,0
25,1,1
-75,101,1
21,5,1
25,1,1
-319,20,0
-300,1,0
-323,24,0
-308,9,0
8,18,1
-318,19,0
13,13,1
-300,1,0
-416,117,0
23,3,1
-302,3,0
-305,6,0
-303,4,0
-316,17,0
-373,74,0
21,5,1
-372,73,0
9,17,1
-322,23,0
24,2,1
1,25,1
25,1,1
19,7,1
7,19,1
9,17,1
10,16,1
25,1,1
-309,10,0
24,2,1
-482,183,0
18,8,1
20,6,1
-317,18,0
-337,38,0
-17,43,1
-43,69,1
-57,83,1
-389,90,0
18,8,1
-326,27,0
-571,272,0
-403,104,0
-389,90,0
-71,97,1
13,13,1
25,1,1
-48,74,1
-106,132,1
-302,3,0
-348,49,0
25,1,1
22,4,1
20,6,1
-301,2,0
10,16,1
5,21,1
-408,109,0
24,2,1
23,3,1
16,10,1
16,10,1
-303,4,0
-301,2,0
12,14,1
-320,21,0
-386,87,0
-300,1,0
-1,27,1
-342,43,0
-301,2,0
-34,60,1
-16,42,1
-66,92,1
-313,14,0
24,2,1
23,3,1
19,7,1
9,17,1
-305,6,0
25,1,1
-325,26,0
15,11,1
25,1,1
-17,43,1
14,12,1
25,1,1
-339,40,0
24,2,1
-16,42,1
8,18,1
6,20,1
1,25,1
23,3,1
25,1,1
24,2,1
-28,54,1
-304,5,0
-62,88,1
25,1,1
-354,55,0
7,19,1
21,5,1
0,26,1
25,1,1
-332,33,0
19,7,1
11,15,1
19,7,1
-301,2,0
-304,5,0
25,1,1
-313,14,0
17,9,1
14,12,1
22,4,1
-326,27,0
-300,1,0
24,2,1
-3,29,1
-357,58,0
25,1,1
-303,4,0
24,2,1
-2,28,1
-55,81,1
25,1,1
23,3,1
23,3,1
-333,34,0
-322,23,0
-384,85,0
22,4,1
-469,170,0
-343,44,0
0,26,1
-318,19,0
12,14,1
-364,65,0
-302,3,0
-12,38,1
-307,8,0
-7,33,1
-18,44,1
-7,33,1
-323,24,0
-23,49,1
25,1,1
-310,11,0
25,1,1
-24,50,1
14,12,1
-2,28,1
-5,31,1
25,1,1
-319,20,0
23,3,1
-352,53,0
-5,31,1
-324,25,0
25,1,1
-336,37,0
-6,32,1
25,1,1
25,1,1
-336,37,0
-329,30,0
11,15,1
-302,3,0
23,3,1
-417,118,0
16,10,1
-301,2,0
24,2,1
25,1,1
23,3,1
-300,1,0
15,11,1
24,2,1
-2,28,1
22,4,1
-44,70,1
23,3,1
-1,27,1
24,2,1
-406,107,0
-342,43,0
8,18,1
22,4,1
24,2,1
8,18,1
2,24,1
-391,92,0
-344,45,0
-326,27,0
22,4,1
25,1,1
-312,13,0
-52,78,1
15,11,1
3,23,1
25,1,1
-304,5,0
23,3,1
-309,10,0
14,12,1
-330,31,0
22,4,1
-302,3,0
23,3,1
-314,15,0
-4,30,1
-345,46,0
-323,24,0
6,20,1
24,2,1
25,1,1
21,5,1
24,2,1
25,1,1
24,2,1
-54,80,1
6,20,1
25,1,1
-333,34,0
-4,30,1
21,5,1
-1,27,1
15,11,1
-37,63,1
16,10,1
-1,27,1
13,13,1
9,17,1
-306,7,0
-16,42,1
25,1,1
-325,26,0
-3,29,1
23,3,1
24,2,1
6,20,1
-310,11,0
-309,10,0
-7,33,1
19,7,1
-6,32,1
25,1,1
-360,61,0
-15,41,1
14,12,1
24,2,1
-366,67,0
25,1,1
-303,4,0
-29,55,1
-7,33,1
7,19,1
-488,189,0
-323,24,0
-32,58,1
16,10,1
24,2,1
23,3,1
25,1,1
17,9,1
24,2,1
-314,15,0
18,8,1
20,6,1
25,1,1
-28,54,1
-60,86,1
-26,52,1
-307,8,0
-332,33,0
12,14,1
15,11,1
-60,86,1
4,22,1
-34,60,1
-20,46,1
-310,11,0
-318,19,0
-71,97,1
-400,101,0
-20,46,1
16,10,1
6,20,1
21,5,1
25,1,1
10,16,1
24,2,1
-321,22,0
-38,64,1
23,3,1
20,6,1
-309,10,0
-9,35,1
-426,127,0
0,26,1
13,13,1
19,7,1
-303,4,0
-302,3,0
7,19,1
25,1,1
17,9,1
25,1,1
10,16,1
25,1,1
-327,28,0
10,16,1
24,2,1
24,2,1
-63,89,1
15,11,1
19,7,1
24,2,1
24,2,1
25,1,1
24,2,1
21,5,1
25,1,1
-16,42,1
20,6,1
-39,65,1
19,7,1
14,12,1
8,18,1
-375,76,0
-350,51,0
-363,64,0
-13,39,1
-319,20,0
16,10,1
-308,9,0
-300,1,0
18,8,1
7,19,1
-27,53,1
9,17,1
25,1,1
12,14,1
19,7,1
-316,17,0
-531,232,0
11,15,1
5,21,1
-311,12,0
24,2,1
-372,73,0
25,1,1
25,1,1
-313,14,0
20,6,1
-32,58,1
18,8,1
-316,17,0
11,15,1
17,9,1
24,2,1
17,9,1
-24,50,1
-6,32,1
0,26,1
23,3,1
-309,10,0
25,1,1
-399,100,0
2,24,1
-314,15,0
19,7,1
25,1,1
-9,35,1
-325,26,0
-310,11,0
22,4,1
22,4,1
-4,30,1
-322,23,0
-39,65,1
25,1,1
-437,138,0
17,9,1
-305,6,0
12,14,1
-9,35,1
-331,32,0
11,15,1
-10,36,1
-327,28,0
-332,33,0
-313,14,0
-305,6,0
-320,21,0
-9,35,1
-433,134,0
-30,56,1
-302,3,0
-4,30,1
9,17,1
-311,12,0
6,20,1
-328,29,0
-312,13,0
24,2,1
19,7,1
25,1,1
24,2,1
-49,75,1
22,4,1
21,5,1
-47,73,1
25,1,1
18,8,1
17,9,1
20,6,1
-300,1,0
-376,77,0
-310,11,0
25,1,1
-323,24,0
-337,38,0
21,5,1
21,5,1
-332,33,0
4,22,1
-307,8,0
-33,59,1
11,15,1
-338,39,0
-301,2,0
14,12,1
-333,34,0
24,2,1
-30,56,1
18,8,1
14,12,1
-32,58,1
-358,59,0
18,8,1
21,5,1
-311,12,0
-39,65,1
14,12,1
-81,107,1
-301,2,0
25,1,1
25,1,1
19,7,1
0,26,1
13,13,1
18,8,1
-323,24,0
-3,29,1
21,5,1
-325,26,0
-24,50,1
4,22,1
24,2,1
-336,37,0
15,11,1
-344,45,0
-66,92,1
11,15,1
11,15,1
18,8,1
-339,40,0
25,1,1
-304,5,0
20,6,1
16,10,1
15,11,1
18,8,1
5,21,1
25,1,1
-33,59,1
-362,63,0
-76,102,1
24,2,1
-30,56,1
-356,57,0
17,9,1
-35,61,1
15,11,1
-399,100,0
25,1,1
25,1,1
-354,55,0
-327,28,0
23,3,1
-354,55,0
-328,29,0
-2,28,1
-324,25,0
23,3,1
22,4,1
21,5,1
-318,19,0
20,6,1
-3,29,1
24,2,1
-305,6,0
16,10,1
24,2,1
-303,4,0
15,11,1
-394,95,0
16,10,1
-338,39,0
-36,62,1
-306,7,0
17,9,1
-311,12,0
-28,54,1
25,1,1
14,12,1
-334,35,0
22,4,1
-4,30,1
25,1,1
21,5,1
24,2,1
-318,19,0
-309,10,0
12,14,1
-13,39,1
-331,32,0
-324,25,0
24,2,1
-300,1,0
-321,22,0
-334,35,0
-300,1,0
-428,129,0
24,2,1
-318,19,0
23,3,1
-39,65,1
12,14,1
14,12,1
9,17,1
24,2,1
25,1,1
-32,58,1
16,10,1
23,3,1
13,13,1
25,1,1
5,21,1
13,13,1
-18,44,1
-322,23,0
-399,100,0
22,4,1
-14,40,1
25,1,1
25,1,1
22,4,1
25,1,1
21,5,1
-22,48,1
-326,27,0
-19,45,1
22,4,1
-60,86,1
-16,42,1
25,1,1
21,5,1
-339,40,0
14,12,1
-40,66,1
23,3,1
23,3,1
15,11,1
12,14,1
21,5,1
24,2,1
24,2,1
-319,20,0
-338,39,0
-18,44,1
24,2,1
25,1,1
-77,103,1
18,8,1
23,3,1
-2,28,1
25,1,1
-5,31,1
25,1,1
-43,69,1
-300,1,0
22,4,1
25,1,1
-447,148,0
-308,9,0
-314,15,0
-380,81,0
17,9,1
22,4,1
-5,31,1
23,3,1
-9,35,1
20,6,1
-324,25,0
-8,34,1
-301,2,0
-11,37,1
-326,27,0
-308,9,0
2,24,1
-399,100,0
4,22,1
-335,36,0
8,18,1
12,14,1
6,20,1
20,6,1
10,16,1
18,8,1
25,1,1
14,12,1
17,9,1
11,15,1
25,1,1
-315,16,0
-45,71,1
-50,76,1
-25,51,1
25,1,1
13,13,1
-412,113,0
22,4,1
25,1,1
23,3,1
22,4,1
-301,2,0
-302,3,0
18,8,1
-309,10,0
25,1,1
22,4,1
-5,31,1
24,2,1
-345,46,0
25,1,1
-125,151,1
-380,81,0
-339,40,0
-321,22,0
-463,164,0
-26,52,1
-459,160,0
-304,5,0
-15,41,1
2,24,1
16,10,1
-11,37,1
-303,4,0
21,5,1
11,15,1
25,1,1
-344,45,0
16,10,1
17,9,1
-145,171,1
-306,7,0
-5,31,1
-167,193,1
14,12,1
-323,24,0
24,2,1
-312,13,0
23,3,1
-29,55,1
24,2,1
-10,36,1
24,2,1
-2,28,1
-324,25,0
25,1,1
-399,100,0
21,5,1
-344,45,0
24,2,1
-99,125,1
-82,108,1
-391,92,0
19,7,1
-4,30,1
-313,14,0
-43,69,1
10,16,1
-308,9,0
-306,7,0
18,8,1
-123,149,1
25,1,1
14,12,1
24,2,1
-306,7,0
22,4,1
-300,1,0
25,1,1
19,7,1
-11,37,1
23,3,1
25,1,1
14,12,1
25,1,1
-51,77,1
14,12,1
24,2,1
-331,32,0
23,3,1
-347,48,0
-53,79,1
-302,3,0
25,1,1
-68,94,1
17,9,1
-322,23,0
-6,32,1
14,12,1
24,2,1
25,1,1
-7,33,1
18,8,1
25,1,1
-6,32,1
25,1,1
-1,27,1
8,18,1
25,1,1
25,1,1
-303,4,0
-42,68,1
-37,63,1
15,11,1
-25,51,1
24,2,1
20,6,1
-343,44,0
-7,33,1
22,4,1
24,2,1
-304,5,0
-184,210,1
-39,65,1
10,16,1
-300,1,0
-352,53,0
-1,27,1
24,2,1
-391,92,0
19,7,1
-308,9,0
-6,32,1
-301,2,0
12,14,1
22,4,1
15,11,1
21,5,1
4,22,1
2,24,1
-10,36,1
-323,24,0
-34,60,1
-300,1,0
-12,38,1
21,5,1
-362,63,0
19,7,1
18,8,1
-312,13,0
-301,2,0
12,14,1
-340,41,0
-316,17,0
-334,35,0
2,24,1
9,17,1
-55,81,1
24,2,1
21,5,1
-378,79,0
-59,85,1
25,1,1
12,14,1
24,2,1
25,1,1
-349,50,0
8,18,1
6,20,1
24,2,1
-43,69,1
25,1,1
-10,36,1
24,2,1
24,2,1
-313,14,0
13,13,1
24,2,1
-404,105,0
24,2,1
3,23,1
2,24,1
25,1,1
-24,50,1
23,3,1
-348,49,0
-342,43,0
-323,24,0
25,1,1
12,14,1
5,21,1
-318,19,0
-304,5,0
-308,9,0
25,1,1
-324,25,0
25,1,1
25,1,1
25,1,1
4,22,1
21,5,1
-315,16,0
24,2,1
22,4,1
25,1,1
-330,31,0
21,5,1
16,10,1
-368,69,0
1,25,1
-31,57,1
25,1,1
-76,102,1
-352,53,0
-30,56,1
6,20,1
12,14,1
-322,23,0
25,1,1
25,1,1
2,24,1
-312,13,0
24,2,1
-70,96,1
-4,30,1
-304,5,0
-50,76,1
22,4,1
15,11,1
25,1,1
-326,27,0
-322,23,0
-326,27,0
-360,61,0
24,2,1
15,11,1
-32,58,1
-302,3,0
-346,47,0
20,6,1
-304,5,0
-22,48,1
-345,46,0
-12,38,1
-305,6,0
-59,85,1
17,9,1
-350,51,0
25,1,1
25,1,1
1,25,1
25,1,1
2,24,1
23,3,1
9,17,1
-301,2,0
-301,2,0
15,11,1
-464,165,0
25,1,1
21,5,1
25,1,1
-362,63,0
-356,57,0
-349,50,0
-300,1,0
-353,54,0
9,17,1
25,1,1
-652,353,0
-301,2,0
11,15,1
10,16,1
-26,52,1
25,1,1
1,25,1
-302,3,0
-384,85,0
8,18,1
25,1,1
25,1,1
10,16,1
5,21,1
3,23,1
-300,1,0
24,2,1
21,5,1
-482,183,0
2,24,1
24,2,1
17,9,1
-310,11,0
-307,8,0
-25,51,1
-352,53,0
-49,75,1
17,9,1
-317,18,0
-21,47,1
25,1,1
-2,28,1
-2,28,1
-316,17,0
-308,9,0
22,4,1
-324,25,0
24,2,1
-302,3,0
24,2,1
10,16,1
-322,23,0
-307,8,0
6,20,1
-37,63,1
-334,35,0
-311,12,0
11,15,1
-5,31,1
25,1,1
-354,55,0
-304,5,0
8,18,1
25,1,1
-301,2,0
17,9,1
16,10,1
25,1,1
25,1,1
23,3,1
15,11,1
-312,13,0
22,4,1
16,10,1
-316,17,0
25,1,1
23,3,1
-386,87,0
-351,52,0
14,12,1
25,1,1
4,22,1
-22,48,1
22,4,1
18,8,1
12,14,1
23,3,1
-20,46,1
-308,9,0
-322,23,0
-316,17,0
16,10,1
23,3,1
14,12,1
-300,1,0
18,8,1
24,2,1
-58,84,1
21,5,1
-309,10,0
24,2,1
24,2,1
25,1,1
18,8,1
18,8,1
-328,29,0
21,5,1
-50,76,1
24,2,1
-6,32,1
25,1,1
-317,18,0
-18,44,1
20,6,1
-305,6,0
-335,36,0
-6,32,1
-16,42,1
-304,5,0
5,21,1
18,8,1
-47,73,1
-27,53,1
-58,84,1
-324,25,0
-70,96,1
-8,34,1
-334,35,0
17,9,1
20,6,1
12,14,1
-8,34,1
-6,32,1
24,2,1
-324,25,0
-300,1,0
-322,23,0
-5,31,1
-301,2,0
-57,83,1
-301,2,0
-316,17,0
-507,208,0
-3,29,1
-305,6,0
-306,7,0
21,5,1
3,23,1
25,1,1
25,1,1
-313,14,0
-302,3,0
12,14,1
-13,39,1
21,5,1
-326,27,0
-300,1,0
23,3,1
-362,63,0
23,3,1
19,7,1
-444,145,0
25,1,1
-328,29,0
-328,29,0
-305,6,0
-1,27,1
21,5,1
24,2,1
-356,57,0
14,12,1
-316,17,0
-15,41,1
-318,19,0
-131,157,1
-367,68,0
-22,48,1
6,20,1
18,8,1
-367,68,0
-81,107,1
25,1,1
18,8,1
25,1,1
-350,51,0
-309,10,0
-342,43,0
14,12,1
24,2,1
-61,87,1
14,12,1
24,2,1
23,3,1
-301,2,0
-426,127,0
-315,16,0
23,3,1
23,3,1
25,1,1
-368,69,0
-50,76,1
-117,143,1
17,9,1
12,14,1
-44,70,1
18,8,1
-301,2,0
25,1,1
24,2,1
1,25,1
-300,1,0
23,3,1
25,1,1
-32,58,1
-300,1,0
-329,30,0
24,2,1
14,12,1
3,23,1
23,3,1
22,4,1
-53,79,1
15,11,1
2,24,1
25,1,1
-43,69,1
-10,36,1
-345,46,0
-300,1,0
-394,95,0
-334,35,0
23,3,1
19,7,1
-87,113,1
-58,84,1
-3,29,1
15,11,1
25,1,1
4,22,1
-19,45,1
22,4,1
25,1,1
-305,6,0
17,9,1
-304,5,0
-369,70,0
24,2,1
-9,35,1
-26,52,1
24,2,1
17,9,1
22,4,1
-349,50,0
-301,2,0
23,3,1
25,1,1
-31,57,1
23,3,1
25,1,1
24,2,1
24,2,1
-302,3,0
-7,33,1
24,2,1
19,7,1
17,9,1
24,2,1
24,2,1
25,1,1
-303,4,0
22,4,1
-348,49,0
12,14,1
-4,30,1
-59,85,1
22,4,1
-52,78,1
-300,1,0
24,2,1
-311,12,0
-365,66,0
17,9,1
25,1,1
-50,76,1
15,11,1
-335,36,0
-352,53,0
23,3,1
-123,149,1
-342,43,0
-76,102,1
16,10,1
22,4,1
-93,119,1
-1,27,1
25,1,1
23,3,1
24,2,1
25,1,1
18,8,1
19,7,1
-11,37,1
9,17,1
23,3,1
10,16,1
-304,5,0
-338,39,0
24,2,1
16,10,1
-317,18,0
-316,17,0
-332,33,0
-302,3,0
19,7,1
15,11,1
-354,55,0
-312,13,0
-323,24,0
-315,16,0
23,3,1
-36,62,1
9,17,1
24,2,1
19,7,1
1,25,1
-316,17,0
6,20,1
22,4,1
-318,19,0
17,9,1
25,1,1
25,1,1
6,20,1
20,6,1
21,5,1
-307,8,0
-301,2,0
-21,47,1
21,5,1
-1,27,1
-363,64,0
22,4,1
13,13,1
-60,86,1
25,1,1
24,2,1
-23,49,1
-58,84,1
-303,4,0
24,2,1
25,1,1
24,2,1
-483,184,0
22,4,1
-177,203,1
-300,1,0
-341,42,0
-405,106,0
24,2,1
-395,96,0
-51,77,1
25,1,1
10,16,1
18,8,1
23,3,1
20,6,1
5,21,1
18,8,1
-511,212,0
23,3,1
14,12,1
17,9,1
17,9,1
-20,46,1
-414,115,0
-118,144,1
16,10,1
-1,27,1
-303,4,0
22,4,1
-401,102,0
13,13,1
-305,6,0
-516,217,0
10,16,1
17,9,1
25,1,1
25,1,1
5,21,1
14,12,1
19,7,1
22,4,1
-13,39,1
11,15,1
-335,36,0
-399,100,0
23,3,1
16,10,1
22,4,1
15,11,1
24,2,1
17,9,1
23,3,1
-2,28,1
23,3,1
23,3,1
3,23,1
24,2,1
25,1,1
-20,46,1
25,1,1
-321,22,0
-1,27,1
24,2,1
-15,41,1
7,19,1
21,5,1
22,4,1
25,1,1
24,2,1
3,23,1
-82,108,1
21,5,1
-310,11,0
20,6,1
-310,11,0
-323,24,0
-345,46,0
15,11,1
24,2,1
24,2,1
25,1,1
-9,35,1
24,2,1
-8,34,1
16,10,1
10,16,1
-303,4,0
-14,40,1
10,16,1
-7,33,1
-301,2,0
-6,32,1
23,3,1
24,2,1
25,1,1
-321,22,0
-320,21,0
-307,8,0
-300,1,0
-79,105,1
-301,2,0
25,1,1
-341,42,0
-360,61,0
21,5,1
-378,79,0
21,5,1
25,1,1
6,20,1
25,1,1
11,15,1
6,20,1
23,3,1
-305,6,0
-373,74,0
25,1,1
8,18,1
25,1,1
11,15,1
22,4,1
14,12,1
-303,4,0
25,1,1
-302,3,0
8,18,1
25,1,1
-337,38,0
-329,30,0
12,14,1
13,13,1
23,3,1
25,1,1
-12,38,1
18,8,1
-18,44,1
18,8,1
3,23,1
-302,3,0
24,2,1
15,11,1
-5,31,1
24,2,1
-305,6,0
-303,4,0
23,3,1
13,13,1
24,2,1
-18,44,1
-38,64,1
-318,19,0
-374,75,0
24,2,1
25,1,1
23,3,1
-120,146,1
-330,31,0
24,2,1
24,2,1
25,1,1
24,2,1
-300,1,0
24,2,1
-310,11,0
18,8,1
-306,7,0
22,4,1
25,1,1
17,9,1
14,12,1
-318,19,0
-6,32,1
25,1,1
-343,44,0
-349,50,0
-304,5,0
25,1,1
-152,178,1
23,3,1
25,1,1
25,1,1
-4,30,1
24,2,1
20,6,1
24,2,1
-1,27,1
11,15,1
20,6,1
-300,1,0
24,2,1
-371,72,0
12,14,1
-316,17,0
-29,55,1
19,7,1
15,11,1
22,4,1
19,7,1
-63,89,1
-300,1,0
18,8,1
9,17,1
24,2,1
-166,192,1
-58,84,1
-118,144,1
25,1,1
-39,65,1
-27,53,1
25,1,1
0,26,1
23,3,1
-88,114,1
-310,11,0
-300,1,0
-422,123,0
-324,25,0
0,26,1
-302,3,0
-54,80,1
24,2,1
21,5,1
-17,43,1
-314,15,0
8,18,1
-36,62,1
19,7,1
-8,34,1
17,9,1
-309,10,0
-317,18,0
25,1,1
-317,18,0
22,4,1
4,22,1
-395,96,0
23,3,1
25,1,1
-303,4,0
-333,34,0
25,1,1
23,3,1
-366,67,0
20,6,1
-38,64,1
24,2,1
21,5,1
-10,36,1
25,1,1
24,2,1
23,3,1
-368,69,0
-35,61,1
24,2,1
-382,83,0
5,21,1
17,9,1
-4,30,1
-306,7,0
24,2,1
-1,27,1
-368,69,0
-312,13,0
-5,31,1
-312,13,0
20,6,1
25,1,1
17,9,1
25,1,1
-336,37,0
2,24,1
-314,15,0
-302,3,0
-301,2,0
25,1,1
-313,14,0
24,2,1
-44,70,1
25,1,1
20,6,1
19,7,1
17,9,1
-306,7,0
-15,41,1
24,2,1
21,5,1
22,4,1
-346,47,0
17,9,1
10,16,1
-64,90,1
-305,6,0
-422,123,0
17,9,1
-276,302,1
-2,28,1
23,3,1
-433,134,0
-332,33,0
15,11,1
-198,224,1
-303,4,0
8,18,1
24,2,1
10,16,1
-48,74,1
23,3,1
25,1,1
6,20,1
24,2,1
25,1,1
-338,39,0
-25,51,1
25,1,1
22,4,1
-320,21,0
-6,32,1
-387,88,0
16,10,1
17,9,1
-310,11,0
20,6,1
-352,53,0
-368,69,0
-312,13,0
-397,98,0
25,1,1
-302,3,0
-300,1,0
24,2,1
10,16,1
24,2,1
21,5,1
24,2,1
-304,5,0
-7,33,1
20,6,1
24,2,1
-300,1,0
12,14,1
17,9,1
-17,43,1
20,6,1
-313,14,0
-314,15,0
-16,42,1
25,1,1
-313,14,0
-381,82,0
25,1,1
10,16,1
-4,30,1
25,1,1
22,4,1
17,9,1
5,21,1
22,4,1
-308,9,0
-83,109,1
25,1,1
11,15,1
15,11,1
-331,32,0
16,10,1
-422,123,0
-13,39,1
-323,24,0
19,7,1
-342,43,0
-369,70,0
17,9,1
23,3,1
19,7,1
-332,33,0
-306,7,0
-360,61,0
-314,15,0
23,3,1
6,20,1
25,1,1
-49,75,1
17,9,1
-427,128,0
-305,6,0
-342,43,0
25,1,1
12,14,1
25,1,1
-311,12,0
-601,302,0
-315,16,0
20,6,1
23,3,1
-68,94,1
-367,68,0
-416,117,0
19,7,1
22,4,1
23,3,1
-351,52,0
15,11,1
-43,69,1
-362,63,0
-340,41,0
-349,50,0
25,1,1
22,4,1
25,1,1
19,7,1
-325,26,0
-316,17,0
24,2,1
25,1,1
21,5,1
-300,1,0
25,1,1
-322,23,0
-31,57,1
24,2,1
16,10,1
-21,47,1
-3,29,1
-316,17,0
25,1,1
-306,7,0
-403,104,0
25,1,1
-339,40,0
-332,33,0
-4,30,1
17,9,1
-316,17,0
-23,49,1
-315,16,0
25,1,1
18,8,1
24,2,1
25,1,1
20,6,1
-330,31,0
24,2,1
-328,29,0
22,4,1
20,6,1
-48,74,1
13,13,1
22,4,1
-46,72,1
-302,3,0
-49,75,1
-345,46,0
-101,127,1
21,5,1
12,14,1
24,2,1
-21,47,1
-307,8,0
24,2,1
23,3,1
-300,1,0
18,8,1
-332,33,0
19,7,1
21,5,1
-51,77,1
-48,74,1
-39,65,1
18,8,1
-449,150,0
20,6,1
-31,57,1
-323,24,0
24,2,1
-302,3,0
-316,17,0
-18,44,1
-348,49,0
13,13,1
19,7,1
24,2,1
24,2,1
-346,47,0
-304,5,0
-5,31,1
4,22,1
25,1,1
6,20,1
-18,44,1
20,6,1
25,1,1
-45,71,1
-316,17,0
-345,46,0
-306,7,0
21,5,1
22,4,1
24,2,1
25,1,1
-44,70,1
-65,91,1
-327,28,0
-2,28,1
11,15,1
9,17,1
-324,25,0
-19,45,1
23,3,1
-328,29,0
3,23,1
21,5,1
-316,17,0
24,2,1
20,6,1
23,3,1
-22,48,1
22,4,1
-513,214,0
-335,36,0
-357,58,0
11,15,1
24,2,1
12,14,1
23,3,1
-13,39,1
18,8,1
16,10,1
-89,115,1
16,10,1
-321,22,0
24,2,1
-422,123,0
-50,76,1
-7,33,1
10,16,1
-314,15,0
-306,7,0
25,1,1
12,14,1
-62,88,1
-594,295,0
19,7,1
-57,83,1
22,4,1
25,1,1
6,20,1
20,6,1
-26,52,1
23,3,1
22,4,1
-366,67,0
23,3,1
-303,4,0
-319,20,0
-306,7,0
22,4,1
-361,62,0
-358,59,0
25,1,1
5,21,1
23,3,1
-105,131,1
11,15,1
-10,36,1
24,2,1
19,7,1
-382,83,0
22,4,1
7,19,1
-39,65,1
18,8,1
22,4,1
25,1,1
24,2,1
-305,6,0
-356,57,0
-87,113,1
-21,47,1
22,4,1
-83,109,1
15,11,1
21,5,1
-300,1,0
14,12,1
19,7,1
23,3,1
-305,6,0
-6,32,1
20,6,1
25,1,1
-109,135,1
23,3,1
1,25,1
20,6,1
2,24,1
21,5,1
-325,26,0
15,11,1
-8,34,1
-326,27,0
-433,134,0
-88,114,1
25,1,1
25,1,1
-316,17,0
16,10,1
-311,12,0
24,2,1
24,2,1
-347,48,0
21,5,1
24,2,1
16,10,1
-300,1,0
-1,27,1
-52,78,1
22,4,1
-316,17,0
-29,55,1
-303,4,0
-325,26,0
9,17,1
16,10,1
22,4,1
-430,131,0
-386,87,0
24,2,1
-430,131,0
24,2,1
-361,62,0
-13,39,1
-405,106,0
-330,31,0
25,1,1
-312,13,0
11,15,1
-14,40,1
23,3,1
-304,5,0
13,13,1
21,5,1
24,2,1
-32,58,1
-17,43,1
-79,105,1
24,2,1
25,1,1
-304,5,0
24,2,1
-321,22,0
-310,11,0
24,2,1
18,8,1
-19,45,1
6,20,1
25,1,1
-329,30,0
15,11,1
-61,87,1
-110,136,1
-317,18,0
-300,1,0
24,2,1
-9,35,1
15,11,1
21,5,1
-318,19,0
25,1,1
24,2,1
16,10,1
24,2,1
3,23,1
-327,28,0
-5,31,1
18,8,1
-322,23,0
25,1,1
-301,2,0
-306,7,0
-7,33,1
-56,82,1
21,5,1
-15,41,1
22,4,1
-302,3,0
24,2,1
-1,27,1
1,25,1
18,8,1
18,8,1
25,1,1
21,5,1
2,24,1
-307,8,0
13,13,1
-47,73,1
-300,1,0
24,2,1
23,3,1
-180,206,1
6,20,1
-15,41,1
-57,83,1
13,13,1
16,10,1
12,14,1
-8,34,1
-137,163,1
-303,4,0
25,1,1
9,17,1
-9,35,1
8,18,1
18,8,1
-329,30,0
-97,123,1
25,1,1
-337,38,0
-327,28,0
-322,23,0
25,1,1
23,3,1
25,1,1
-308,9,0
5,21,1
-390,91,0
-36,62,1
25,1,1
-22,48,1
22,4,1
17,9,1
23,3,1
22,4,1
20,6,1
-20,46,1
21,5,1
-5,31,1
14,12,1
2,24,1
-345,46,0
9,17,1
20,6,1
-305,6,0
12,14,1
-301,2,0
-395,96,0
-336,37,0
-328,29,0
19,7,1
24,2,1
24,2,1
20,6,1
24,2,1
-312,13,0
23,3,1
-348,49,0
-15,41,1
22,4,1
17,9,1
25,1,1
-145,171,1
9,17,1
-306,7,0
-339,40,0
25,1,1
25,1,1
7,19,1
24,2,1
24,2,1
-310,11,0
-315,16,0
-314,15,0
-7,33,1
22,4,1
-354,55,0
-304,5,0
18,8,1
22,4,1
-375,76,0
-3,29,1
13,13,1
22,4,1
-309,10,0
-361,62,0
24,2,1
-315,16,0
25,1,1
24,2,1
25,1,1
-319,20,0
4,22,1
0,26,1
16,10,1
-8,34,1
-65,91,1
-409,110,0
-21,47,1
5,21,1
-371,72,0
-21,47,1
5,21,1
18,8,1
24,2,1
23,3,1
-300,1,0
23,3,1
24,2,1
14,12,1
-17,43,1
14,12,1
-315,16,0
14,12,1
-352,53,0
22,4,1
23,3,1
18,8,1
1,25,1
-311,12,0
-387,88,0
2,24,1
-322,23,0
17,9,1
-69,95,1
-362,63,0
24,2,1
22,4,1
-36,62,1
-302,3,0
-320,21,0
25,1,1
24,2,1
24,2,1
-318,19,0
-307,8,0
-5,31,1
24,2,1
24,2,1
-9,35,1
-99,125,1
11,15,1
-340,41,0
3,23,1
20,6,1
22,4,1
25,1,1
-330,31,0
-1,27,1
-310,11,0
25,1,1
-315,16,0
-313,14,0
8,18,1
25,1,1
7,19,1
14,12,1
-51,77,1
25,1,1
-5,31,1
-306,7,0
4,22,1
25,1,1
25,1,1
23,3,1
17,9,1
25,1,1
-1,27,1
-335,36,0
-21,47,1
13,13,1
22,4,1
13,13,1
13,13,1
19,7,1
22,4,1
-79,105,1
8,18,1
25,1,1
-1,27,1
-314,15,0
-414,115,0
24,2,1
24,2,1
-26,52,1
-11,37,1
-303,4,0
-440,141,0
8,18,1
-325,26,0
21,5,1
-323,24,0
-64,90,1
19,7,1
21,5,1
15,11,1
-3,29,1
16,10,1
24,2,1
25,1,1
-128,154,1
-44,70,1
25,1,1
10,16,1
-391,92,0
1,25,1
-302,3,0
-343,44,0
-46,72,1
25,1,1
14,12,1
25,1,1
-305,6,0
-97,123,1
-14,40,1
21,5,1
-123,149,1
25,1,1
24,2,1
-334,35,0
-340,41,0
-479,180,0
24,2,1
20,6,1
-17,43,1
-390,91,0
11,15,1
23,3,1
24,2,1
-361,62,0
-12,38,1
20,6,1
16,10,1
-68,94,1
13,13,1
-3,29,1
-311,12,0
-399,100,0
14,12,1
-325,26,0
-5,31,1
24,2,1
18,8,1
10,16,1
15,11,1
-30,56,1
-306,7,0
25,1,1
25,1,1
-306,7,0
20,6,1
-50,76,1
-3,29,1
-47,73,1
-333,34,0
25,1,1
0,26,1
22,4,1
-37,63,1
24,2,1
15,11,1
-300,1,0
24,2,1
-62,88,1
-308,9,0
23,3,1
25,1,1
24,2,1
-337,38,0
5,21,1
23,3,1
4,22,1
22,4,1
-8,34,1
-300,1,0
22,4,1
-339,40,0
5,21,1
25,1,1
21,5,1
-50,76,1
25,1,1
-377,78,0
25,1,1
7,19,1
8,18,1
25,1,1
-304,5,0
20,6,1
-184,210,1
8,18,1
-307,8,0
-157,183,1
24,2,1
-311,12,0
24,2,1
21,5,1
-18,44,1
-306,7,0
14,12,1
7,19,1
17,9,1
23,3,1
-18,44,1
23,3,1
8,18,1
-79,105,1
22,4,1
-2,28,1
25,1,1
23,3,1
-324,25,0
9,17,1
0,26,1
1,25,1
-312,13,0
-40,66,1
-324,25,0
25,1,1
-316,17,0
-303,4,0
-320,21,0
-2,28,1
-27,53,1
-301,2,0
20,6,1
3,23,1
-20,46,1
25,1,1
0,26,1
13,13,1
18,8,1
-54,80,1
-305,6,0
-45,71,1
23,3,1
24,2,1
24,2,1
-20,46,1
-380,81,0
-323,24,0
23,3,1
-306,7,0
16,10,1
-26,52,1
-27,53,1
-332,33,0
19,7,1
19,7,1
24,2,1
20,6,1
14,12,1
-32,58,1
4,22,1
24,2,1
25,1,1
19,7,1
24,2,1
24,2,1
-303,4,0
-534,235,0
22,4,1
-397,98,0
7,19,1
24,2,1
25,1,1
25,1,1
16,10,1
-339,40,0
25,1,1
22,4,1
-86,112,1
-25,51,1
24,2,1
-345,46,0
-14,40,1
-328,29,0
25,1,1
22,4,1
25,1,1
24,2,1
24,2,1
24,2,1
15,11,1
-47,73,1
21,5,1
-313,14,0
25,1,1
24,2,1
10,16,1
24,2,1
-320,21,0
17,9,1
13,13,1
25,1,1
3,23,1
-31,57,1
-420,121,0
25,1,1
23,3,1
25,1,1
23,3,1
-80,106,1
-367,68,0
-9,35,1
4,22,1
24,2,1
2,24,1
8,18,1
23,3,1
23,3,1
-311,12,0
-1,27,1
-303,4,0
8,18,1
-1,27,1
20,6,1
25,1,1
22,4,1
11,15,1
-53,79,1
7,19,1
25,1,1
24,2,1
-51,77,1
24,2,1
12,14,1
25,1,1
9,17,1
-300,1,0
-315,16,0
13,13,1
-318,19,0
23,3,1
-365,66,0
23,3,1
-344,45,0
-8,34,1
-25,51,1
-88,114,1
24,2,1
-347,48,0
-13,39,1
7,19,1
-324,25,0
-20,46,1
7,19,1
-91,117,1
-4,30,1
23,3,1
-27,53,1
6,20,1
-306,7,0
-311,12,0
-2,28,1
-190,216,1
-339,40,0
12,14,1
2,24,1
24,2,1
-25,51,1
-6,32,1
-32,58,1
-345,46,0
13,13,1
-300,1,0
-307,8,0
0,26,1
25,1,1
-305,6,0
24,2,1
-21,47,1
24,2,1
-23,49,1
-48,74,1
19,7,1
25,1,1
19,7,1
22,4,1
-15,41,1
-301,2,0
0,26,1
-313,14,0
-34,60,1
9,17,1
12,14,1
25,1,1
22,4,1
24,2,1
25,1,1
15,11,1
20,6,1
-307,8,0
25,1,1
-378,79,0
20,6,1
25,1,1
22,4,1
-79,105,1
20,6,1
-76,102,1
2,24,1
21,5,1
-387,88,0
25,1,1
-435,136,0
19,7,1
21,5,1
21,5,1
-15,41,1
15,11,1
-24,50,1
10,16,1
-8,34,1
21,5,1
20,6,1
16,10,1
-315,16,0
-16,42,1
-61,87,1
-59,85,1
24,2,1
-25,51,1
20,6,1
-331,32,0
-4,30,1
9,17,1
24,2,1
22,4,1
25,1,1
24,2,1
23,3,1
12,14,1
25,1,1
-40,66,1
24,2,1
-69,95,1
-44,70,1
23,3,1
12,14,1
7,19,1
25,1,1
-79,105,1
9,17,1
-303,4,0
20,6,1
-301,2,0
21,5,1
-39,65,1
-360,61,0
-18,44,1
-12,38,1
6,20,1
24,2,1
-47,73,1
-14,40,1
-302,3,0
25,1,1
12,14,1
15,11,1
1,25,1
21,5,1
22,4,1
16,10,1
8,18,1
23,3,1
5,21,1
24,2,1
23,3,1
-339,40,0
-10,36,1
20,6,1
20,6,1
22,4,1
23,3,1
-319,20,0
-313,14,0
17,9,1
24,2,1
18,8,1
-442,143,0
18,8,1
-29,55,1
25,1,1
-377,78,0
-49,75,1
-324,25,0
10,16,1
6,20,1
-5,31,1
-45,71,1
18,8,1
-341,42,0
-27,53,1
-323,24,0
-309,10,0
23,3,1
25,1,1
-7,33,1
25,1,1
-357,58,0
19,7,1
10,16,1
21,5,1
-307,8,0
-38,64,1
21,5,1
-363,64,0
11,15,1
24,2,1
25,1,1
-88,114,1
-25,51,1
-317,18,0
-325,26,0
-27,53,1
13,13,1
-301,2,0
-334,35,0
25,1,1
-27,53,1
22,4,1
18,8,1
22,4,1
15,11,1
24,2,1
-31,57,1
17,9,1
11,15,1
15,11,1
-316,17,0
19,7,1
24,2,1
10,16,1
-355,56,0
-318,19,0
17,9,1
16,10,1
-304,5,0
9,17,1
23,3,1
22,4,1
13,13,1
15,11,1
11,15,1
23,3,1
23,3,1
22,4,1
25,1,1
-16,42,1
23,3,1
20,6,1
22,4,1
-512,213,0
25,1,1
25,1,1
24,2,1
25,1,1
-359,60,0
-303,4,0
-448,149,0
14,12,1
25,1,1
-380,81,0
16,10,1
-351,52,0
4,22,1
-311,12,0
-13,39,1
19,7,1
4,22,1
18,8,1
4,22,1
-432,133,0
23,3,1
13,13,1
23,3,1
24,2,1
20,6,1
2,24,1
24,2,1
22,4,1
8,18,1
-383,84,0
6,20,1
4,22,1
-39,65,1
13,13,1
24,2,1
-10,36,1
25,1,1
-78,104,1
-1,27,1
20,6,1
-334,35,0
-17,43,1
10,16,1
18,8,1
17,9,1
25,1,1
4,22,1
-391,92,0
12,14,1
-9,35,1
-12,38,1
18,8,1
-304,5,0
18,8,1
22,4,1
23,3,1
-334,35,0
18,8,1
24,2,1
24,2,1
8,18,1
-303,4,0
15,11,1
25,1,1
18,8,1
-404,105,0
-45,71,1
24,2,1
-352,53,0
-306,7,0
24,2,1
25,1,1
21,5,1
-18,44,1
25,1,1
1,25,1
-239,265,1
25,1,1
23,3,1
25,1,1
-17,43,1
23,3,1
-394,95,0
24,2,1
-7,33,1
-310,11,0
-375,76,0
-303,4,0
17,9,1
-305,6,0
-33,59,1
15,11,1
10,16,1
23,3,1
9,17,1
-168,194,1
23,3,1
16,10,1
-19,45,1
18,8,1
23,3,1
-331,32,0
12,14,1
-312,13,0
10,16,1
20,6,1
23,3,1
-385,86,0
16,10,1
-52,78,1
24,2,1
-361,62,0
-343,44,0
17,9,1
18,8,1
-499,200,0
25,1,1
-433,134,0
25,1,1
-83,109,1
-384,85,0
16,10,1
24,2,1
10,16,1
24,2,1
-364,65,0
25,1,1
7,19,1
0,26,1
5,21,1
-16,42,1
24,2,1
-318,19,0
24,2,1
-19,45,1
-14,40,1
-354,55,0
-24,50,1
23,3,1
-20,46,1
-3,29,1
-23,49,1
-15,41,1
-301,2,0
1,25,1
1,25,1
-19,45,1
-55,81,1
13,13,1
6,20,1
25,1,1
25,1,1
6,20,1
-304,5,0
9,17,1
11,15,1
-12,38,1
3,23,1
15,11,1
-326,27,0
23,3,1
-9,35,1
16,10,1
-313,14,0
-350,51,0
14,12,1
-301,2,0
24,2,1
-315,341,1
-23,49,1
21,5,1
9,17,1
24,2,1
-327,28,0
-5,31,1
25,1,1
13,13,1
25,1,1
-114,140,1
-315,16,0
-36,62,1
-487,188,0
-330,31,0
24,2,1
-328,29,0
-318,19,0
-302,3,0
-5,31,1
5,21,1
24,2,1
-406,107,0
20,6,1
14,12,1
-10,36,1
-96,122,1
20,6,1
-6,32,1
-31,57,1
25,1,1
-121,147,1
24,2,1
-322,23,0
-307,8,0
8,18,1
-23,49,1
24,2,1
22,4,1
24,2,1
19,7,1
0,26,1
-304,5,0
-8,34,1
23,3,1
14,12,1
17,9,1
-349,50,0
14,12,1
-20,46,1
25,1,1
-340,41,0
23,3,1
20,6,1
-39,65,1
-317,18,0
-416,117,0
24,2,1
-322,23,0
25,1,1
-311,12,0
23,3,1
-44,70,1
20,6,1
-80,106,1
16,10,1
23,3,1
24,2,1
-330,31,0
-481,182,0
-382,83,0
-120,146,1
22,4,1
20,6,1
21,5,1
14,12,1
23,3,1
19,7,1
-353,54,0
4,22,1
25,1,1
21,5,1
-316,17,0
25,1,1
17,9,1
-6,32,1
-7,33,1
24,2,1
3,23,1
-317,18,0
25,1,1
-330,31,0
23,3,1
-27,53,1
-12,38,1
-385,86,0
-21,47,1
25,1,1
22,4,1
-20,46,1
14,12,1
22,4,1
-428,129,0
-17,43,1
23,3,1
-4,30,1
17,9,1
-312,13,0
-32,58,1
-301,2,0
23,3,1
22,4,1
-300,1,0
-334,35,0
25,1,1
-346,47,0
2,24,1
25,1,1
22,4,1
-324,25,0
-3,29,1
24,2,1
22,4,1
-17,43,1
-303,4,0
23,3,1
-9,35,1
-321,22,0
20,6,1
-411,112,0
25,1,1
20,6,1
22,4,1
23,3,1
0,26,1
5,21,1
18,8,1
24,2,1
9,17,1
-45,71,1
25,1,1
-308,9,0
25,1,1
24,2,1
17,9,1
25,1,1
25,1,1
11,15,1
-310,11,0
24,2,1
-36,62,1
-333,34,0
-46,72,1
21,5,1
25,1,1
-377,78,0
25,1,1
20,6,1
-302,3,0
-19,45,1
-26,52,1
-34,60,1
25,1,1
25,1,1
25,1,1
-12,38,1
-300,1,0
-534,235,0
24,2,1
25,1,1
19,7,1
25,1,1
24,2,1
14,12,1
5,21,1
-376,77,0
23,3,1
22,4,1
20,6,1
-4,30,1
15,11,1
7,19,1
25,1,1
24,2,1
2,24,1
-9,35,1
9,17,1
20,6,1
11,15,1
-311,12,0
-337,38,0
14,12,1
-80,106,1
-4,30,1
19,7,1
22,4,1
25,1,1
10,16,1
25,1,1
25,1,1
24,2,1
-4,30,1
-400,101,0
-4,30,1
-303,4,0
17,9,1
24,2,1
24,2,1
20,6,1
12,14,1
25,1,1
-353,54,0
-26,52,1
-307,8,0
24,2,1
20,6,1
-35,61,1
5,21,1
24,2,1
19,7,1
2,24,1
-88,114,1
21,5,1
-56,82,1
9,17,1
-24,50,1
23,3,1
20,6,1
-400,101,0
18,8,1
-40,66,1
19,7,1
-369,70,0
24,2,1
8,18,1
-301,2,0
-75,101,1
7,19,1
-323,24,0
-328,29,0
0,26,1
-45,71,1
-1,27,1
16,10,1
-318,19,0
21,5,1
-4,30,1
24,2,1
-318,19,0
9,17,1
-10,36,1
23,3,1
-364,65,0
25,1,1
-30,56,1
-347,48,0
13,13,1
24,2,1
21,5,1
24,2,1
25,1,1
18,8,1
-303,4,0
16,10,1
-346,47,0
-22,48,1
-62,88,1
25,1,1
8,18,1
11,15,1
24,2,1
-37,63,1
-301,2,0
-28,54,1
25,1,1
25,1,1
4,22,1
25,1,1
-47,73,1
-324,25,0
17,9,1
-17,43,1
8,18,1
-77,103,1
5,21,1
-72,98,1
21,5,1
16,10,1
-50,76,1
25,1,1
-24,50,1
25,1,1
10,16,1
-29,55,1
13,13,1
-383,84,0
24,2,1
24,2,1
-346,47,0
20,6,1
25,1,1
25,1,1
25,1,1
22,4,1
18,8,1
20,6,1
21,5,1
-49,75,1
23,3,1
22,4,1
9,17,1
12,14,1
-13,39,1
-328,29,0
-7,33,1
25,1,1
25,1,1
-301,2,0
-10,36,1
15,11,1
-35,61,1
25,1,1
19,7,1
24,2,1
20,6,1
-373,74,0
22,4,1
3,23,1
4,22,1
-22,48,1
-19,45,1
23,3,1
-311,12,0
-59,85,1
-2,28,1
12,14,1
17,9,1
25,1,1
-16,42,1
-339,40,0
24,2,1
0,26,1
15,11,1
21,5,1
-373,74,0
-362,63,0
-348,49,0
18,8,1
-6,32,1
24,2,1
21,5,1
-83,109,1
11,15,1
-48,74,1
-55,81,1
25,1,1
24,2,1
5,21,1
25,1,1
23,3,1
8,18,1
-53,79,1
-301,2,0
-82,108,1
23,3,1
11,15,1
21,5,1
12,14,1
24,2,1
8,18,1
-19,45,1
9,17,1
22,4,1
24,2,1
-7,33,1
15,11,1
-300,1,0
21,5,1
-12,38,1
25,1,1
-392,93,0
-6,32,1
18,8,1
23,3,1
13,13,1
25,1,1
23,3,1
-24,50,1
-9,35,1
24,2,1
21,5,1
-49,75,1
18,8,1
23,3,1
-345,46,0
-14,40,1
13,13,1
19,7,1
19,7,1
-22,48,1
24,2,1
7,19,1
-75,101,1
-85,111,1
10,16,1
19,7,1
-4,30,1
18,8,1
-301,2,0
23,3,1
25,1,1
-388,89,0
25,1,1
-39,65,1
-300,1,0
-388,89,0
12,14,1
-23,49,1
6,20,1
13,13,1
-45,71,1
22,4,1
-13,39,1
-307,8,0
24,2,1
20,6,1
25,1,1
-396,97,0
-333,34,0
25,1,1
24,2,1
-401,102,0
13,13,1
-55,81,1
0,26,1
20,6,1
-58,84,1
-320,21,0
23,3,1
25,1,1
-4,30,1
-324,25,0
-363,64,0
-326,27,0
3,23,1
-378,79,0
20,6,1
15,11,1
-18,44,1
25,1,1
21,5,1
15,11,1
19,7,1
-25,51,1
-173,199,1
-322,23,0
13,13,1
4,22,1
25,1,1
23,3,1
23,3,1
-123,149,1
-393,94,0
25,1,1
-351,52,0
24,2,1
21,5,1
24,2,1
8,18,1
-6,32,1
24,2,1
-303,4,0
-373,74,0
-401,102,0
22,4,1
25,1,1
-330,31,0
12,14,1
0,26,1
16,10,1
6,20,1
-2,28,1
-304,5,0
25,1,1
24,2,1
22,4,1
24,2,1
-355,56,0
14,12,1
-48,74,1
-14,40,1
23,3,1
-322,23,0
-51,77,1
-22,48,1
-336,37,0
24,2,1
-300,1,0
-302,3,0
12,14,1
8,18,1
-335,36,0
-312,13,0
-29,55,1
22,4,1
23,3,1
-341,42,0
21,5,1
-29,55,1
9,17,1
7,19,1
-300,1,0
-2,28,1
15,11,1
25,1,1
18,8,1
16,10,1
18,8,1
24,2,1
25,1,1
12,14,1
-335,36,0
11,15,1
-441,142,0
25,1,1
-57,83,1
24,2,1
-319,20,0
18,8,1
-54,80,1
6,20,1
24,2,1
-130,156,1
20,6,1
-336,37,0
25,1,1
20,6,1
-305,6,0
11,15,1
-316,17,0
-3,29,1
-341,42,0
17,9,1
25,1,1
-322,23,0
9,17,1
-31,57,1
-14,40,1
8,18,1
-52,78,1
-14,40,1
21,5,1
4,22,1
24,2,1
-348,49,0
21,5,1
-332,33,0
4,22,1
-6,32,1
-300,1,0
24,2,1
-336,37,0
17,9,1
10,16,1
24,2,1
23,3,1
21,5,1
-94,120,1
22,4,1
-28,54,1
-348,49,0
12,14,1
17,9,1
17,9,1
25,1,1
-319,20,0
4,22,1
-12,38,1
24,2,1
-309,10,0
21,5,1
24,2,1
15,11,1
25,1,1
15,11,1
-16,42,1
-11,37,1
20,6,1
-349,50,0
-41,67,1
-320,21,0
25,1,1
25,1,1
-313,14,0
25,1,1
-91,117,1
23,3,1
-387,88,0
16,10,1
-342,43,0
-302,3,0
17,9,1
-3,29,1
23,3,1
25,1,1
17,9,1
23,3,1
24,2,1
25,1,1
-60,86,1
-305,6,0
-307,8,0
-342,43,0
25,1,1
-17,43,1
-23,49,1
25,1,1
24,2,1
25,1,1
22,4,1
7,19,1
-81,107,1
25,1,1
25,1,1
20,6,1
-332,33,0
22,4,1
-43,69,1
25,1,1
-3,29,1
-19,45,1
16,10,1
14,12,1
-304,5,0
24,2,1
21,5,1
-352,53,0
-14,40,1
-310,11,0
9,17,1
-409,110,0
6,20,1
22,4,1
23,3,1
-184,210,1
-4,30,1
-21,47,1
19,7,1
22,4,1
22,4,1
18,8,1
25,1,1
-62,88,1
-300,1,0
-5,31,1
20,6,1
20,6,1
24,2,1
25,1,1
-308,9,0
4,22,1
11,15,1
-5,31,1
21,5,1
24,2,1
16,10,1
-17,43,1
9,17,1
-308,9,0
18,8,1
-350,51,0
16,10,1
18,8,1
-304,5,0
-69,95,1
9,17,1
-300,1,0
25,1,1
-114,140,1
25,1,1
-24,50,1
22,4,1
-364,65,0
22,4,1
25,1,1
25,1,1
-315,16,0
11,15,1
21,5,1
20,6,1
21,5,1
-319,20,0
18,8,1
20,6,1
25,1,1
-17,43,1
-43,69,1
-129,155,1
-331,32,0
24,2,1
-314,15,0
25,1,1
0,26,1
-306,7,0
-304,5,0
-4,30,1
3,23,1
-371,72,0
-308,9,0
22,4,1
8,18,1
25,1,1
14,12,1
17,9,1
23,3,1
11,15,1
-17,43,1
25,1,1
19,7,1
24,2,1
14,12,1
-11,37,1
23,3,1
-8,34,1
18,8,1
-303,4,0
18,8,1
-314,15,0
-10,36,1
20,6,1
24,2,1
-307,8,0
-9,35,1
0,26,1
20,6,1
24,2,1
-300,1,0
22,4,1
23,3,1
4,22,1
-304,5,0
25,1,1
23,3,1
-94,120,1
19,7,1
-197,223,1
24,2,1
24,2,1
23,3,1
-374,75,0
-335,36,0
23,3,1
-54,80,1
25,1,1
-6,32,1
24,2,1
-4,30,1
23,3,1
-303,4,0
12,14,1
-29,55,1
23,3,1
24,2,1
-96,122,1
20,6,1
22,4,1
-311,12,0
16,10,1
-9,35,1
25,1,1
24,2,1
-310,11,0
14,12,1
9,17,1
19,7,1
-302,3,0
23,3,1
23,3,1
-53,79,1
-22,48,1
-377,78,0
-393,94,0
-185,211,1
18,8,1
17,9,1
24,2,1
6,20,1
24,2,1
-304,5,0
14,12,1
-66,92,1
15,11,1
23,3,1
24,2,1
-59,85,1
8,18,1
-305,6,0
18,8,1
-300,1,0
23,3,1
-335,36,0
24,2,1
25,1,1
14,12,1
22,4,1
-47,73,1
24,2,1
-81,107,1
24,2,1
-363,64,0
21,5,1
-36,62,1
21,5,1
-300,1,0
24,2,1
-322,23,0
-13,39,1
20,6,1
14,12,1
15,11,1
-5,31,1
20,6,1
-402,103,0
-37,63,1
18,8,1
-9,35,1
-92,118,1
-308,9,0
22,4,1
10,16,1
-313,14,0
25,1,1
2,24,1
24,2,1
18,8,1
24,2,1
24,2,1
-301,2,0
-22,48,1
-324,25,0
-310,11,0
-431,132,0
21,5,1
-308,9,0
19,7,1
22,4,1
-33,59,1
25,1,1
-27,53,1
22,4,1
25,1,1
25,1,1
-75,101,1
22,4,1
25,1,1
25,1,1
18,8,1
0,26,1
-32,58,1
-336,37,0
12,14,1
-17,43,1
-315,16,0
22,4,1
25,1,1
0,26,1
20,6,1
-302,3,0
25,1,1
-20,46,1
-25,51,1
24,2,1
25,1,1
10,16,1
16,10,1
21,5,1
-37,63,1
25,1,1
-90,116,1
21,5,1
24,2,1
-315,16,0
-330,31,0
22,4,1
-1,27,1
-51,77,1
-333,34,0
25,1,1
19,7,1
0,26,1
25,1,1
-300,1,0
-5,31,1
-480,181,0
7,19,1
-63,89,1
-304,5,0
-350,51,0
2,24,1
24,2,1
19,7,1
-366,67,0
-33,59,1
-34,60,1
24,2,1
-334,35,0
16,10,1
-33,59,1
25,1,1
24,2,1
25,1,1
6,20,1
-39,65,1
-8,34,1
-60,86,1
15,11,1
25,1,1
18,8,1
-73,99,1
7,19,1
-69,95,1
-408,109,0
-300,1,0
-302,3,0
-336,37,0
-307,8,0
-125,151,1
-51,77,1
-2,28,1
-304,5,0
-24,50,1
9,17,1
23,3,1
25,1,1
-304,5,0
12,14,1
-345,46,0
23,3,1
1,25,1
20,6,1
-11,37,1
-33,59,1
13,13,1
20,6,1
-517,218,0
25,1,1
-34,60,1
13,13,1
16,10,1
25,1,1
-59,85,1
-43,69,1
21,5,1
-440,141,0
17,9,1
24,2,1
24,2,1
-313,14,0
-382,83,0
7,19,1
18,8,1
-351,52,0
18,8,1
21,5,1
-10,36,1
9,17,1
14,12,1
-618,319,0
6,20,1
16,10,1
25,1,1
-347,48,0
21,5,1
23,3,1
4,22,1
24,2,1
-101,127,1
9,17,1
21,5,1
15,11,1
-351,52,0
7,19,1
17,9,1
21,5,1
-284,310,1
14,12,1
25,1,1
-31,57,1
23,3,1
24,2,1
-41,67,1
24,2,1
23,3,1
-151,177,1
-24,50,1
-301,2,0
24,2,1
8,18,1
24,2,1
-323,24,0
24,2,1
24,2,1
-10,36,1
22,4,1
-47,73,1
-90,116,1
-60,86,1
16,10,1
19,7,1
-340,41,0
-16,42,1
3,23,1
6,20,1
19,7,1
6,20,1
24,2,1
23,3,1
-336,37,0
17,9,1
22,4,1
24,2,1
6,20,1
-39,65,1
22,4,1
-311,12,0
-367,68,0
21,5,1
18,8,1
17,9,1
24,2,1
-309,10,0
18,8,1
-325,26,0
25,1,1
3,23,1
25,1,1
16,10,1
24,2,1
13,13,1
-337,38,0
25,1,1
-82,108,1
-34,60,1
-13,39,1
-349,50,0
25,1,1
24,2,1
-311,12,0
7,19,1
24,2,1
-333,34,0
19,7,1
-111,137,1
25,1,1
-302,3,0
17,9,1
-437,138,0
-300,1,0
23,3,1
-305,6,0
14,12,1
25,1,1
25,1,1
-307,8,0
-244,270,1
21,5,1
-46,72,1
-305,6,0
23,3,1
-356,57,0
-87,113,1
-2,28,1
24,2,1
25,1,1
22,4,1
22,4,1
-102,128,1
-1,27,1
-13,39,1
-110,136,1
10,16,1
-372,73,0
7,19,1
8,18,1
21,5,1
25,1,1
24,2,1
10,16,1
-314,15,0
14,12,1
8,18,1
9,17,1
-76,102,1
-66,92,1
25,1,1
-65,91,1
18,8,1
8,18,1
25,1,1
23,3,1
16,10,1
25,1,1
-15,41,1
-314,15,0
11,15,1
-307,8,0
-304,5,0
23,3,1
-300,1,0
14,12,1
-56,82,1
6,20,1
24,2,1
24,2,1
25,1,1
25,1,1
21,5,1
21,5,1
7,19,1
25,1,1
-324,25,0
2,24,1
25,1,1
23,3,1
-34,60,1
24,2,1
20,6,1
-300,1,0
-305,6,0
12,14,1
25,1,1
12,14,1
-1,27,1
-344,45,0
-8,34,1
-18,44,1
-315,16,0
-22,48,1
4,22,1
-321,22,0
21,5,1
25,1,1
-332,33,0
1,25,1
-52,78,1
15,11,1
-300,1,0
20,6,1
25,1,1
25,1,1
24,2,1
-5,31,1
-312,13,0
21,5,1
8,18,1
-124,150,1
19,7,1
25,1,1
-21,47,1
-67,93,1
-414,115,0
9,17,1
16,10,1
19,7,1
-388,89,0
-8,34,1
-108,134,1
1,25,1
-336,37,0
-82,108,1
16,10,1
-343,44,0
17,9,1
23,3,1
-28,54,1
1,25,1
-359,60,0
18,8,1
25,1,1
15,11,1
13,13,1
-337,38,0
-51,77,1
22,4,1
-2,28,1
25,1,1
-304,5,0
-363,64,0
4,22,1
9,17,1
25,1,1
25,1,1
24,2,1
-354,55,0
-306,7,0
-311,12,0
24,2,1
24,2,1
14,12,1
25,1,1
-2,28,1
25,1,1
25,1,1
-8,34,1
-302,3,0
-306,7,0
25,1,1
-11,37,1
-21,47,1
-374,75,0
13,13,1
-394,95,0
24,2,1
-23,49,1
25,1,1
-327,28,0
-24,50,1
-19,45,1
-51,77,1
22,4,1
24,2,1
10,16,1
19,7,1
13,13,1
-404,105,0
7,19,1
25,1,1
-74,100,1
24,2,1
25,1,1
20,6,1
25,1,1
-329,30,0
13,13,1
25,1,1
9,17,1
-37,63,1
21,5,1
17,9,1
19,7,1
13,13,1
-343,44,0
24,2,1
-15,41,1
24,2,1
-302,3,0
20,6,1
23,3,1
-49,75,1
17,9,1
21,5,1
-327,28,0
-315,16,0
23,3,1
-6,32,1
-4,30,1
-348,49,0
20,6,1
17,9,1
16,10,1
-313,14,0
-321,22,0
25,1,1
-307,8,0
19,7,1
25,1,1
-358,59,0
-132,158,1
22,4,1
9,17,1
18,8,1
-1,27,1
24,2,1
24,2,1
8,18,1
-248,274,1
-303,4,0
24,2,1
-307,8,0
-107,133,1
-53,79,1
22,4,1
-63,89,1
-2,28,1
22,4,1
-27,53,1
-15,41,1
-69,95,1
-306,7,0
-302,3,0
-334,35,0
25,1,1
-319,20,0
23,3,1
18,8,1
-27,53,1
24,2,1
24,2,1
-348,49,0
2,24,1
-8,34,1
25,1,1
21,5,1
-316,17,0
13,13,1
-320,21,0
-302,3,0
25,1,1
-302,3,0
23,3,1
3,23,1
24,2,1
-36,62,1
-120,146,1
-7,33,1
-327,28,0
22,4,1
-335,36,0
24,2,1
3,23,1
-333,34,0
24,2,1
15,11,1
-38,64,1
17,9,1
-20,46,1
25,1,1
7,19,1
19,7,1
-305,6,0
25,1,1
24,2,1
-16,42,1
3,23,1
-56,82,1
19,7,1
24,2,1
25,1,1
-301,2,0
24,2,1
25,1,1
7,19,1
19,7,1
-10,36,1
-21,47,1
-33,59,1
11,15,1
-320,21,0
-360,61,0
25,1,1
24,2,1
21,5,1
25,1,1
11,15,1
-303,4,0
-321,22,0
22,4,1
-6,32,1
19,7,1
21,5,1
-53,79,1
-378,79,0
-319,20,0
18,8,1
19,7,1
6,20,1
-307,8,0
25,1,1
-323,24,0
8,18,1
9,17,1
2,24,1
24,2,1
-103,129,1
-2,28,1
-303,4,0
23,3,1
-402,103,0
14,12,1
23,3,1
18,8,1
20,6,1
23,3,1
-323,24,0
-300,1,0
-350,51,0
-22,48,1
25,1,1
21,5,1
-50,76,1
-301,2,0
-20,46,1
25,1,1
21,5,1
18,8,1
-8,34,1
-300,1,0
-300,1,0
-105,131,1
21,5,1
20,6,1
10,16,1
24,2,1
8,18,1
-310,11,0
-342,43,0
19,7,1
25,1,1
-29,55,1
19,7,1
-3,29,1
-14,40,1
23,3,1
25,1,1
23,3,1
21,5,1
-308,9,0
-381,82,0
-306,7,0
-37,63,1
-327,28,0
1,25,1
23,3,1
21,5,1
-4,30,1
11,15,1
15,11,1
23,3,1
-309,10,0
0,26,1
19,7,1
5,21,1
15,11,1
15,11,1
21,5,1
-32,58,1
17,9,1
-38,64,1
-15,41,1
-301,2,0
-321,22,0
13,13,1
-371,72,0
19,7,1
-338,39,0
-45,71,1
-16,42,1
24,2,1
24,2,1
24,2,1
-524,225,0
1,25,1
11,15,1
12,14,1
-8,34,1
-38,64,1
4,22,1
16,10,1
21,5,1
25,1,1
25,1,1
-382,83,0
-303,4,0
10,16,1
24,2,1
21,5,1
25,1,1
25,1,1
25,1,1
25,1,1
22,4,1
15,11,1
-321,22,0
21,5,1
25,1,1
23,3,1
25,1,1
19,7,1
20,6,1
-316,17,0
15,11,1
-8,34,1
25,1,1
20,6,1
21,5,1
17,9,1
15,11,1
20,6,1
19,7,1
25,1,1
24,2,1
-64,90,1
-305,6,0
7,19,1
-392,93,0
13,13,1
-409,110,0
-311,12,0
16,10,1
-444,145,0
21,5,1
-28,54,1
-301,2,0
-79,105,1
23,3,1
-5,31,1
17,9,1
6,20,1
24,2,1
25,1,1
4,22,1
12,14,1
5,21,1
24,2,1
24,2,1
25,1,1
6,20,1
-53,79,1
25,1,1
25,1,1
-300,1,0
-303,4,0
9,17,1
12,14,1
25,1,1
-22,48,1
-21,47,1
-22,48,1
5,21,1
-326,27,0
-313,14,0
19,7,1
-30,56,1
24,2,1
4,22,1
-1,27,1
-13,39,1
-27,53,1
-328,29,0
19,7,1
22,4,1
16,10,1
23,3,1
15,11,1
7,19,1
21,5,1
-6,32,1
-3,29,1
-381,82,0
-80,106,1
-303,4,0
22,4,1
-331,32,0
16,10,1
-70,96,1
-323,24,0
17,9,1
24,2,1
-300,1,0
-36,62,1
23,3,1
24,2,1
25,1,1
21,5,1
-318,19,0
-5,31,1
-16,42,1
-314,15,0
-1,27,1
-46,72,1
-69,95,1
18,8,1
-330,31,0
21,5,1
21,5,1
24,2,1
24,2,1
5,21,1
23,3,1
25,1,1
-6,32,1
24,2,1
20,6,1
-319,345,1
-321,22,0
25,1,1
-346,47,0
24,2,1
17,9,1
0,26,1
-6,32,1
-71,97,1
-7,33,1
10,16,1
-307,8,0
-269,295,1
3,23,1
19,7,1
11,15,1
-4,30,1
13,13,1
-8,34,1
21,5,1
-329,30,0
4,22,1
22,4,1
-301,2,0
-366,67,0
-331,32,0
20,6,1
20,6,1
-300,1,0
21,5,1
13,13,1
-386,87,0
25,1,1
23,3,1
-18,44,1
-41,67,1
-338,39,0
24,2,1
-3,29,1
-314,15,0
19,7,1
-334,35,0
4,22,1
17,9,1
25,1,1
8,18,1
25,1,1
15,11,1
10,16,1
25,1,1
-305,6,0
18,8,1
-50,76,1
25,1,1
15,11,1
-302,3,0
25,1,1
20,6,1
-2,28,1
21,5,1
25,1,1
24,2,1
-17,43,1
-314,15,0
-2,28,1
-40,66,1
-319,20,0
19,7,1
18,8,1
-382,83,0
25,1,1
21,5,1
-10,36,1
-457,158,0
25,1,1
25,1,1
6,20,1
14,12,1
-66,92,1
25,1,1
-135,161,1
25,1,1
7,19,1
-15,41,1
16,10,1
25,1,1
24,2,1
24,2,1
10,16,1
22,4,1
-41,67,1
16,10,1
25,1,1
-341,42,0
19,7,1
24,2,1
11,15,1
21,5,1
-305,6,0
-5,31,1
-538,239,0
10,16,1
24,2,1
21,5,1
11,15,1
-315,16,0
20,6,1
-346,47,0
-428,129,0
-416,117,0
24,2,1
-24,50,1
18,8,1
21,5,1
16,10,1
-301,2,0
-316,17,0
13,13,1
21,5,1
25,1,1
-316,17,0
15,11,1
20,6,1
-323,24,0
-311,12,0
22,4,1
22,4,1
25,1,1
24,2,1
-80,106,1
14,12,1
-7,33,1
-13,39,1
25,1,1
14,12,1
7,19,1
-20,46,1
16,10,1
4,22,1
20,6,1
25,1,1
-8,34,1
-355,56,0
0,26,1
19,7,1
-72,98,1
23,3,1
19,7,1
-309,10,0
24,2,1
8,18,1
19,7,1
15,11,1
-425,126,0
1,25,1
-112,138,1
-23,49,1
-62,88,1
-64,90,1
10,16,1
21,5,1
25,1,1
8,18,1
-4,30,1
-75,101,1
3,23,1
-336,37,0
23,3,1
22,4,1
24,2,1
-350,51,0
24,2,1
-41,67,1
7,19,1
21,5,1
-10,36,1
-310,11,0
24,2,1
-17,43,1
23,3,1
-17,43,1
-318,19,0
21,5,1
23,3,1
-310,11,0
11,15,1
11,15,1
22,4,1
-327,28,0
-311,12,0
-8,34,1
25,1,1
22,4,1
24,2,1
22,4,1
23,3,1
18,8,1
23,3,1
25,1,1
4,22,1
8,18,1
-300,1,0
23,3,1
4,22,1
25,1,1
15,11,1
-2,28,1
-48,74,1
11,15,1
23,3,1
-1,27,1
23,3,1
11,15,1
15,11,1
-352,53,0
23,3,1
-92,118,1
25,1,1
24,2,1
17,9,1
-311,12,0
24,2,1
-381,82,0
-31,57,1
25,1,1
17,9,1
-23,49,1
22,4,1
-305,6,0
17,9,1
25,1,1
8,18,1
-302,3,0
-412,113,0
-22,48,1
23,3,1
14,12,1
-311,12,0
-18,44,1
17,9,1
-312,13,0
14,12,1
25,1,1
15,11,1
25,1,1
-6,32,1
-325,26,0
-69,95,1
21,5,1
-400,101,0
-389,90,0
25,1,1
-87,113,1
-302,3,0
-316,17,0
-342,43,0
-356,57,0
3,23,1
10,16,1
19,7,1
-300,1,0
-301,2,0
21,5,1
-6,32,1
-310,11,0
-58,84,1
25,1,1
-414,115,0
20,6,1
-360,61,0
25,1,1
23,3,1
21,5,1
14,12,1
17,9,1
-107,133,1
-24,50,1
8,18,1
25,1,1
-321,22,0
21,5,1
-99,125,1
-20,46,1
1,25,1
12,14,1
-20,46,1
6,20,1
24,2,1
6,20,1
22,4,1
22,4,1
22,4,1
25,1,1
13,13,1
16,10,1
23,3,1
25,1,1
-414,115,0
24,2,1
23,3,1
2,24,1
-64,90,1
19,7,1
-393,94,0
-108,134,1
24,2,1
-30,56,1
16,10,1
-100,126,1
-76,102,1
25,1,1
-15,41,1
13,13,1
-303,4,0
-335,36,0
22,4,1
25,1,1
-465,166,0
4,22,1
-307,8,0
17,9,1
25,1,1
4,22,1
17,9,1
23,3,1
23,3,1
13,13,1
19,7,1
24,2,1
25,1,1
24,2,1
24,2,1
7,19,1
9,17,1
-27,53,1
8,18,1
24,2,1
7,19,1
-341,42,0
-13,39,1
-308,9,0
25,1,1
24,2,1
22,4,1
21,5,1
-309,10,0
16,10,1
25,1,1
24,2,1
-356,57,0
25,1,1
9,17,1
-13,39,1
-1,27,1
19,7,1
5,21,1
25,1,1
24,2,1
21,5,1
-384,85,0
25,1,1
7,19,1
23,3,1
25,1,1
25,1,1
24,2,1
-300,1,0
24,2,1
23,3,1
22,4,1
4,22,1
-21,47,1
24,2,1
22,4,1
-307,8,0
25,1,1
19,7,1
-2,28,1
-4,30,1
25,1,1
6,20,1
-370,71,0
25,1,1
22,4,1
-3,29,1
-354,55,0
1,25,1
22,4,1
2,24,1
24,2,1
11,15,1
-313,14,0
4,22,1
-384,85,0
24,2,1
25,1,1
18,8,1
-357,58,0
24,2,1
25,1,1
24,2,1
-301,2,0
-305,6,0
18,8,1
-303,4,0
-18,44,1
-6,32,1
14,12,1
-304,5,0
23,3,1
-38,64,1
-301,2,0
22,4,1
23,3,1
25,1,1
25,1,1
-36,62,1
-20,46,1
-311,12,0
22,4,1
21,5,1
20,6,1
24,2,1
24,2,1
14,12,1
-10,36,1
10,16,1
22,4,1
22,4,1
-31,57,1
-317,18,0
23,3,1
23,3,1
-303,4,0
-307,8,0
-302,3,0
17,9,1
-300,1,0
-1,27,1
15,11,1
21,5,1
14,12,1
-315,16,0
-329,30,0
24,2,1
-305,6,0
-6,32,1
-323,24,0
18,8,1
24,2,1
-325,26,0
-42,68,1
16,10,1
18,8,1
7,19,1
21,5,1
-8,34,1
25,1,1
-445,146,0
24,2,1
4,22,1
22,4,1
-328,29,0
25,1,1
-4,30,1
25,1,1
-26,52,1
-9,35,1
-300,1,0
24,2,1
-38,64,1
14,12,1
-67,93,1
21,5,1
22,4,1
25,1,1
23,3,1
14,12,1
24,2,1
12,14,1
23,3,1
22,4,1
-452,153,0
25,1,1
15,11,1
2,24,1
-318,19,0
25,1,1
-362,63,0
25,1,1
19,7,1
8,18,1
25,1,1
0,26,1
25,1,1
-48,74,1
-4,30,1
-359,60,0
-12,38,1
-398,99,0
-58,84,1
24,2,1
-33,59,1
3,23,1
20,6,1
-125,151,1
21,5,1
24,2,1
19,7,1
-311,12,0
16,10,1
-78,104,1
-323,24,0
25,1,1
21,5,1
-5,31,1
-9,35,1
25,1,1
2,24,1
20,6,1
-109,135,1
24,2,1
-42,68,1
25,1,1
24,2,1
-70,96,1
24,2,1
-334,35,0
25,1,1
-309,10,0
5,21,1
-301,2,0
24,2,1
-19,45,1
4,22,1
-50,76,1
-307,8,0
22,4,1
24,2,1
-356,57,0
8,18,1
-312,13,0
-302,3,0
-26,52,1
-311,12,0
22,4,1
-311,12,0
