-248,50,0
40,10,1
-283,22,0
28,2,1
33,18,1
25,1,1
-282,20,0
25,1,1
38,14,1
-296,41,0
48,33,1
31,13,1
-280,34,0
52,16,1
31,3,1
-276,36,0
58,53,1
-291,7,0
40,13,1
38,17,1
36,18,1
28,2,1
35,15,1
31,3,1
45,23,1
50,41,1
-301,2,0
45,40,1
-298,5,0
49,45,1
40,43,1
-286,52,0
-241,89,0
27,3,1
36,12,1
-294,8,0
-295,10,0
25,1,1
25,1,1
-285,58,0
-299,9,0
-264,58,0
36,14,1
-278,29,0
25,1,1
38,11,1
44,36,1
-290,46,0
-248,127,0
-259,90,0
46,17,1
-299,6,0
32,17,1
-236,149,0
34,13,1
-300,1,0
-300,20,0
-284,19,0
-293,33,0
58,27,1
79,55,1
-292,11,0
-278,31,0
27,3,1
46,11,1
25,1,1
-270,31,0
-287,41,0
85,78,1
44,29,1
23,2,1
-296,4,0
25,1,1
-298,8,0
-281,31,0
-286,15,0
-295,14,0
62,33,1
-301,2,0
38,8,1
46,15,1
45,37,1
34,13,1
-304,6,0
44,15,1
-290,27,0
23,2,1
-266,73,0
-242,82,0
-300,1,0
28,2,1
29,41,1
-238,85,0
-247,97,0
-302,2,0
-287,12,0
-288,36,0
-274,53,0
-300,1,0
-298,6,0
-284,107,0
-271,44,0
-293,38,0
-300,1,0
-299,6,0
28,6,1
-289,6,0
-283,19,0
-229,212,0
-297,8,0
-300,1,0
-282,27,0
-258,81,0
48,30,1
56,33,1
-297,2,0
31,23,1
-278,17,0
80,73,1
27,5,1
-304,18,0
34,14,1
43,13,1
-281,32,0
-298,8,0
38,7,1
27,5,1
-296,4,0
-302,2,0
26,3,1
-298,15,0
42,24,1
25,1,1
64,57,1
23,2,1
-288,59,0
43,18,1
74,59,1
-255,69,0
53,28,1
-296,12,0
-302,2,0
-296,13,0
-270,79,0
55,23,1
-276,31,0
-298,3,0
73,124,1
-285,40,0
-299,8,0
40,6,1
-296,8,0
34,7,1
33,8,1
-293,33,0
-277,41,0
25,1,1
62,46,1
-300,4,0
39,12,1
64,33,1
-302,2,0
-292,36,0
-297,14,0
-261,69,0
31,3,1
-300,1,0
-294,3,0
-302,2,0
-189,145,0
34,7,1
-289,24,0
25,1,1
-301,4,0
25,1,1
-295,9,0
41,14,1
32,8,1
28,2,1
-296,7,0
-268,48,0
36,11,1
-300,1,0
-276,40,0
38,7,1
51,24,1
-269,56,0
-271,70,0
-263,48,0
-296,16,0
-298,3,0
40,26,1
39,23,1
27,6,1
57,35,1
27,3,1
-281,22,0
33,5,1
-296,70,0
-305,4,0
23,2,1
-282,10,0
25,1,1
-301,2,0
-292,8,0
-293,8,0
-285,25,0
-297,2,0
-304,12,0
-266,87,0
-282,22,0
-299,14,0
-288,16,0
36,10,1
-300,1,0
-290,52,0
-301,2,0
24,2,1
-276,38,0
-304,6,0
89,118,1
65,75,1
36,9,1
-303,22,0
-308,5,0
32,11,1
-297,2,0
-274,27,0
28,2,1
25,1,1
-248,124,0
42,19,1
70,66,1
-290,72,0
28,2,1
-296,13,0
-293,17,0
45,30,1
-296,4,0
-290,15,0
-297,2,0
44,22,1
-290,6,0
-297,2,0
-303,13,0
-301,54,0
-298,8,0
40,15,1
-299,10,0
-296,8,0
37,8,1
-302,5,0
-292,38,0
-299,3,0
-291,4,0
34,22,1
-305,7,0
-274,50,0
25,1,1
-254,57,0
25,4,1
-261,48,0
25,1,1
-261,47,0
-284,41,0
-277,77,0
-300,1,0
-303,26,0
38,31,1
39,45,1
43,20,1
-301,22,0
-255,81,0
-271,38,0
-291,9,0
25,1,1
55,46,1
-300,4,0
-307,18,0
-300,1,0
-286,47,0
25,1,1
57,90,1
-301,2,0
-285,12,0
-282,75,0
-300,1,0
51,40,1
-246,78,0
-295,14,0
-296,7,0
60,40,1
-297,2,0
-299,46,0
45,46,1
-300,1,0
-292,26,0
-300,12,0
31,3,1
28,2,1
31,3,1
38,11,1
-296,22,0
-270,87,0
-300,1,0
-296,10,0
28,5,1
39,10,1
-301,5,0
39,18,1
39,32,1
34,11,1
-229,128,0
-300,1,0
-293,5,0
-303,6,0
41,12,1
26,16,1
-278,90,0
-287,8,0
-298,24,0
-244,61,0
38,17,1
-304,15,0
-296,4,0
-284,15,0
25,1,1
-299,4,0
25,1,1
-268,53,0
24,2,1
-227,82,0
-297,7,0
-223,200,0
30,9,1
-294,31,0
-275,36,0
66,52,1
46,24,1
28,2,1
-278,10,0
23,2,1
39,23,1
-253,143,0
-281,25,0
65,68,1
-282,58,0
-287,39,0
25,1,1
-300,1,0
25,1,1
-283,37,0
-300,1,0
-301,2,0
48,32,1
-227,95,0
-249,138,0
48,28,1
24,4,1
29,4,1
55,39,1
45,34,1
45,13,1
-300,1,0
-301,2,0
19,15,1
-270,45,0
67,91,1
-297,2,0
-297,2,0
-252,107,0
-303,3,0
-288,11,0
-299,7,0
-262,71,0
-300,1,0
25,1,1
35,45,1
29,8,1
58,29,1
-297,8,0
-269,20,0
37,32,1
-291,45,0
-285,15,0
-293,5,0
31,25,1
-298,7,0
25,1,1
34,4,1
25,1,1
25,1,1
-288,14,0
-295,19,0
-298,26,0
-296,4,0
-293,19,0
-266,38,0
36,33,1
-263,47,0
-292,7,0
-244,77,0
-288,54,0
28,2,1
94,100,1
-255,67,0
78,60,1
83,79,1
-261,120,0
-300,1,0
-273,42,0
53,27,1
-285,52,0
-260,68,0
-254,54,0
25,1,1
-305,10,0
25,1,1
-273,31,0
-269,47,0
25,1,1
30,7,1
43,14,1
-267,44,0
37,10,1
-295,7,0
25,1,1
-232,111,0
29,7,1
26,3,1
41,51,1
-285,19,0
-306,4,0
-277,33,0
-243,65,0
58,90,1
-298,6,0
-282,13,0
48,21,1
17,16,1
25,1,1
25,1,1
48,16,1
-199,143,0
38,7,1
25,1,1
-275,24,0
-291,9,0
-277,83,0
42,32,1
53,61,1
32,6,1
28,2,1
40,30,1
28,2,1
22,3,1
-297,9,0
70,52,1
-241,92,0
32,9,1
-295,62,0
-284,46,0
49,35,1
-297,2,0
95,122,1
73,57,1
49,12,1
41,27,1
-289,26,0
-292,51,0
58,58,1
-252,106,0
-295,4,0
132,159,1
-171,181,0
-273,57,0
-294,29,0
-292,19,0
-305,10,0
-284,42,0
70,96,1
-282,15,0
-298,6,0
-290,17,0
-273,53,0
-279,41,0
-289,9,0
-301,2,0
59,34,1
25,1,1
-301,7,0
-294,10,0
30,33,1
34,13,1
24,5,1
-299,13,0
63,28,1
-286,30,0
-283,28,0
36,6,1
-300,4,0
-297,2,0
-299,11,0
-297,2,0
49,30,1
-286,62,0
-270,48,0
-300,1,0
34,7,1
-259,76,0
-296,4,0
45,22,1
-299,4,0
-302,2,0
-294,6,0
25,1,1
44,47,1
55,38,1
31,8,1
39,13,1
25,1,1
26,10,1
39,14,1
-297,2,0
25,1,1
28,2,1
-286,7,0
34,4,1
67,66,1
-301,7,0
-283,20,0
57,56,1
-298,18,0
-288,19,0
-292,29,0
-270,37,0
-296,4,0
25,1,1
63,64,1
-270,116,0
-297,2,0
60,41,1
-301,2,0
40,25,1
-298,6,0
-289,57,0
-303,3,0
39,17,1
-275,79,0
-277,34,0
-292,30,0
-298,3,0
-303,14,0
25,1,1
-292,12,0
-272,25,0
53,31,1
-300,1,0
-277,30,0
-228,141,0
-240,81,0
81,83,1
-300,5,0
-288,5,0
-300,1,0
28,2,1
-297,2,0
-320,25,0
-281,39,0
64,45,1
-291,30,0
-308,11,0
28,18,1
-293,5,0
44,27,1
31,3,1
27,15,1
64,105,1
-305,15,0
-293,23,0
25,1,1
31,10,1
-300,12,0
-274,47,0
-233,76,0
72,48,1
40,22,1
-237,145,0
-279,20,0
41,17,1
-294,14,0
-298,19,0
-300,6,0
-292,25,0
-293,8,0
23,3,1
-259,78,0
-292,5,0
29,4,1
119,184,1
32,19,1
62,55,1
-284,37,0
25,1,1
25,1,1
-235,130,0
-305,6,0
-288,42,0
-284,24,0
-278,17,0
-254,99,0
-287,10,0
-289,6,0
-279,19,0
-294,9,0
53,30,1
-300,1,0
59,42,1
-300,1,0
-292,14,0
25,4,1
60,64,1
-281,14,0
-296,7,0
-284,22,0
86,90,1
24,2,1
33,7,1
-289,11,0
-280,114,0
-270,14,0
41,15,1
-284,42,0
-282,38,0
26,4,1
27,11,1
23,11,1
27,3,1
25,1,1
-295,4,0
-294,19,0
46,39,1
25,6,1
-289,27,0
24,5,1
-280,32,0
35,9,1
45,16,1
-295,6,0
-269,46,0
-280,25,0
-296,5,0
-300,1,0
44,24,1
-285,23,0
109,104,1
25,1,1
28,2,1
-176,222,0
36,8,1
-238,96,0
-303,6,0
57,24,1
50,35,1
55,51,1
50,42,1
-291,14,0
31,11,1
57,32,1
28,2,1
-306,12,0
28,2,1
24,2,1
-297,14,0
29,11,1
-291,16,0
49,39,1
44,14,1
43,29,1
23,2,1
-300,1,0
64,45,1
33,5,1
-284,40,0
49,28,1
-293,11,0
-301,7,0
29,21,1
25,1,1
-297,5,0
53,70,1
-297,2,0
-292,29,0
25,1,1
35,9,1
-307,5,0
36,12,1
-294,7,0
36,37,1
-301,14,0
47,28,1
32,21,1
-298,3,0
34,7,1
-295,12,0
-298,3,0
-300,1,0
-285,11,0
49,21,1
-295,7,0
-279,34,0
31,11,1
112,115,1
25,1,1
-304,9,0
-300,1,0
-300,1,0
47,39,1
28,2,1
54,28,1
-259,58,0
-271,121,0
32,6,1
-300,1,0
48,32,1
-296,10,0
25,1,1
40,55,1
-279,48,0
25,1,1
-280,43,0
28,13,1
-297,20,0
35,19,1
-304,3,0
-278,49,0
88,85,1
-290,34,0
-267,54,0
-252,96,0
25,1,1
38,7,1
25,4,1
38,7,1
-289,35,0
-277,43,0
-300,1,0
84,75,1
-288,15,0
-267,57,0
-301,11,0
46,34,1
50,14,1
-268,23,0
-302,26,0
25,1,1
-308,6,0
-234,147,0
-245,159,0
38,8,1
40,9,1
39,12,1
48,58,1
-315,33,0
-295,18,0
-270,65,0
-278,39,0
25,1,1
38,11,1
-300,1,0
-301,2,0
-294,8,0
38,14,1
-295,6,0
-259,109,0
-275,18,0
32,5,1
-298,19,0
-294,10,0
71,57,1
52,34,1
95,108,1
37,21,1
34,29,1
30,4,1
-291,22,0
-285,20,0
25,1,1
-283,38,0
-304,22,0
-290,15,0
24,19,1
-210,198,0
47,36,1
-290,10,0
-259,63,0
32,8,1
-241,127,0
-256,84,0
44,14,1
-296,5,0
29,5,1
85,111,1
25,22,1
70,57,1
89,77,1
33,5,1
-288,18,0
-276,34,0
42,18,1
57,37,1
-294,3,0
38,10,1
-219,127,0
42,16,1
-275,34,0
-304,59,0
-292,17,0
28,2,1
-285,12,0
75,60,1
-277,26,0
-261,47,0
25,1,1
-261,88,0
-283,20,0
-308,14,0
29,5,1
31,9,1
36,14,1
-304,6,0
-257,84,0
-299,3,0
-269,64,0
38,19,1
-271,62,0
47,50,1
41,27,1
-300,1,0
-251,91,0
-266,53,0
28,8,1
24,2,1
-292,12,0
36,19,1
72,104,1
-300,1,0
25,1,1
-299,6,0
25,5,1
77,112,1
32,9,1
-294,14,0
33,7,1
37,15,1
-305,4,0
-287,23,0
31,6,1
33,27,1
-261,65,0
47,32,1
49,9,1
40,29,1
29,8,1
-287,39,0
25,1,1
79,146,1
-300,1,0
39,14,1
25,1,1
25,1,1
-294,23,0
-294,39,0
78,50,1
25,1,1
-291,9,0
-299,9,0
-271,36,0
28,2,1
31,12,1
-300,1,0
-291,19,0
-289,69,0
-293,27,0
-294,17,0
-301,2,0
-301,2,0
-300,1,0
-287,48,0
25,1,1
33,9,1
25,1,1
28,2,1
32,6,1
-283,15,0
-300,1,0
29,11,1
49,27,1
-291,7,0
49,26,1
-300,1,0
42,27,1
33,15,1
-226,96,0
-300,4,0
-284,24,0
-262,86,0
-297,10,0
-286,19,0
-256,76,0
28,48,1
-274,41,0
25,1,1
78,103,1
35,12,1
25,1,1
-302,2,0
57,44,1
33,14,1
-266,87,0
-302,18,0
-299,16,0
-273,62,0
25,1,1
-238,111,0
-295,29,0
25,1,1
-286,19,0
-300,7,0
-258,72,0
-284,30,0
24,2,1
-299,4,0
-260,61,0
-306,18,0
109,125,1
49,34,1
-303,23,0
-294,3,0
26,24,1
33,5,1
-302,2,0
-294,6,0
69,55,1
-291,4,0
25,1,1
-292,22,0
58,53,1
-302,2,0
-284,71,0
38,13,1
31,6,1
28,2,1
25,1,1
-278,54,0
31,3,1
-293,6,0
60,38,1
-284,24,0
33,13,1
-288,16,0
-316,41,0
-289,9,0
34,7,1
-303,6,0
-300,1,0
35,12,1
58,41,1
25,1,1
-300,1,0
25,1,1
29,5,1
-297,30,0
46,33,1
-305,12,0
35,13,1
-251,144,0
-293,5,0
82,67,1
25,1,1
-274,33,0
31,6,1
-298,6,0
25,1,1
-303,3,0
59,40,1
43,17,1
-299,3,0
54,29,1
-302,2,0
34,11,1
-297,5,0
33,16,1
-300,1,0
-299,3,0
-244,78,0
-283,14,0
-285,30,0
-295,38,0
-303,3,0
42,27,1
-303,3,0
23,5,1
-293,5,0
75,90,1
-293,11,0
-300,10,0
-300,1,0
45,23,1
-269,72,0
58,31,1
-262,61,0
-302,2,0
51,23,1
-292,5,0
46,22,1
25,1,1
-293,17,0
-285,29,0
27,6,1
24,2,1
-266,66,0
-292,16,0
-290,17,0
40,6,1
36,16,1
25,1,1
64,57,1
78,80,1
-294,6,0
35,6,1
-301,14,0
50,31,1
-257,67,0
-304,6,0
49,24,1
25,1,1
-282,62,0
-300,1,0
37,8,1
25,1,1
-257,52,0
28,2,1
25,1,1
-292,31,0
-302,3,0
-298,3,0
31,9,1
59,55,1
-237,113,0
33,5,1
-305,4,0
-282,45,0
-287,16,0
-300,7,0
-296,11,0
38,17,1
-277,32,0
-293,49,0
-305,10,0
45,21,1
-296,5,0
25,1,1
-296,8,0
32,5,1
-277,33,0
-274,83,0
55,42,1
45,45,1
-302,12,0
51,17,1
33,5,1
41,27,1
-299,3,0
-296,29,0
-298,13,0
28,2,1
-298,5,0
-283,63,0
54,28,1
23,2,1
25,1,1
-280,12,0
-304,7,0
23,3,1
-299,17,0
44,16,1
-244,45,0
36,6,1
64,73,1
29,4,1
83,80,1
-270,89,0
-212,194,0
-297,2,0
37,11,1
-274,34,0
-289,10,0
-263,55,0
-296,4,0
88,104,1
44,12,1
25,1,1
-267,72,0
51,21,1
46,19,1
41,14,1
43,50,1
25,1,1
54,22,1
126,168,1
23,2,1
-241,141,0
59,49,1
35,12,1
47,21,1
-303,31,0
52,17,1
-291,15,0
36,30,1
29,21,1
-290,36,0
-300,1,0
63,51,1
50,31,1
50,20,1
36,20,1
-301,15,0
25,1,1
-300,40,0
-292,17,0
38,13,1
25,1,1
56,37,1
-304,4,0
-282,13,0
-294,21,0
-271,68,0
69,75,1
25,1,1
25,1,1
45,27,1
25,1,1
25,1,1
-214,129,0
-300,1,0
42,28,1
54,22,1
80,98,1
25,1,1
-296,7,0
-301,2,0
45,20,1
40,18,1
-280,47,0
55,50,1
52,23,1
-296,5,0
-260,42,0
31,16,1
69,73,1
-291,22,0
28,2,1
-300,1,0
28,8,1
-291,8,0
27,9,1
28,5,1
45,12,1
-270,21,0
28,2,1
46,26,1
38,12,1
-290,22,0
25,1,1
42,15,1
-294,6,0
40,16,1
-282,21,0
46,38,1
111,128,1
-289,19,0
-293,27,0
46,17,1
25,1,1
-307,43,0
-300,1,0
-202,161,0
25,1,1
24,2,1
25,1,1
23,2,1
35,6,1
-312,10,0
33,5,1
-296,16,0
-300,27,0
-286,45,0
25,1,1
58,46,1
78,58,1
-283,15,0
-297,11,0
43,26,1
25,1,1
-254,67,0
-282,32,0
-250,93,0
29,5,1
-296,7,0
-289,6,0
-284,21,0
39,16,1
-276,25,0
23,2,1
22,3,1
-292,26,0
36,10,1
81,63,1
-271,44,0
-298,28,0
30,7,1
117,131,1
26,3,1
46,26,1
-297,2,0
49,24,1
64,64,1
-293,25,0
25,1,1
-291,20,0
-250,49,0
-291,11,0
36,16,1
46,22,1
-300,1,0
25,1,1
30,7,1
-285,28,0
-288,45,0
59,41,1
-282,33,0
37,14,1
-272,47,0
-239,73,0
-294,9,0
-292,37,0
-294,20,0
-300,1,0
46,41,1
-294,6,0
25,4,1
-288,29,0
30,6,1
-281,20,0
47,45,1
-289,19,0
36,8,1
-303,3,0
32,8,1
-291,21,0
60,24,1
-229,132,0
31,3,1
42,27,1
31,3,1
-281,34,0
-300,1,0
35,66,1
26,3,1
-252,80,0
-297,2,0
-277,15,0
25,1,1
28,5,1
-298,6,0
25,1,1
-242,110,0
38,8,1
-284,47,0
34,4,1
-293,22,0
31,9,1
-277,44,0
36,14,1
-298,3,0
24,8,1
43,31,1
-279,25,0
-301,25,0
40,17,1
-288,35,0
68,73,1
-284,17,0
-280,34,0
-306,5,0
-275,59,0
42,63,1
-293,6,0
40,11,1
41,18,1
-295,17,0
31,6,1
-295,22,0
-295,4,0
29,4,1
-292,5,0
-254,86,0
-300,23,0
53,24,1
-282,17,0
106,94,1
65,46,1
-289,41,0
24,2,1
-292,30,0
-287,41,0
-294,28,0
-290,31,0
-293,15,0
38,14,1
36,21,1
25,1,1
-255,57,0
-288,11,0
25,1,1
-294,8,0
-279,21,0
-294,11,0
-264,59,0
33,11,1
-298,44,0
-276,38,0
-293,5,0
-300,7,0
38,31,1
65,53,1
-284,20,0
-268,75,0
25,1,1
-251,84,0
32,8,1
20,28,1
-290,9,0
-298,9,0
31,8,1
-297,2,0
25,1,1
-288,21,0
-285,22,0
-292,13,0
-252,80,0
31,3,1
21,4,1
25,1,1
-266,32,0
39,7,1
-275,38,0
35,15,1
68,93,1
-279,12,0
-295,15,0
26,3,1
89,99,1
54,50,1
-283,27,0
-307,8,0
-295,75,0
35,10,1
30,41,1
-279,33,0
-262,56,0
-281,23,0
39,7,1
41,18,1
-271,35,0
-261,53,0
-290,35,0
25,1,1
25,1,1
-237,152,0
-296,34,0
33,25,1
25,4,1
-296,16,0
-272,49,0
-294,3,0
26,3,1
39,26,1
-295,39,0
-287,57,0
43,20,1
-306,5,0
39,18,1
-305,7,0
30,4,1
-300,7,0
39,28,1
-285,29,0
42,52,1
-258,31,0
-302,19,0
-292,21,0
109,138,1
37,18,1
44,30,1
-300,23,0
-295,6,0
-301,10,0
56,36,1
28,5,1
-286,35,0
-295,13,0
-245,68,0
-272,40,0
-291,19,0
-300,1,0
51,29,1
25,1,1
43,43,1
75,114,1
36,28,1
64,66,1
49,21,1
-270,63,0
30,8,1
25,1,1
-289,10,0
25,1,1
-287,59,0
-300,1,0
-286,95,0
-298,6,0
-290,18,0
25,1,1
-296,10,0
72,44,1
31,8,1
37,13,1
-302,18,0
31,3,1
-280,44,0
-289,11,0
34,4,1
-294,6,0
-292,14,0
-294,10,0
25,1,1
47,41,1
42,28,1
103,137,1
-291,4,0
47,22,1
25,1,1
23,2,1
-300,1,0
23,2,1
30,25,1
115,155,1
25,1,1
-304,3,0
105,120,1
44,23,1
23,2,1
-300,1,0
47,15,1
44,22,1
-292,57,0
-298,24,0
-275,18,0
36,6,1
54,53,1
30,4,1
25,1,1
35,18,1
25,1,1
25,1,1
-289,31,0
61,33,1
-258,55,0
37,15,1
65,101,1
53,39,1
-295,27,0
35,9,1
30,4,1
-267,37,0
50,23,1
65,64,1
39,29,1
-289,12,0
-295,10,0
-294,9,0
27,3,1
27,6,1
28,10,1
-304,15,0
-300,16,0
23,2,1
50,37,1
25,1,1
60,26,1
36,15,1
-293,9,0
39,36,1
42,30,1
25,1,1
35,38,1
29,4,1
31,6,1
54,33,1
-305,10,0
31,3,1
25,1,1
-203,208,0
54,31,1
48,27,1
46,22,1
-298,8,0
-251,93,0
35,6,1
27,3,1
45,22,1
-289,46,0
56,63,1
-295,11,0
-270,50,0
39,13,1
28,2,1
-292,21,0
89,64,1
-301,4,0
-309,7,0
-231,76,0
38,10,1
-302,2,0
-293,8,0
-271,61,0
-221,89,0
-297,2,0
26,4,1
27,3,1
-293,18,0
17,6,1
23,8,1
-286,12,0
-279,42,0
27,6,1
36,36,1
-260,79,0
38,8,1
-232,133,0
-308,9,0
42,15,1
34,19,1
-297,2,0
-300,1,0
-290,9,0
-298,3,0
-267,44,0
75,81,1
-287,37,0
-300,14,0
42,21,1
25,1,1
73,69,1
-303,3,0
-292,5,0
34,7,1
36,6,1
23,2,1
-295,4,0
-299,12,0
-277,40,0
43,16,1
25,1,1
30,4,1
-258,57,0
59,36,1
-292,10,0
-300,1,0
25,1,1
25,1,1
28,2,1
-279,32,0
25,1,1
59,34,1
28,2,1
64,43,1
-302,2,0
53,53,1
31,3,1
48,16,1
-270,38,0
25,1,1
-288,22,0
-253,88,0
39,15,1
-301,8,0
-309,18,0
-302,3,0
-297,2,0
54,52,1
25,1,1
37,8,1
27,3,1
-191,151,0
-280,55,0
-256,93,0
25,1,1
-298,7,0
-293,9,0
42,15,1
63,49,1
26,6,1
-296,11,0
25,1,1
-282,32,0
-300,18,0
-294,9,0
40,27,1
57,45,1
-296,16,0
44,23,1
-282,11,0
52,25,1
-300,1,0
-300,1,0
28,5,1
101,97,1
24,8,1
36,6,1
-292,19,0
49,39,1
-282,12,0
46,35,1
-292,33,0
39,27,1
51,28,1
-302,16,0
-276,49,0
-302,2,0
30,9,1
-297,2,0
25,1,1
30,6,1
-309,19,0
-285,12,0
-302,2,0
25,1,1
-273,21,0
-302,2,0
25,1,1
-284,55,0
-305,4,0
25,1,1
75,76,1
24,2,1
40,26,1
-305,7,0
-282,27,0
-294,9,0
-301,7,0
28,26,1
40,19,1
59,47,1
54,28,1
91,129,1
-300,1,0
28,2,1
28,8,1
-300,1,0
103,110,1
51,31,1
32,21,1
-292,22,0
-275,76,0
31,6,1
69,98,1
-295,9,0
-298,10,0
28,2,1
24,2,1
-296,46,0
-293,5,0
60,44,1
23,2,1
-240,56,0
-279,15,0
-301,7,0
25,1,1
-306,7,0
-282,27,0
59,68,1
-281,24,0
-282,48,0
28,2,1
-274,59,0
55,60,1
25,1,1
25,1,1
29,17,1
-298,30,0
37,14,1
23,14,1
-295,4,0
30,9,1
25,1,1
25,1,1
-302,2,0
-294,10,0
-268,68,0
-303,3,0
39,10,1
52,15,1
26,3,1
-266,41,0
32,6,1
31,11,1
61,54,1
-290,7,0
-290,6,0
75,67,1
-285,25,0
101,87,1
-301,2,0
116,169,1
-243,85,0
-297,2,0
-289,15,0
-300,1,0
25,1,1
-299,3,0
-299,3,0
-293,35,0
-303,3,0
-294,19,0
29,7,1
32,5,1
23,2,1
28,5,1
75,69,1
23,2,1
25,1,1
31,3,1
-304,11,0
39,15,1
-277,27,0
38,11,1
-225,170,0
-300,1,0
89,123,1
-300,7,0
44,19,1
77,49,1
-248,70,0
25,1,1
-269,32,0
57,19,1
-301,4,0
45,19,1
-285,47,0
-289,12,0
-228,148,0
-252,50,0
-303,6,0
30,12,1
-290,9,0
-291,18,0
-264,106,0
-295,24,0
28,2,1
-190,252,0
-291,16,0
46,19,1
66,48,1
-295,4,0
-284,34,0
-294,3,0
35,24,1
31,6,1
24,2,1
-295,7,0
-300,1,0
-290,7,0
52,28,1
33,5,1
36,8,1
-293,36,0
-301,2,0
25,1,1
37,17,1
-240,120,0
-284,23,0
25,1,1
-285,19,0
31,3,1
35,6,1
28,2,1
-279,30,0
48,28,1
64,34,1
43,27,1
-273,22,0
-306,5,0
59,34,1
-274,42,0
42,36,1
-301,4,0
-304,3,0
-300,4,0
54,37,1
25,1,1
-281,29,0
49,29,1
-293,48,0
62,54,1
-284,19,0
-286,34,0
-282,13,0
28,5,1
110,128,1
40,24,1
53,26,1
-276,62,0
44,41,1
25,1,1
-287,14,0
-300,4,0
31,9,1
-288,23,0
35,6,1
31,3,1
37,5,1
-304,3,0
25,1,1
-275,42,0
-301,12,0
-300,4,0
46,12,1
25,1,1
-303,3,0
-289,35,0
45,15,1
41,25,1
43,17,1
-292,8,0
23,2,1
43,34,1
-268,58,0
34,12,1
-271,86,0
31,9,1
-282,59,0
-295,47,0
49,24,1
28,2,1
-302,2,0
29,4,1
-300,1,0
33,11,1
-299,3,0
-302,5,0
52,37,1
-282,55,0
-288,15,0
-295,4,0
-308,10,0
53,19,1
-274,87,0
-289,19,0
44,12,1
25,1,1
-301,4,0
-297,11,0
-299,3,0
-284,12,0
-291,12,0
38,10,1
30,7,1
34,4,1
-289,6,0
65,46,1
-285,15,0
-291,36,0
31,3,1
-304,12,0
38,13,1
42,58,1
54,21,1
-287,14,0
-282,22,0
41,16,1
31,3,1
-300,46,0
28,2,1
43,17,1
60,24,1
-245,93,0
-280,9,0
40,22,1
-269,40,0
-247,56,0
49,28,1
-276,30,0
-255,68,0
-288,14,0
28,2,1
44,37,1
-228,129,0
27,12,1
45,35,1
-290,6,0
55,23,1
32,14,1
64,48,1
-273,20,0
25,1,1
31,3,1
44,9,1
28,2,1
-282,10,0
-292,24,0
40,6,1
38,18,1
-223,164,0
-300,4,0
70,60,1
28,2,1
-261,44,0
28,2,1
25,1,1
32,16,1
66,42,1
-305,26,0
42,18,1
28,2,1
46,40,1
36,15,1
52,23,1
26,3,1
-281,18,0
-283,100,0
-290,19,0
31,16,1
48,37,1
25,1,1
61,38,1
37,5,1
-300,1,0
-288,41,0
31,10,1
-290,13,0
63,33,1
39,7,1
44,20,1
35,9,1
23,2,1
45,46,1
27,5,1
-303,3,0
31,6,1
51,17,1
-299,4,0
25,1,1
-296,22,0
-272,76,0
33,19,1
-294,7,0
89,99,1
-300,4,0
101,102,1
44,13,1
-296,15,0
48,33,1
-300,4,0
35,14,1
23,2,1
59,81,1
63,46,1
44,37,1
-300,1,0
49,29,1
39,34,1
44,19,1
25,1,1
47,29,1
85,90,1
66,35,1
-300,1,0
33,5,1
-302,2,0
-259,100,0
-228,133,0
-264,59,0
33,5,1
-291,33,0
25,1,1
-297,2,0
35,9,1
33,13,1
56,37,1
28,2,1
-299,3,0
-270,31,0
49,15,1
23,2,1
54,31,1
33,5,1
-295,9,0
-297,2,0
-293,8,0
33,5,1
53,19,1
69,64,1
-283,19,0
96,89,1
25,1,1
-257,88,0
78,91,1
-291,10,0
-300,1,0
-309,10,0
-311,8,0
59,49,1
40,28,1
-303,13,0
38,14,1
-262,44,0
36,8,1
31,3,1
41,23,1
-259,57,0
45,23,1
25,1,1
57,52,1
60,34,1
-296,8,0
-282,21,0
31,8,1
47,45,1
-287,52,0
39,7,1
-278,24,0
-288,17,0
-275,30,0
25,1,1
35,17,1
47,37,1
26,9,1
-301,4,0
-291,42,0
71,41,1
36,8,1
25,5,1
-238,96,0
51,28,1
28,2,1
-287,39,0
25,1,1
46,21,1
64,35,1
42,14,1
24,2,1
-305,49,0
-292,5,0
-282,26,0
27,3,1
43,24,1
-294,3,0
56,30,1
32,6,1
-274,37,0
32,5,1
-290,9,0
-299,37,0
-300,1,0
-294,43,0
-230,104,0
34,10,1
28,6,1
26,3,1
35,6,1
41,16,1
42,23,1
30,4,1
-261,78,0
-248,85,0
22,3,1
25,1,1
28,8,1
-302,2,0
59,25,1
-292,5,0
25,1,1
-301,5,0
42,21,1
55,30,1
28,2,1
-300,1,0
27,3,1
-276,61,0
65,57,1
-292,14,0
34,7,1
-296,16,0
58,31,1
41,15,1
-274,76,0
-292,28,0
-300,7,0
34,36,1
-300,1,0
25,1,1
-279,96,0
25,1,1
35,15,1
-282,31,0
-281,28,0
25,1,1
-301,2,0
62,52,1
-281,36,0
59,30,1
-275,28,0
25,1,1
-246,69,0
71,47,1
28,2,1
28,2,1
-297,62,0
33,12,1
-274,43,0
-304,6,0
34,10,1
25,1,1
43,17,1
43,21,1
46,39,1
43,20,1
25,1,1
66,80,1
-297,2,0
-286,22,0
-280,32,0
25,1,1
35,6,1
63,50,1
-245,89,0
36,9,1
-249,98,0
-302,2,0
89,138,1
61,38,1
38,11,1
50,31,1
68,41,1
-291,7,0
41,9,1
39,13,1
-308,16,0
28,2,1
43,22,1
-244,131,0
31,3,1
-296,4,0
32,16,1
47,20,1
-309,7,0
-255,82,0
27,20,1
-304,6,0
-286,27,0
50,31,1
42,15,1
-294,3,0
30,4,1
35,12,1
74,52,1
49,22,1
48,21,1
-274,24,0
-298,8,0
25,1,1
-287,15,0
50,28,1
-306,15,0
25,1,1
46,22,1
-277,42,0
120,117,1
-270,44,0
66,55,1
38,11,1
25,1,1
40,9,1
-259,58,0
-303,5,0
-296,7,0
25,4,1
35,15,1
25,1,1
-291,11,0
-300,4,0
34,4,1
-274,25,0
-304,18,0
-293,9,0
48,21,1
28,7,1
28,2,1
-298,11,0
-276,29,0
29,4,1
47,29,1
-269,41,0
31,3,1
-285,6,0
42,16,1
-269,37,0
64,33,1
-292,10,0
-302,2,0
47,28,1
52,35,1
-282,11,0
-294,17,0
29,10,1
92,119,1
38,8,1
25,1,1
28,2,1
100,84,1
25,1,1
-291,7,0
-278,21,0
-297,2,0
25,1,1
35,7,1
-282,20,0
-299,6,0
-279,27,0
-270,70,0
25,1,1
46,20,1
66,69,1
25,1,1
42,25,1
24,4,1
23,8,1
25,1,1
44,27,1
-290,9,0
-279,17,0
40,9,1
-299,29,0
-292,8,0
-291,10,0
47,57,1
61,39,1
64,58,1
37,9,1
38,11,1
47,13,1
31,3,1
-288,8,0
-291,14,0
45,13,1
39,33,1
25,1,1
25,1,1
-306,8,0
45,21,1
25,1,1
-292,10,0
44,37,1
-265,40,0
69,67,1
51,22,1
41,8,1
-295,4,0
56,49,1
-285,27,0
35,6,1
-278,41,0
41,11,1
-288,19,0
40,30,1
-278,33,0
-299,28,0
44,13,1
23,6,1
-291,52,0
30,10,1
42,18,1
-290,36,0
-292,49,0
-300,1,0
25,1,1
-285,26,0
35,17,1
28,2,1
-238,106,0
-300,1,0
39,13,1
63,68,1
-289,26,0
28,2,1
62,80,1
28,5,1
25,1,1
-297,19,0
27,3,1
23,2,1
30,4,1
25,1,1
56,29,1
34,4,1
25,1,1
51,21,1
-292,14,0
-297,2,0
-300,1,0
21,13,1
25,1,1
54,24,1
41,12,1
15,57,1
25,1,1
37,5,1
28,2,1
38,8,1
68,82,1
54,57,1
36,32,1
64,33,1
-270,48,0
-275,64,0
44,22,1
36,19,1
-303,3,0
-304,12,0
-308,12,0
32,8,1
25,1,1
33,8,1
-274,52,0
186,266,1
31,9,1
-295,22,0
-300,6,0
36,29,1
-296,16,0
53,19,1
31,14,1
46,23,1
26,3,1
34,13,1
-292,13,0
-288,11,0
-291,11,0
25,1,1
29,41,1
46,21,1
34,11,1
-294,14,0
25,1,1
28,8,1
31,3,1
-300,1,0
-264,62,0
60,46,1
25,4,1
-295,26,0
25,1,1
-273,31,0
-277,18,0
34,10,1
50,24,1
30,4,1
25,1,1
38,8,1
53,29,1
28,5,1
32,47,1
28,5,1
-301,2,0
25,13,1
44,12,1
-300,1,0
-296,7,0
-298,3,0
-295,4,0
25,1,1
80,51,1
57,26,1
39,16,1
-279,14,0
-298,3,0
32,5,1
25,1,1
25,1,1
40,17,1
-270,84,0
30,4,1
-283,18,0
-306,7,0
32,5,1
48,24,1
-254,82,0
25,1,1
25,1,1
-302,2,0
53,45,1
-302,8,0
-221,141,0
56,21,1
-302,6,0
25,1,1
25,1,1
-254,75,0
33,13,1
43,17,1
-303,9,0
34,4,1
30,15,1
30,9,1
-298,3,0
61,45,1
-281,22,0
-234,79,0
-298,3,0
29,4,1
25,1,1
44,20,1
26,3,1
25,1,1
-293,8,0
31,11,1
23,15,1
-301,2,0
-300,1,0
-292,10,0
-296,38,0
-302,5,0
63,56,1
-294,3,0
25,1,1
56,26,1
129,123,1
36,6,1
37,11,1
37,13,1
-295,4,0
23,9,1
-277,23,0
39,10,1
41,21,1
36,12,1
36,22,1
67,34,1
-270,36,0
23,3,1
-282,22,0
25,1,1
-261,66,0
30,10,1
-293,8,0
36,10,1
28,2,1
-233,99,0
34,21,1
-296,14,0
-304,9,0
63,62,1
25,1,1
-303,6,0
-300,18,0
31,6,1
26,13,1
50,36,1
45,15,1
25,1,1
-295,6,0
-294,6,0
-281,48,0
-304,4,0
-288,8,0
-276,70,0
30,4,1
-300,1,0
37,8,1
-302,2,0
35,12,1
36,8,1
-256,52,0
23,2,1
24,2,1
-284,22,0
25,1,1
31,3,1
44,26,1
-279,27,0
28,2,1
-301,2,0
34,4,1
42,19,1
-290,12,0
-273,24,0
-272,46,0
-297,33,0
25,1,1
30,4,1
45,15,1
24,2,1
-270,47,0
-279,53,0
63,76,1
-302,2,0
-296,21,0
-294,3,0
-300,1,0
-307,11,0
28,2,1
31,3,1
-296,4,0
24,2,1
25,1,1
54,25,1
73,123,1
-295,23,0
-294,28,0
25,1,1
33,5,1
96,90,1
-273,36,0
-297,2,0
-306,4,0
36,11,1
34,9,1
-258,77,0
31,3,1
25,1,1
44,16,1
25,1,1
-300,1,0
-301,2,0
34,4,1
83,84,1
-300,4,0
-294,3,0
45,36,1
25,1,1
-270,30,0
25,1,1
42,13,1
33,11,1
-288,5,0
62,36,1
25,1,1
31,3,1
43,59,1
-268,62,0
37,18,1
36,12,1
-292,13,0
63,48,1
-275,23,0
68,54,1
25,1,1
61,30,1
41,24,1
-292,7,0
32,18,1
30,11,1
-276,36,0
25,1,1
42,8,1
28,2,1
-251,84,0
-306,4,0
-300,1,0
69,54,1
41,15,1
28,2,1
29,7,1
83,68,1
39,19,1
42,23,1
25,1,1
-286,30,0
40,17,1
30,4,1
41,22,1
47,26,1
38,13,1
-297,11,0
-298,6,0
48,54,1
70,59,1
86,65,1
32,5,1
20,4,1
31,6,1
-298,12,0
39,15,1
47,16,1
47,25,1
37,5,1
107,119,1
67,37,1
25,1,1
59,37,1
63,45,1
31,3,1
-261,85,0
-300,1,0
26,4,1
53,29,1
-301,4,0
31,3,1
43,11,1
46,17,1
-243,103,0
-297,5,0
25,1,1
-257,98,0
-288,25,0
-286,16,0
42,30,1
-297,2,0
38,7,1
40,14,1
35,13,1
-300,6,0
36,9,1
34,10,1
49,25,1
41,26,1
-300,12,0
31,6,1
23,2,1
-300,1,0
24,2,1
-266,47,0
33,7,1
-299,23,0
-305,4,0
80,58,1
44,15,1
-300,1,0
34,9,1
37,15,1
-295,12,0
-272,36,0
-296,8,0
34,4,1
38,19,1
28,2,1
-294,33,0
28,2,1
44,16,1
29,4,1
53,67,1
-301,10,0
25,1,1
-284,11,0
31,3,1
-294,20,0
44,30,1
-282,68,0
34,4,1
25,1,1
-273,29,0
-302,28,0
-280,40,0
23,2,1
-268,74,0
-286,29,0
-275,37,0
42,8,1
-297,2,0
-297,21,0
41,15,1
-296,15,0
-284,21,0
25,1,1
-297,2,0
25,1,1
45,34,1
37,5,1
61,50,1
47,55,1
28,2,1
57,22,1
-240,72,0
41,23,1
35,9,1
25,1,1
25,1,1
49,33,1
38,20,1
46,18,1
28,2,1
-292,8,0
25,4,1
36,6,1
31,3,1
-295,13,0
29,7,1
-300,1,0
51,18,1
22,6,1
-305,13,0
-210,136,0
28,2,1
28,2,1
-282,28,0
48,25,1
-296,13,0
52,25,1
63,51,1
28,2,1
28,2,1
-304,16,0
-299,3,0
25,1,1
35,10,1
-300,4,0
-214,148,0
52,23,1
37,10,1
37,27,1
42,11,1
-307,49,0
51,54,1
36,8,1
43,17,1
30,6,1
-295,17,0
-266,42,0
24,2,1
37,5,1
-298,3,0
36,9,1
-302,2,0
40,6,1
-268,46,0
-264,53,0
-294,6,0
-291,19,0
-270,40,0
42,8,1
-289,27,0
47,38,1
-301,2,0
-299,3,0
53,16,1
-273,20,0
-280,54,0
46,19,1
43,20,1
-298,22,0
-292,17,0
-298,9,0
25,1,1
26,6,1
-274,27,0
26,3,1
25,1,1
25,1,1
47,11,1
-276,107,0
-287,20,0
42,17,1
25,1,1
63,42,1
30,7,1
36,6,1
98,105,1
40,10,1
-297,8,0
82,58,1
31,3,1
62,26,1
39,7,1
25,1,1
-292,10,0
25,1,1
-311,10,0
42,31,1
24,2,1
-300,1,0
25,1,1
59,38,1
-287,18,0
-284,30,0
43,41,1
37,5,1
23,2,1
86,82,1
29,7,1
25,1,1
44,16,1
28,2,1
91,85,1
29,10,1
-263,49,0
54,30,1
37,12,1
64,40,1
-270,65,0
46,8,1
-296,12,0
25,1,1
31,3,1
37,13,1
67,67,1
53,26,1
45,32,1
30,4,1
25,1,1
-263,65,0
-298,5,0
-289,36,0
26,6,1
61,36,1
-294,25,0
38,17,1
62,57,1
81,62,1
24,4,1
25,1,1
43,19,1
24,2,1
57,68,1
37,46,1
27,3,1
39,7,1
31,3,1
47,18,1
37,12,1
28,2,1
31,3,1
29,4,1
53,19,1
-260,59,0
43,20,1
34,16,1
30,4,1
34,4,1
38,7,1
44,9,1
69,62,1
25,1,1
53,27,1
-300,7,0
83,70,1
-259,55,0
-290,27,0
27,5,1
29,4,1
47,19,1
-281,26,0
-217,117,0
-254,112,0
31,3,1
28,2,1
-282,19,0
60,52,1
-288,8,0
60,75,1
-296,11,0
74,54,1
-276,39,0
-304,3,0
-287,19,0
-301,7,0
81,61,1
38,10,1
36,9,1
60,28,1
36,6,1
31,3,1
-302,6,0
53,20,1
-298,10,0
43,16,1
33,7,1
34,22,1
26,3,1
-291,15,0
31,7,1
25,1,1
-266,35,0
54,38,1
38,7,1
25,1,1
36,6,1
-295,12,0
-290,29,0
25,1,1
-274,39,0
28,2,1
42,14,1
54,37,1
38,8,1
72,57,1
48,19,1
65,29,1
36,6,1
-300,1,0
54,24,1
-271,55,0
-302,2,0
-296,4,0
76,57,1
31,20,1
34,4,1
30,6,1
24,2,1
-299,40,0
56,33,1
27,3,1
-300,1,0
51,23,1
-301,8,0
25,1,1
51,34,1
72,54,1
28,2,1
48,20,1
31,3,1
25,4,1
43,12,1
-305,13,0
44,19,1
47,43,1
37,15,1
-273,27,0
-304,4,0
37,5,1
75,107,1
-303,5,0
46,25,1
50,29,1
32,8,1
38,16,1
41,21,1
51,48,1
-286,42,0
-300,1,0
63,40,1
38,7,1
31,3,1
-298,5,0
25,1,1
68,44,1
-295,4,0
-283,21,0
35,7,1
25,1,1
30,4,1
28,2,1
-285,16,0
40,30,1
-275,33,0
-300,4,0
31,3,1
25,1,1
34,4,1
-304,3,0
-293,6,0
50,44,1
-298,3,0
39,7,1
25,1,1
56,64,1
33,8,1
45,13,1
28,5,1
41,11,1
-294,29,0
-293,6,0
45,32,1
51,19,1
31,3,1
51,26,1
56,33,1
55,41,1
38,10,1
48,26,1
24,2,1
60,41,1
-305,16,0
34,7,1
59,37,1
-300,1,0
69,40,1
47,20,1
25,1,1
30,13,1
33,8,1
44,10,1
24,2,1
24,2,1
25,1,1
31,3,1
30,6,1
60,45,1
-226,102,0
29,4,1
24,2,1
28,2,1
37,11,1
65,55,1
66,54,1
33,7,1
-302,2,0
36,9,1
-266,43,0
97,116,1
-273,32,0
-289,27,0
28,2,1
110,135,1
-300,1,0
31,3,1
34,21,1
71,56,1
48,23,1
23,2,1
-275,27,0
-275,42,0
-276,44,0
-231,152,0
31,3,1
28,2,1
-291,27,0
25,1,1
52,25,1
25,1,1
56,29,1
46,28,1
32,9,1
35,9,1
38,26,1
-294,16,0
-280,30,0
56,29,1
30,7,1
-284,29,0
24,9,1
-288,21,0
29,4,1
49,31,1
55,49,1
20,8,1
-257,58,0
-266,42,0
-272,29,0
42,22,1
53,41,1
33,5,1
58,56,1
40,22,1
28,13,1
36,14,1
25,1,1
36,12,1
31,6,1
-296,7,0
40,34,1
37,8,1
36,11,1
-268,33,0
25,1,1
28,2,1
45,24,1
-251,79,0
33,10,1
46,17,1
37,5,1
-242,74,0
25,1,1
59,31,1
46,32,1
-291,4,0
28,2,1
53,36,1
-302,6,0
-297,23,0
59,29,1
25,1,1
34,16,1
24,2,1
-284,20,0
25,1,1
25,1,1
42,16,1
-279,34,0
31,3,1
-295,6,0
-280,12,0
79,93,1
46,38,1
26,8,1
25,1,1
25,1,1
-303,3,0
33,5,1
-279,18,0
25,1,1
32,8,1
57,69,1
33,5,1
37,17,1
39,7,1
31,3,1
-291,35,0
-298,3,0
69,60,1
61,53,1
59,40,1
-293,5,0
53,31,1
-282,16,0
44,23,1
23,15,1
28,14,1
-266,32,0
32,19,1
38,16,1
58,33,1
-300,4,0
-295,7,0
27,9,1
46,29,1
25,1,1
91,105,1
46,27,1
-270,52,0
-274,34,0
-302,2,0
42,16,1
49,23,1
-300,1,0
-299,3,0
29,4,1
25,1,1
39,18,1
35,10,1
-285,54,0
-298,3,0
31,3,1
25,1,1
-282,22,0
38,7,1
39,15,1
66,61,1
-300,1,0
-292,13,0
-301,2,0
29,31,1
-296,15,0
64,41,1
-297,5,0
45,34,1
20,34,1
39,20,1
-304,4,0
-304,22,0
-297,10,0
-302,2,0
28,2,1
34,4,1
57,71,1
32,5,1
38,10,1
30,9,1
26,3,1
-290,7,0
-287,22,0
31,11,1
-289,9,0
-289,30,0
23,2,1
-283,8,0
55,17,1
81,77,1
-277,37,0
37,5,1
69,42,1
49,20,1
-269,30,0
-292,34,0
-302,2,0
-300,1,0
50,34,1
44,18,1
-294,6,0
51,30,1
38,22,1
63,44,1
40,15,1
28,2,1
33,5,1
-301,4,0
33,5,1
31,3,1
55,27,1
28,2,1
42,22,1
28,2,1
-300,7,0
23,2,1
-302,2,0
46,41,1
-282,17,0
25,1,1
-284,23,0
28,2,1
25,4,1
49,19,1
56,26,1
-274,28,0
-261,59,0
67,72,1
24,2,1
-293,54,0
67,48,1
24,2,1
40,36,1
40,15,1
38,13,1
73,80,1
-302,2,0
-300,1,0
41,11,1
34,10,1
58,35,1
25,1,1
46,30,1
25,1,1
25,1,1
25,1,1
-280,50,0
28,2,1
27,6,1
47,23,1
34,4,1
-303,14,0
-260,32,0
32,5,1
31,3,1
-272,18,0
31,7,1
24,2,1
31,6,1
43,15,1
35,6,1
-292,8,0
-273,32,0
-289,6,0
34,17,1
-300,1,0
61,37,1
-287,33,0
37,8,1
-272,47,0
-284,15,0
44,13,1
54,40,1
-286,19,0
55,20,1
28,2,1
-300,1,0
-300,6,0
-300,1,0
34,39,1
-297,2,0
-290,7,0
-260,64,0
-303,3,0
41,33,1
25,1,1
-303,21,0
25,1,1
-277,30,0
-300,1,0
29,4,1
25,1,1
-273,69,0
-312,14,0
28,2,1
41,9,1
34,7,1
-282,10,0
-293,14,0
30,4,1
76,55,1
49,16,1
-296,12,0
53,114,1
-283,46,0
75,120,1
50,65,1
24,2,1
26,3,1
28,2,1
36,32,1
-284,60,0
86,75,1
-299,3,0
48,15,1
-297,8,0
36,6,1
35,7,1
33,5,1
31,6,1
53,21,1
-290,42,0
24,2,1
-267,41,0
63,25,1
-278,13,0
29,4,1
-305,4,0
47,13,1
-297,2,0
34,4,1
55,27,1
51,20,1
-279,75,0
46,21,1
87,79,1
25,1,1
-288,14,0
-291,7,0
29,20,1
-221,128,0
-291,7,0
77,72,1
-283,10,0
-296,4,0
25,1,1
33,5,1
45,18,1
-272,25,0
49,29,1
-302,2,0
72,49,1
50,26,1
-298,3,0
25,1,1
-285,24,0
-290,25,0
31,3,1
-297,11,0
33,10,1
47,21,1
32,5,1
70,62,1
27,5,1
21,3,1
48,24,1
-301,4,0
-295,4,0
28,2,1
44,32,1
-299,4,0
32,16,1
-290,19,0
50,18,1
33,10,1
28,2,1
-245,128,0
-300,1,0
46,30,1
47,13,1
19,14,1
-290,12,0
25,1,1
38,8,1
48,16,1
43,18,1
32,5,1
-283,30,0
69,65,1
23,2,1
25,1,1
-278,20,0
40,18,1
39,16,1
-294,14,0
36,14,1
58,37,1
28,2,1
55,24,1
28,2,1
-300,1,0
-302,2,0
-300,1,0
26,3,1
33,5,1
31,3,1
30,12,1
45,19,1
-277,34,0
28,5,1
59,24,1
25,1,1
48,16,1
25,1,1
31,3,1
33,5,1
35,7,1
25,1,1
33,23,1
-304,3,0
-311,38,0
42,12,1
-284,21,0
36,9,1
27,3,1
56,40,1
28,2,1
56,33,1
42,16,1
36,9,1
39,14,1
37,32,1
30,16,1
44,16,1
-272,32,0
25,1,1
31,3,1
-300,1,0
35,10,1
49,31,1
-277,23,0
36,6,1
60,29,1
48,16,1
32,5,1
44,15,1
44,14,1
-290,12,0
58,41,1
-296,10,0
-300,21,0
-300,1,0
49,29,1
24,4,1
-302,2,0
-294,3,0
48,14,1
25,12,1
45,26,1
-297,2,0
45,12,1
-272,26,0
54,29,1
34,12,1
-279,40,0
25,1,1
47,16,1
20,9,1
25,1,1
44,26,1
-303,3,0
49,17,1
22,8,1
40,10,1
-295,21,0
25,1,1
-269,45,0
-298,5,0
45,19,1
-298,3,0
44,25,1
57,36,1
39,10,1
-277,18,0
48,19,1
28,2,1
34,7,1
-300,1,0
42,14,1
28,2,1
41,14,1
23,2,1
39,10,1
-296,5,0
30,4,1
-278,51,0
41,9,1
-296,36,0
32,5,1
35,9,1
43,15,1
25,10,1
56,59,1
27,12,1
63,54,1
68,51,1
-289,49,0
-277,41,0
49,43,1
25,1,1
-306,5,0
-286,38,0
-298,5,0
-258,70,0
55,45,1
34,7,1
24,4,1
52,47,1
40,10,1
25,1,1
-279,38,0
25,1,1
-292,20,0
44,9,1
47,20,1
-294,9,0
-303,3,0
-301,4,0
-294,3,0
36,12,1
14,34,1
27,5,1
29,4,1
48,20,1
37,12,1
38,11,1
25,1,1
-299,11,0
25,1,1
33,16,1
-300,1,0
37,27,1
-281,18,0
25,1,1
43,10,1
-269,46,0
49,20,1
28,2,1
30,24,1
-274,24,0
62,28,1
28,5,1
59,36,1
32,5,1
25,4,1
25,1,1
53,48,1
30,4,1
-301,4,0
54,29,1
-297,5,0
-304,3,0
-300,13,0
70,46,1
-299,9,0
24,2,1
-301,8,0
33,5,1
63,31,1
25,1,1
-295,4,0
-293,8,0
56,27,1
56,36,1
25,1,1
56,25,1
-293,5,0
39,10,1
42,8,1
-286,13,0
45,21,1
39,15,1
-309,10,0
57,29,1
58,25,1
54,34,1
46,25,1
25,1,1
24,2,1
33,8,1
-297,2,0
25,1,1
25,1,1
-283,48,0
56,41,1
25,1,1
70,38,1
31,9,1
42,16,1
46,12,1
-299,3,0
-274,21,0
47,17,1
-300,1,0
49,22,1
38,13,1
33,5,1
48,20,1
56,30,1
-301,4,0
54,33,1
25,1,1
26,3,1
25,1,1
35,21,1
64,53,1
28,2,1
51,22,1
39,26,1
-299,26,0
38,11,1
35,15,1
-277,87,0
-283,19,0
34,4,1
28,8,1
-291,19,0
-298,9,0
103,94,1
25,1,1
40,31,1
67,64,1
-295,9,0
33,7,1
-300,1,0
45,9,1
46,14,1
24,2,1
-299,3,0
66,45,1
35,10,1
60,58,1
77,41,1
41,18,1
84,70,1
-239,85,0
33,5,1
33,13,1
58,26,1
-300,11,0
25,1,1
71,76,1
26,3,1
-298,3,0
36,6,1
25,1,1
-290,18,0
-289,20,0
37,16,1
58,28,1
-269,41,0
43,18,1
37,8,1
62,38,1
28,2,1
-290,6,0
36,9,1
26,3,1
32,5,1
25,1,1
122,136,1
34,7,1
-298,3,0
30,4,1
-298,3,0
39,20,1
-276,37,0
98,94,1
36,21,1
24,2,1
-293,8,0
-285,22,0
30,4,1
-295,6,0
40,17,1
28,2,1
40,22,1
50,31,1
24,2,1
-265,72,0
25,4,1
36,12,1
-300,1,0
36,6,1
-258,49,0
56,34,1
-294,6,0
65,56,1
34,10,1
-275,48,0
28,2,1
-297,8,0
50,17,1
-304,9,0
-286,21,0
-294,3,0
25,1,1
25,1,1
42,18,1
28,2,1
25,1,1
-304,11,0
30,6,1
33,7,1
57,41,1
25,1,1
43,32,1
61,35,1
45,9,1
44,19,1
26,3,1
25,1,1
58,43,1
24,2,1
-303,8,0
-295,6,0
54,32,1
-301,5,0
37,10,1
25,1,1
55,44,1
68,62,1
-279,43,0
41,17,1
44,12,1
-296,4,0
46,18,1
42,8,1
35,7,1
-290,29,0
38,15,1
68,46,1
66,56,1
25,1,1
-274,23,0
30,4,1
67,92,1
-283,20,0
48,14,1
25,1,1
-294,6,0
-271,27,0
44,20,1
-271,46,0
-285,23,0
27,3,1
42,17,1
28,2,1
44,13,1
30,4,1
-292,21,0
-303,3,0
35,15,1
29,4,1
57,18,1
25,1,1
36,6,1
31,6,1
36,12,1
65,40,1
-300,1,0
32,8,1
-276,37,0
39,9,1
40,14,1
25,1,1
32,11,1
-297,2,0
73,74,1
28,2,1
28,5,1
40,10,1
31,3,1
-271,21,0
25,1,1
-300,25,0
-281,28,0
40,23,1
40,10,1
25,1,1
62,56,1
29,4,1
35,9,1
25,1,1
-273,32,0
40,9,1
29,4,1
-276,16,0
73,74,1
25,1,1
38,19,1
35,6,1
40,9,1
46,20,1
39,10,1
39,25,1
34,15,1
25,1,1
39,7,1
37,9,1
-303,3,0
42,21,1
-301,17,0
-288,8,0
-272,25,0
40,10,1
-294,3,0
34,10,1
25,1,1
30,7,1
50,17,1
63,38,1
37,8,1
25,1,1
64,31,1
25,1,1
28,2,1
-248,72,0
54,22,1
25,1,1
25,1,1
28,11,1
-291,12,0
32,5,1
-302,8,0
-266,42,0
41,13,1
38,14,1
38,17,1
23,2,1
103,83,1
25,1,1
42,13,1
-303,6,0
28,2,1
38,11,1
58,31,1
-299,7,0
25,1,1
25,1,1
56,34,1
38,8,1
43,20,1
28,2,1
26,3,1
39,17,1
-303,6,0
29,7,1
77,71,1
28,2,1
39,7,1
25,1,1
42,10,1
54,54,1
53,18,1
-295,12,0
30,4,1
-301,15,0
44,18,1
47,17,1
105,87,1
-297,6,0
37,12,1
47,29,1
46,11,1
49,35,1
65,54,1
25,1,1
28,5,1
34,9,1
43,7,1
51,13,1
25,1,1
25,1,1
31,6,1
-300,1,0
-297,41,0
57,26,1
56,37,1
32,5,1
-297,2,0
-300,1,0
-290,7,0
54,15,1
-299,9,0
52,26,1
51,26,1
36,14,1
28,2,1
24,2,1
45,17,1
31,3,1
-284,23,0
-299,4,0
26,4,1
-305,4,0
45,9,1
31,10,1
37,9,1
-298,17,0
-295,12,0
28,2,1
25,1,1
-302,2,0
39,13,1
37,8,1
32,5,1
45,17,1
-297,10,0
41,14,1
-279,21,0
-292,7,0
25,1,1
36,8,1
28,2,1
24,7,1
28,2,1
-285,37,0
-294,12,0
-260,82,0
40,14,1
25,1,1
37,5,1
34,9,1
-288,16,0
23,2,1
-297,2,0
-301,5,0
44,23,1
41,8,1
-269,29,0
55,32,1
35,7,1
-295,10,0
-300,1,0
-267,87,0
25,1,1
28,2,1
31,15,1
25,1,1
45,44,1
49,44,1
37,12,1
50,20,1
25,1,1
-308,21,0
43,18,1
49,37,1
28,2,1
52,38,1
34,12,1
-274,41,0
23,2,1
25,1,1
31,3,1
31,3,1
-287,33,0
29,4,1
63,46,1
17,5,1
23,2,1
25,1,1
-292,5,0
47,39,1
-273,33,0
-300,1,0
56,36,1
41,11,1
-301,2,0
24,2,1
83,53,1
44,19,1
39,23,1
-301,67,0
26,4,1
27,6,1
35,6,1
49,25,1
25,1,1
47,25,1
-292,5,0
64,46,1
-237,137,0
49,12,1
25,1,1
-258,38,0
46,15,1
28,2,1
61,40,1
23,2,1
-294,6,0
25,1,1
25,1,1
-290,9,0
38,11,1
31,3,1
-282,18,0
-300,1,0
23,2,1
23,8,1
35,16,1
34,4,1
25,1,1
-280,12,0
-302,2,0
-298,9,0
-299,4,0
25,1,1
55,62,1
62,42,1
-299,15,0
44,18,1
-298,45,0
70,32,1
-299,3,0
32,17,1
28,2,1
46,23,1
58,30,1
32,9,1
31,3,1
-290,16,0
34,9,1
25,1,1
-291,32,0
-302,5,0
28,2,1
38,13,1
27,3,1
-298,6,0
38,10,1
25,1,1
49,29,1
25,1,1
28,2,1
58,39,1
-276,21,0
30,4,1
-297,2,0
-295,10,0
25,1,1
25,1,1
-292,20,0
-295,6,0
28,2,1
47,14,1
31,9,1
47,48,1
38,11,1
35,6,1
49,27,1
39,7,1
66,55,1
-302,2,0
23,2,1
23,2,1
28,2,1
-304,3,0
-282,38,0
42,8,1
38,30,1
43,21,1
31,6,1
28,5,1
-301,19,0
24,15,1
-298,18,0
-295,7,0
43,10,1
65,66,1
-294,14,0
-309,6,0
20,4,1
34,16,1
-257,71,0
24,2,1
-294,48,0
32,6,1
25,1,1
-293,5,0
77,44,1
36,9,1
25,1,1
64,40,1
-288,21,0
33,13,1
35,9,1
36,9,1
-294,3,0
37,5,1
31,6,1
25,1,1
-301,2,0
28,2,1
24,2,1
27,6,1
-278,42,0
-300,1,0
25,1,1
-293,5,0
48,23,1
-277,27,0
28,2,1
31,6,1
25,1,1
43,16,1
25,1,1
25,1,1
15,21,1
28,2,1
62,38,1
-300,1,0
43,19,1
-299,4,0
25,1,1
23,2,1
-300,1,0
52,24,1
-301,2,0
85,73,1
28,2,1
45,37,1
33,5,1
-278,110,0
-292,10,0
25,1,1
25,1,1
-279,23,0
-291,14,0
33,5,1
43,10,1
23,2,1
-298,6,0
28,2,1
52,26,1
25,1,1
37,12,1
25,1,1
-280,34,0
-300,4,0
-280,37,0
31,3,1
-300,7,0
61,51,1
-260,48,0
45,14,1
25,1,1
34,4,1
-300,1,0
36,9,1
63,29,1
39,7,1
28,2,1
39,17,1
-296,18,0
-300,1,0
43,18,1
-275,15,0
-298,3,0
42,10,1
32,6,1
-308,14,0
24,2,1
28,2,1
146,180,1
-297,2,0
-281,47,0
40,9,1
46,50,1
-284,43,0
30,7,1
32,14,1
34,7,1
25,1,1
41,12,1
52,17,1
-269,24,0
30,4,1
-290,20,0
33,5,1
37,5,1
33,8,1
-264,72,0
30,4,1
31,3,1
37,10,1
-300,1,0
48,25,1
63,54,1
31,6,1
-302,20,0
28,2,1
25,1,1
-293,8,0
25,1,1
94,60,1
30,4,1
26,3,1
80,63,1
26,3,1
31,6,1
31,17,1
-279,21,0
45,9,1
37,5,1
27,3,1
39,9,1
33,10,1
25,4,1
28,2,1
44,10,1
-305,4,0
25,1,1
34,7,1
-281,20,0
-297,5,0
54,19,1
23,2,1
22,3,1
43,10,1
-293,6,0
47,28,1
51,20,1
34,13,1
39,10,1
-300,1,0
37,8,1
25,1,1
69,51,1
33,5,1
-301,7,0
-292,14,0
46,11,1
-280,11,0
38,11,1
43,11,1
23,2,1
35,6,1
-292,44,0
-270,66,0
56,27,1
57,23,1
41,18,1
-299,3,0
83,75,1
46,25,1
46,16,1
24,8,1
24,2,1
33,7,1
-294,17,0
-291,7,0
44,16,1
54,51,1
26,3,1
28,25,1
37,8,1
31,3,1
50,26,1
62,39,1
-287,33,0
28,12,1
33,14,1
40,26,1
-286,9,0
31,6,1
63,47,1
31,6,1
54,23,1
32,8,1
-290,12,0
60,31,1
-284,9,0
40,13,1
43,16,1
47,15,1
38,7,1
24,2,1
36,6,1
25,1,1
39,10,1
40,6,1
25,1,1
59,20,1
-300,1,0
28,2,1
38,17,1
32,8,1
48,19,1
54,76,1
25,1,1
36,6,1
33,5,1
40,24,1
56,26,1
36,9,1
30,6,1
-297,5,0
30,4,1
-297,2,0
39,9,1
26,7,1
65,41,1
34,4,1
34,4,1
-294,18,0
35,14,1
35,6,1
34,9,1
40,9,1
72,56,1
25,1,1
43,26,1
25,7,1
46,19,1
-300,10,0
25,1,1
-300,1,0
56,28,1
56,18,1
23,2,1
-294,3,0
-262,39,0
36,12,1
31,3,1
-287,8,0
47,28,1
-278,18,0
39,14,1
-300,1,0
23,6,1
70,52,1
47,18,1
-279,11,0
54,34,1
26,3,1
26,4,1
34,7,1
51,55,1
77,66,1
28,2,1
25,1,1
57,22,1
25,1,1
25,1,1
55,26,1
43,14,1
39,7,1
26,3,1
-292,11,0
25,1,1
30,4,1
44,33,1
24,2,1
25,1,1
25,1,1
25,4,1
62,42,1
23,2,1
-294,11,0
37,25,1
-269,51,0
43,15,1
-294,18,0
-296,4,0
70,44,1
62,35,1
-292,17,0
-297,11,0
-269,68,0
34,7,1
-297,2,0
40,18,1
-301,2,0
33,11,1
26,11,1
25,1,1
-298,3,0
-288,13,0
57,26,1
41,37,1
42,20,1
40,6,1
34,4,1
25,1,1
33,5,1
42,10,1
45,15,1
-305,4,0
52,23,1
51,21,1
-289,46,0
44,13,1
25,1,1
34,4,1
-300,8,0
29,4,1
-294,3,0
-285,11,0
-269,48,0
46,14,1
25,1,1
-280,11,0
39,10,1
-290,7,0
37,8,1
29,4,1
25,1,1
33,8,1
-301,2,0
60,33,1
37,5,1
37,8,1
51,44,1
28,2,1
41,11,1
39,13,1
46,11,1
53,31,1
-299,3,0
28,2,1
24,2,1
38,14,1
28,2,1
-300,1,0
-286,10,0
25,1,1
-301,2,0
-286,13,0
32,6,1
31,3,1
25,1,1
27,3,1
25,1,1
55,39,1
43,7,1
25,1,1
48,28,1
46,8,1
26,8,1
51,17,1
28,2,1
47,20,1
54,29,1
25,1,1
52,33,1
28,8,1
25,1,1
40,12,1
74,76,1
-299,3,0
25,1,1
46,38,1
50,30,1
-302,2,0
31,3,1
32,5,1
-300,7,0
28,2,1
-300,1,0
25,4,1
44,14,1
29,4,1
46,39,1
39,13,1
28,2,1
-291,14,0
31,10,1
31,6,1
37,5,1
-299,3,0
-285,6,0
25,1,1
27,3,1
25,4,1
69,42,1
53,27,1
-284,12,0
29,4,1
25,1,1
28,2,1
42,8,1
-300,1,0
49,38,1
28,2,1
23,6,1
34,10,1
-299,11,0
41,19,1
45,15,1
30,16,1
-284,72,0
28,2,1
41,23,1
41,17,1
-297,2,0
28,2,1
46,12,1
-246,52,0
30,13,1
59,34,1
37,5,1
-288,8,0
-282,34,0
42,26,1
47,14,1
-300,1,0
30,4,1
-295,9,0
23,2,1
38,33,1
-299,7,0
-302,8,0
48,17,1
-283,35,0
48,23,1
29,4,1
76,47,1
32,5,1
-292,40,0
50,16,1
41,9,1
35,7,1
34,4,1
36,6,1
35,19,1
-278,11,0
42,22,1
59,21,1
29,4,1
47,21,1
30,6,1
32,8,1
50,25,1
41,14,1
25,1,1
25,1,1
63,51,1
40,9,1
38,13,1
-296,23,0
-300,1,0
-267,52,0
35,13,1
56,33,1
42,11,1
28,2,1
-297,5,0
48,26,1
65,41,1
24,2,1
56,39,1
-270,29,0
72,46,1
32,13,1
-293,5,0
25,1,1
-274,22,0
46,21,1
28,2,1
-282,23,0
25,1,1
28,2,1
24,2,1
-301,2,0
-306,19,0
37,5,1
-299,6,0
84,94,1
40,19,1
25,1,1
22,3,1
-290,6,0
34,4,1
28,2,1
77,57,1
30,6,1
34,16,1
48,13,1
23,2,1
45,40,1
31,6,1
-276,28,0
41,18,1
-297,2,0
34,10,1
-285,16,0
33,8,1
48,30,1
36,48,1
84,66,1
-300,18,0
61,38,1
45,22,1
-277,16,0
44,12,1
40,6,1
-271,34,0
23,2,1
25,1,1
29,7,1
63,34,1
42,35,1
38,7,1
53,20,1
-302,9,0
26,3,1
-300,1,0
-295,13,0
-280,18,0
38,10,1
54,29,1
44,13,1
50,16,1
30,7,1
-275,18,0
59,31,1
57,39,1
37,13,1
-286,36,0
46,30,1
25,1,1
57,26,1
-305,7,0
33,11,1
-300,1,0
-256,64,0
-275,23,0
32,5,1
40,14,1
-299,9,0
43,24,1
81,70,1
-301,2,0
-290,22,0
33,8,1
42,40,1
34,4,1
-300,1,0
33,18,1
23,2,1
39,13,1
37,11,1
-294,21,0
47,47,1
67,45,1
35,6,1
-297,5,0
40,18,1
-290,23,0
-277,25,0
40,9,1
41,25,1
44,13,1
-306,5,0
31,3,1
69,66,1
37,15,1
50,35,1
45,9,1
42,11,1
35,10,1
32,19,1
28,5,1
28,2,1
28,2,1
33,5,1
57,31,1
33,9,1
45,17,1
-301,2,0
23,2,1
-293,5,0
68,59,1
-293,11,0
31,3,1
-300,1,0
31,3,1
34,10,1
44,19,1
-293,8,0
23,2,1
40,25,1
45,15,1
55,34,1
-284,14,0
31,11,1
25,1,1
25,1,1
25,1,1
41,9,1
-263,45,0
-300,1,0
25,1,1
49,34,1
-302,5,0
-300,11,0
58,41,1
-301,2,0
-300,1,0
34,4,1
32,5,1
25,1,1
38,7,1
-300,6,0
37,17,1
29,11,1
31,28,1
29,4,1
59,34,1
46,17,1
54,29,1
-273,42,0
21,3,1
-292,20,0
-306,5,0
40,15,1
27,3,1
-300,1,0
42,8,1
-293,8,0
29,10,1
-300,1,0
-300,1,0
-302,19,0
63,40,1
46,18,1
-296,5,0
49,27,1
43,10,1
35,9,1
45,17,1
29,8,1
50,29,1
48,24,1
39,7,1
34,7,1
28,2,1
-302,2,0
39,7,1
25,1,1
33,7,1
36,11,1
57,17,1
45,20,1
-297,8,0
-285,9,0
26,3,1
52,47,1
33,5,1
41,12,1
42,13,1
24,2,1
25,1,1
41,11,1
42,8,1
53,18,1
49,13,1
-300,1,0
30,4,1
28,2,1
-301,2,0
24,2,1
52,38,1
31,3,1
53,18,1
-299,10,0
23,2,1
31,6,1
-287,24,0
-311,7,0
30,4,1
31,3,1
25,1,1
24,2,1
59,29,1
-297,2,0
-303,3,0
68,47,1
69,58,1
31,3,1
-296,8,0
24,4,1
66,26,1
-298,14,0
31,3,1
26,4,1
-277,24,0
-268,22,0
41,12,1
25,1,1
-300,4,0
-264,43,0
46,11,1
28,2,1
27,3,1
29,4,1
28,2,1
34,4,1
65,38,1
36,9,1
25,1,1
31,13,1
-294,9,0
52,25,1
-292,5,0
36,6,1
-294,6,0
-292,5,0
32,6,1
33,5,1
-276,27,0
57,44,1
25,1,1
-298,3,0
39,7,1
71,81,1
31,3,1
35,6,1
23,2,1
76,35,1
34,10,1
51,34,1
31,3,1
34,4,1
26,11,1
25,1,1
40,9,1
-289,18,0
66,40,1
-295,7,0
-288,11,0
28,2,1
-305,20,0
-289,22,0
-274,51,0
38,8,1
33,8,1
58,37,1
37,8,1
62,43,1
45,25,1
40,12,1
-302,2,0
26,3,1
33,8,1
26,3,1
-290,9,0
33,28,1
65,40,1
-285,13,0
26,3,1
34,4,1
46,12,1
33,8,1
25,1,1
27,3,1
28,2,1
52,26,1
42,13,1
-292,21,0
25,1,1
37,8,1
-288,12,0
34,4,1
75,46,1
50,15,1
35,7,1
73,72,1
28,2,1
-298,11,0
-295,6,0
37,8,1
44,12,1
25,1,1
44,40,1
48,24,1
26,3,1
25,1,1
39,14,1
34,7,1
61,23,1
37,11,1
32,11,1
36,9,1
40,13,1
49,19,1
25,1,1
25,1,1
44,22,1
27,9,1
-280,17,0
25,1,1
28,2,1
61,47,1
-297,2,0
69,57,1
54,39,1
53,17,1
-285,33,0
28,2,1
25,1,1
45,22,1
-286,59,0
47,16,1
25,1,1
78,45,1
-302,2,0
52,26,1
23,2,1
-300,1,0
31,6,1
25,1,1
25,1,1
28,2,1
-305,17,0
-304,6,0
25,1,1
25,1,1
-284,20,0
52,13,1
64,34,1
-282,25,0
-291,4,0
59,37,1
52,23,1
50,28,1
25,1,1
28,2,1
54,45,1
54,16,1
32,5,1
43,13,1
37,5,1
-299,16,0
48,22,1
40,15,1
-292,15,0
-284,11,0
25,1,1
45,21,1
-296,4,0
30,25,1
-283,18,0
66,41,1
35,9,1
23,2,1
43,15,1
48,24,1
29,10,1
-299,21,0
40,12,1
-296,14,0
56,17,1
25,1,1
29,4,1
43,13,1
-264,113,0
61,53,1
56,37,1
-298,6,0
45,15,1
28,2,1
-305,13,0
30,6,1
40,9,1
42,37,1
47,32,1
39,18,1
34,12,1
41,17,1
52,29,1
36,11,1
33,5,1
31,3,1
25,1,1
37,10,1
28,2,1
25,1,1
-288,5,0
41,20,1
26,10,1
23,2,1
25,1,1
40,15,1
30,4,1
34,4,1
25,1,1
76,57,1
50,32,1
28,2,1
25,1,1
-275,15,0
62,50,1
39,9,1
28,5,1
52,25,1
33,9,1
24,5,1
32,8,1
70,36,1
53,17,1
30,4,1
-278,24,0
-305,5,0
25,1,1
25,1,1
-302,2,0
85,78,1
48,27,1
34,12,1
25,1,1
38,18,1
-300,1,0
25,1,1
55,25,1
27,13,1
31,3,1
-293,11,0
30,4,1
47,14,1
39,16,1
25,1,1
31,3,1
-298,5,0
28,2,1
25,1,1
45,9,1
24,2,1
39,10,1
33,5,1
25,1,1
33,10,1
29,4,1
40,24,1
23,2,1
-293,63,0
41,9,1
26,3,1
-242,95,0
28,5,1
-300,1,0
37,5,1
39,10,1
-279,14,0
57,42,1
35,6,1
25,1,1
35,6,1
36,34,1
34,8,1
-298,3,0
25,1,1
30,7,1
54,31,1
39,7,1
56,28,1
67,47,1
47,17,1
33,17,1
25,1,1
37,5,1
43,27,1
45,29,1
-301,7,0
25,1,1
33,8,1
43,17,1
22,3,1
25,1,1
34,10,1
30,9,1
-289,39,0
35,9,1
25,1,1
39,18,1
35,6,1
24,2,1
50,43,1
66,34,1
-297,2,0
42,19,1
23,2,1
25,6,1
28,2,1
43,17,1
-300,1,0
-289,45,0
25,1,1
-288,8,0
-290,6,0
31,16,1
38,10,1
42,14,1
52,41,1
23,2,1
47,17,1
52,23,1
62,135,1
35,7,1
-301,2,0
35,7,1
-302,2,0
-297,37,0
38,10,1
39,10,1
-300,1,0
27,3,1
37,5,1
25,1,1
64,52,1
28,2,1
-300,1,0
51,24,1
40,9,1
-283,26,0
42,13,1
34,4,1
-287,18,0
50,30,1
49,23,1
25,1,1
67,45,1
24,2,1
36,6,1
-271,39,0
25,4,1
31,3,1
29,5,1
-279,22,0
37,8,1
85,72,1
37,13,1
41,13,1
-291,7,0
54,22,1
40,12,1
64,28,1
36,13,1
-283,8,0
50,25,1
28,2,1
55,20,1
30,4,1
24,2,1
25,1,1
56,44,1
50,26,1
25,1,1
31,3,1
-297,8,0
34,10,1
40,10,1
31,7,1
49,19,1
64,43,1
31,3,1
25,1,1
40,9,1
115,127,1
-293,8,0
70,43,1
36,9,1
-300,11,0
48,29,1
-292,5,0
49,19,1
39,14,1
45,14,1
45,19,1
46,12,1
31,3,1
28,2,1
36,20,1
-283,25,0
-275,29,0
-295,6,0
-294,12,0
-294,21,0
-284,25,0
55,15,1
32,9,1
41,9,1
25,1,1
44,12,1
64,33,1
48,13,1
-285,19,0
-296,4,0
30,4,1
-292,5,0
37,18,1
54,23,1
42,15,1
23,2,1
60,52,1
28,2,1
33,5,1
40,6,1
-300,1,0
65,38,1
25,1,1
45,12,1
28,2,1
39,13,1
42,14,1
-292,15,0
49,14,1
39,20,1
56,29,1
65,52,1
39,19,1
30,10,1
38,10,1
39,7,1
65,27,1
44,9,1
43,7,1
-300,4,0
40,14,1
-286,15,0
22,9,1
39,16,1
-301,4,0
50,19,1
-283,13,0
39,29,1
42,11,1
43,11,1
47,13,1
35,9,1
40,11,1
36,6,1
31,6,1
25,1,1
34,4,1
29,4,1
43,13,1
41,8,1
-309,6,0
45,28,1
43,19,1
27,6,1
25,1,1
28,2,1
25,1,1
37,8,1
28,2,1
80,104,1
28,2,1
-281,54,0
25,1,1
25,1,1
33,5,1
25,1,1
25,1,1
62,37,1
40,21,1
-299,15,0
-281,37,0
62,27,1
-293,5,0
43,15,1
25,1,1
25,1,1
30,11,1
28,2,1
49,35,1
62,31,1
-297,2,0
45,41,1
-291,10,0
-291,8,0
-286,29,0
-306,27,0
35,9,1
23,2,1
42,36,1
-299,3,0
40,15,1
33,5,1
54,26,1
29,8,1
-288,35,0
30,4,1
33,5,1
34,4,1
-301,2,0
41,11,1
55,34,1
74,44,1
51,27,1
-296,4,0
-287,34,0
63,39,1
24,5,1
39,7,1
29,4,1
45,11,1
-298,3,0
27,3,1
61,28,1
46,18,1
-284,26,0
64,28,1
53,49,1
25,1,1
-285,6,0
55,35,1
50,17,1
48,19,1
-277,26,0
29,5,1
46,29,1
-297,2,0
33,5,1
38,7,1
25,1,1
28,2,1
29,4,1
24,2,1
47,21,1
28,5,1
39,16,1
-296,5,0
49,24,1
-293,20,0
58,32,1
-275,27,0
-299,3,0
-304,3,0
31,3,1
28,2,1
27,3,1
-291,4,0
28,2,1
25,1,1
-292,21,0
38,7,1
25,1,1
70,32,1
-295,4,0
32,6,1
25,1,1
23,2,1
55,31,1
-305,16,0
44,18,1
30,4,1
28,2,1
28,2,1
25,1,1
-285,25,0
31,3,1
38,7,1
35,11,1
36,6,1
39,16,1
30,4,1
34,10,1
-297,2,0
44,21,1
34,12,1
-267,43,0
24,2,1
-289,19,0
40,10,1
23,2,1
35,7,1
-300,1,0
33,8,1
42,43,1
34,8,1
34,4,1
25,1,1
-296,5,0
49,16,1
25,1,1
37,5,1
-293,60,0
25,1,1
34,7,1
-297,2,0
34,4,1
28,2,1
40,6,1
25,1,1
57,28,1
36,6,1
24,2,1
31,3,1
40,16,1
-300,1,0
27,3,1
-286,15,0
23,2,1
70,42,1
-246,65,0
-303,3,0
42,23,1
-297,13,0
35,6,1
46,36,1
22,3,1
-293,24,0
52,26,1
51,35,1
41,12,1
25,1,1
34,8,1
35,6,1
29,4,1
-300,1,0
40,18,1
66,26,1
46,13,1
42,14,1
-302,2,0
26,3,1
49,17,1
25,1,1
25,1,1
37,14,1
23,2,1
-280,15,0
-287,19,0
-300,4,0
28,2,1
28,2,1
41,31,1
52,10,1
27,5,1
61,32,1
28,2,1
31,3,1
38,7,1
-289,42,0
31,3,1
-301,10,0
34,12,1
23,2,1
40,6,1
28,2,1
-301,30,0
36,14,1
23,2,1
38,8,1
33,8,1
39,10,1
32,5,1
37,5,1
40,6,1
33,7,1
-300,1,0
37,13,1
31,3,1
-281,23,0
71,39,1
58,71,1
43,13,1
53,41,1
-297,5,0
41,9,1
49,32,1
41,9,1
42,31,1
25,41,1
31,3,1
40,14,1
-300,6,0
-294,3,0
52,22,1
34,4,1
40,6,1
48,25,1
69,42,1
47,42,1
-280,37,0
40,25,1
42,17,1
-287,7,0
-300,1,0
25,1,1
31,3,1
25,1,1
28,2,1
45,21,1
-281,19,0
36,9,1
62,26,1
45,18,1
26,3,1
-278,29,0
-278,21,0
43,19,1
80,46,1
25,1,1
32,9,1
50,17,1
66,38,1
25,1,1
38,8,1
28,5,1
-300,1,0
39,18,1
26,15,1
37,5,1
57,60,1
32,5,1
-288,5,0
43,14,1
43,19,1
-282,24,0
57,28,1
34,8,1
30,4,1
36,15,1
-295,27,0
40,6,1
34,4,1
-296,19,0
31,3,1
-291,25,0
52,17,1
32,11,1
37,5,1
27,5,1
-249,73,0
25,1,1
36,6,1
-298,9,0
-271,31,0
25,1,1
-299,8,0
31,3,1
44,10,1
35,6,1
54,20,1
35,7,1
40,6,1
25,1,1
53,29,1
76,52,1
-299,12,0
24,2,1
28,2,1
-298,5,0
25,1,1
-291,12,0
43,13,1
-300,1,0
50,14,1
29,11,1
50,12,1
28,2,1
25,1,1
30,4,1
51,29,1
-309,8,0
58,73,1
45,35,1
37,15,1
42,11,1
-279,37,0
34,4,1
61,23,1
-301,7,0
28,2,1
-288,18,0
25,1,1
-297,11,0
25,1,1
25,1,1
69,50,1
38,14,1
37,5,1
53,16,1
28,2,1
66,58,1
31,3,1
-304,17,0
28,5,1
28,2,1
25,1,1
34,4,1
47,18,1
36,9,1
32,5,1
105,85,1
39,7,1
25,1,1
35,16,1
34,7,1
-290,6,0
28,5,1
36,14,1
33,10,1
57,52,1
49,16,1
28,2,1
23,2,1
24,2,1
28,2,1
31,3,1
47,20,1
41,39,1
48,10,1
37,9,1
40,11,1
25,1,1
36,8,1
37,17,1
36,12,1
-300,1,0
45,16,1
-271,34,0
49,24,1
31,23,1
-300,4,0
34,10,1
25,1,1
40,14,1
28,2,1
37,8,1
58,33,1
42,8,1
-295,6,0
28,2,1
28,2,1
-275,24,0
-297,8,0
34,22,1
67,30,1
26,3,1
25,1,1
25,1,1
40,13,1
58,41,1
25,1,1
-288,11,0
30,7,1
29,4,1
28,2,1
33,8,1
45,22,1
58,37,1
61,34,1
-309,22,0
34,4,1
42,16,1
25,1,1
64,31,1
-300,1,0
43,19,1
51,17,1
39,27,1
-284,19,0
40,12,1
28,2,1
37,5,1
56,31,1
-294,3,0
-304,3,0
-299,3,0
32,6,1
46,23,1
-300,6,0
-288,8,0
25,1,1
-300,4,0
51,18,1
-301,2,0
48,22,1
-300,1,0
29,4,1
-297,2,0
25,1,1
48,18,1
34,13,1
36,9,1
58,31,1
30,6,1
27,3,1
28,2,1
24,2,1
-273,33,0
30,4,1
64,60,1
48,20,1
44,20,1
43,22,1
25,1,1
36,6,1
28,2,1
56,30,1
-292,23,0
-281,13,0
44,16,1
42,22,1
-302,20,0
-285,16,0
25,1,1
53,24,1
37,14,1
-255,42,0
25,1,1
66,46,1
-289,16,0
32,5,1
41,8,1
25,1,1
23,2,1
25,1,1
52,38,1
-288,5,0
25,1,1
50,18,1
-277,16,0
24,2,1
57,30,1
29,5,1
37,31,1
-300,1,0
40,13,1
-300,1,0
46,8,1
55,21,1
25,1,1
60,47,1
25,1,1
63,46,1
36,12,1
63,34,1
-295,7,0
31,3,1
38,10,1
34,7,1
39,9,1
41,9,1
-251,61,0
-283,29,0
34,4,1
60,39,1
39,12,1
36,6,1
-302,2,0
49,14,1
-310,39,0
-304,9,0
41,16,1
25,1,1
63,54,1
-289,6,0
-282,11,0
31,3,1
55,24,1
42,8,1
53,21,1
28,2,1
47,20,1
-297,2,0
30,6,1
46,29,1
34,4,1
25,1,1
40,12,1
52,36,1
39,22,1
33,5,1
33,50,1
39,34,1
34,10,1
25,1,1
33,30,1
37,9,1
38,7,1
33,5,1
29,5,1
28,2,1
38,15,1
67,42,1
32,9,1
28,2,1
35,7,1
28,2,1
23,2,1
67,56,1
30,4,1
49,25,1
28,2,1
32,5,1
37,8,1
-303,5,0
-293,12,0
46,42,1
-296,4,0
54,20,1
42,50,1
53,22,1
30,6,1
-274,56,0
55,28,1
23,2,1
47,14,1
25,1,1
25,1,1
-294,3,0
34,4,1
33,7,1
32,5,1
25,1,1
49,14,1
-296,7,0
31,6,1
30,6,1
25,1,1
68,31,1
32,5,1
31,3,1
-290,14,0
-301,2,0
-300,10,0
36,6,1
41,15,1
24,2,1
-297,8,0
28,2,1
30,10,1
-294,3,0
28,2,1
-299,3,0
64,38,1
37,9,1
31,3,1
29,4,1
-296,10,0
25,1,1
31,3,1
51,33,1
63,25,1
40,12,1
37,5,1
41,14,1
-302,2,0
34,11,1
28,2,1
-300,26,0
45,12,1
31,3,1
28,2,1
35,9,1
52,38,1
25,1,1
36,6,1
40,6,1
37,11,1
44,22,1
-291,36,0
-300,1,0
-299,3,0
-298,3,0
44,51,1
34,4,1
42,16,1
-289,20,0
47,31,1
26,4,1
40,6,1
35,6,1
39,7,1
32,5,1
91,62,1
25,1,1
65,28,1
33,7,1
52,17,1
26,3,1
31,3,1
41,8,1
27,6,1
34,7,1
-297,2,0
-300,10,0
-295,4,0
25,1,1
54,32,1
-301,7,0
-300,1,0
34,4,1
51,21,1
28,2,1
-297,2,0
32,5,1
50,28,1
40,10,1
-294,12,0
35,12,1
32,6,1
28,2,1
-303,6,0
28,5,1
36,6,1
25,1,1
28,2,1
32,14,1
38,10,1
-268,36,0
28,2,1
42,26,1
56,58,1
32,5,1
31,18,1
40,6,1
-297,2,0
22,6,1
29,5,1
23,2,1
32,8,1
36,12,1
31,3,1
-274,39,0
-295,6,0
39,18,1
37,11,1
-277,13,0
61,42,1
55,25,1
45,9,1
42,17,1
-272,41,0
41,12,1
31,21,1
52,23,1
43,13,1
62,43,1
41,11,1
24,2,1
61,44,1
30,6,1
26,6,1
32,5,1
25,1,1
28,2,1
25,1,1
25,1,1
31,3,1
56,19,1
34,9,1
32,5,1
44,13,1
-300,1,0
36,6,1
40,20,1
35,7,1
26,3,1
59,26,1
66,50,1
25,1,1
53,28,1
34,4,1
56,25,1
28,5,1
25,1,1
28,2,1
-286,32,0
-300,1,0
28,2,1
38,10,1
37,22,1
25,1,1
-273,16,0
42,10,1
57,32,1
28,2,1
41,14,1
27,5,1
26,3,1
37,5,1
28,2,1
32,5,1
34,7,1
27,5,1
52,23,1
-298,3,0
55,26,1
28,2,1
38,11,1
25,1,1
31,3,1
25,1,1
20,4,1
-270,47,0
-268,100,0
-288,11,0
37,16,1
51,26,1
31,3,1
70,59,1
-299,3,0
66,46,1
25,1,1
42,15,1
-265,42,0
59,33,1
44,49,1
31,3,1
-300,4,0
46,12,1
28,2,1
61,28,1
-265,38,0
49,19,1
33,5,1
27,36,1
32,5,1
-302,5,0
34,20,1
-296,18,0
32,6,1
37,8,1
42,11,1
30,4,1
-287,10,0
54,18,1
36,6,1
57,26,1
31,3,1
-291,13,0
40,42,1
49,13,1
31,3,1
50,12,1
-288,25,0
-300,1,0
-266,52,0
-302,2,0
-297,2,0
34,4,1
31,3,1
25,1,1
33,8,1
51,17,1
-298,3,0
34,4,1
-288,29,0
38,10,1
-300,1,0
-298,3,0
25,1,1
37,5,1
29,4,1
46,17,1
39,9,1
51,17,1
-291,16,0
-300,1,0
33,5,1
-281,15,0
31,6,1
-290,9,0
30,4,1
-288,11,0
37,8,1
47,27,1
29,15,1
45,11,1
26,6,1
25,1,1
53,40,1
37,8,1
30,6,1
40,6,1
45,12,1
25,1,1
25,1,1
-293,8,0
28,5,1
44,18,1
62,31,1
30,6,1
38,11,1
50,11,1
25,1,1
48,26,1
43,44,1
-296,24,0
35,6,1
32,5,1
29,4,1
50,20,1
38,13,1
47,19,1
31,6,1
33,5,1
28,5,1
48,32,1
36,6,1
70,47,1
34,8,1
46,18,1
48,13,1
54,17,1
30,13,1
42,25,1
21,4,1
44,10,1
31,3,1
-279,26,0
-280,18,0
90,85,1
38,11,1
53,27,1
76,46,1
30,4,1
37,5,1
28,2,1
25,1,1
-300,1,0
43,11,1
25,1,1
-293,12,0
60,51,1
31,9,1
28,2,1
59,17,1
-291,8,0
-285,6,0
25,1,1
-304,6,0
23,2,1
35,6,1
27,3,1
24,2,1
63,32,1
42,11,1
33,13,1
-302,5,0
25,1,1
42,14,1
33,14,1
34,4,1
-293,14,0
45,18,1
40,6,1
54,30,1
25,1,1
25,1,1
34,4,1
37,9,1
-280,33,0
40,9,1
25,1,1
25,4,1
40,15,1
-290,6,0
51,22,1
35,6,1
34,4,1
28,2,1
34,53,1
34,4,1
-270,39,0
25,1,1
37,8,1
32,6,1
-293,10,0
48,24,1
-300,4,0
-300,4,0
-300,1,0
49,26,1
66,40,1
50,19,1
33,10,1
29,7,1
34,4,1
47,11,1
-283,8,0
-300,1,0
25,1,1
48,17,1
46,31,1
25,1,1
40,28,1
-306,8,0
38,10,1
-302,2,0
28,2,1
34,4,1
39,7,1
44,15,1
50,18,1
54,32,1
-293,12,0
-294,12,0
43,11,1
-281,14,0
32,6,1
25,1,1
25,1,1
25,1,1
-293,18,0
31,3,1
26,3,1
-284,30,0
25,1,1
28,2,1
-304,3,0
30,4,1
55,36,1
44,18,1
23,2,1
27,8,1
36,17,1
62,32,1
-281,34,0
51,26,1
-293,55,0
31,3,1
44,13,1
-284,8,0
75,62,1
28,5,1
23,2,1
43,18,1
33,7,1
33,5,1
48,24,1
29,4,1
59,25,1
-303,5,0
35,6,1
24,2,1
-294,3,0
-284,54,0
31,3,1
46,20,1
40,10,1
-297,2,0
-298,3,0
28,2,1
67,39,1
-284,20,0
32,5,1
28,6,1
-300,1,0
-300,1,0
-294,9,0
34,4,1
38,8,1
40,12,1
54,66,1
40,34,1
37,14,1
25,1,1
31,3,1
24,5,1
48,16,1
25,1,1
47,16,1
55,24,1
23,3,1
58,28,1
45,15,1
32,5,1
33,5,1
29,4,1
44,13,1
28,2,1
-300,1,0
54,24,1
43,16,1
51,35,1
-296,11,0
25,1,1
25,1,1
45,14,1
36,6,1
46,15,1
37,8,1
28,2,1
66,53,1
43,7,1
27,3,1
-283,28,0
-226,85,0
33,5,1
32,12,1
-300,4,0
35,6,1
38,29,1
28,2,1
28,2,1
28,2,1
42,10,1
110,94,1
38,7,1
-306,20,0
32,5,1
33,5,1
33,11,1
28,2,1
32,5,1
53,27,1
59,49,1
51,19,1
49,15,1
34,18,1
-297,2,0
28,2,1
34,4,1
43,25,1
24,2,1
25,1,1
41,12,1
32,6,1
31,3,1
25,1,1
25,5,1
25,1,1
25,1,1
28,2,1
71,53,1
68,31,1
-298,3,0
-300,1,0
57,39,1
-281,23,0
25,1,1
46,28,1
28,14,1
29,4,1
24,2,1
-300,4,0
37,8,1
28,2,1
25,1,1
30,4,1
30,4,1
25,1,1
43,11,1
28,2,1
38,8,1
-283,10,0
32,9,1
44,15,1
34,7,1
36,9,1
37,5,1
40,6,1
-275,23,0
33,5,1
24,2,1
42,14,1
28,2,1
25,1,1
43,17,1
29,4,1
54,24,1
36,6,1
49,46,1
33,24,1
31,3,1
62,33,1
49,40,1
-296,8,0
56,39,1
54,24,1
37,15,1
29,4,1
46,17,1
67,51,1
31,3,1
-297,7,0
34,7,1
34,4,1
-268,16,0
25,1,1
52,42,1
-305,10,0
31,3,1
-291,24,0
53,43,1
36,14,1
58,30,1
52,20,1
-300,6,0
51,20,1
-304,12,0
47,17,1
-305,4,0
34,4,1
28,2,1
-300,1,0
25,1,1
57,34,1
38,28,1
51,17,1
96,68,1
37,5,1
31,3,1
-300,1,0
33,7,1
31,3,1
33,5,1
-302,11,0
33,7,1
41,8,1
51,31,1
43,10,1
46,20,1
-277,27,0
43,13,1
34,4,1
25,4,1
51,11,1
31,3,1
-309,6,0
-299,4,0
-277,13,0
33,5,1
24,2,1
28,2,1
44,16,1
50,27,1
45,9,1
49,9,1
-286,20,0
35,11,1
25,1,1
28,2,1
37,8,1
29,4,1
63,32,1
-284,26,0
-297,2,0
28,2,1
34,4,1
28,2,1
-273,34,0
31,3,1
48,36,1
71,37,1
31,6,1
37,46,1
28,2,1
64,46,1
32,17,1
24,5,1
39,22,1
25,1,1
28,2,1
28,2,1
50,12,1
34,4,1
-291,7,0
25,1,1
56,27,1
43,10,1
29,4,1
31,3,1
32,21,1
37,8,1
25,1,1
59,39,1
31,3,1
28,2,1
25,1,1
38,31,1
33,8,1
27,5,1
33,7,1
47,44,1
59,38,1
32,5,1
-281,13,0
-285,9,0
42,8,1
-294,6,0
34,7,1
25,1,1
28,2,1
-283,45,0
43,17,1
30,16,1
33,7,1
49,16,1
30,6,1
-305,6,0
-294,3,0
31,3,1
50,45,1
28,2,1
-294,3,0
-291,4,0
33,5,1
52,41,1
-280,25,0
25,1,1
25,1,1
32,5,1
24,2,1
-291,35,0
-299,3,0
26,3,1
41,32,1
-287,8,0
39,20,1
55,14,1
40,6,1
47,17,1
-300,1,0
28,2,1
25,1,1
-311,11,0
48,18,1
37,5,1
58,26,1
-288,15,0
24,2,1
42,8,1
37,5,1
49,31,1
42,13,1
44,46,1
28,2,1
55,29,1
48,17,1
23,2,1
58,70,1
46,53,1
33,5,1
26,3,1
-310,10,0
-294,12,0
-287,15,0
39,7,1
33,7,1
40,11,1
43,15,1
28,2,1
38,7,1
28,2,1
31,3,1
46,30,1
25,1,1
53,45,1
78,57,1
28,2,1
35,11,1
23,2,1
-304,7,0
25,1,1
45,11,1
-277,30,0
-282,14,0
-300,16,0
25,1,1
31,6,1
34,4,1
40,19,1
73,45,1
-282,21,0
52,20,1
30,4,1
37,5,1
25,1,1
-295,7,0
28,2,1
25,1,1
50,25,1
-284,43,0
59,18,1
43,11,1
31,3,1
-304,18,0
-280,22,0
88,58,1
32,12,1
53,37,1
-288,5,0
25,1,1
69,45,1
38,7,1
47,10,1
-291,4,0
57,24,1
42,14,1
62,38,1
-295,13,0
-300,1,0
31,3,1
26,3,1
28,2,1
25,31,1
47,17,1
51,31,1
-286,19,0
65,41,1
55,20,1
40,12,1
34,4,1
44,12,1
46,27,1
36,8,1
-300,1,0
52,13,1
61,35,1
25,1,1
47,11,1
52,24,1
-299,4,0
45,22,1
35,6,1
23,2,1
25,1,1
34,4,1
41,8,1
28,2,1
43,20,1
35,7,1
25,1,1
40,29,1
44,19,1
53,22,1
47,11,1
-300,1,0
30,4,1
25,1,1
36,8,1
-289,6,0
31,6,1
31,3,1
-299,7,0
41,8,1
31,3,1
61,30,1
29,4,1
43,31,1
45,14,1
-290,38,0
-289,8,0
48,23,1
52,20,1
34,12,1
39,7,1
39,14,1
45,19,1
23,2,1
43,13,1
-300,1,0
-279,17,0
48,10,1
31,3,1
33,5,1
42,11,1
28,2,1
25,1,1
31,3,1
32,5,1
28,2,1
28,2,1
39,26,1
-306,8,0
25,1,1
24,2,1
34,7,1
40,6,1
25,1,1
34,4,1
40,14,1
39,10,1
-279,8,0
25,1,1
43,38,1
34,10,1
25,1,1
51,43,1
32,12,1
46,11,1
-284,16,0
60,34,1
48,23,1
32,8,1
25,1,1
-243,48,0
49,25,1
34,9,1
43,10,1
35,6,1
24,2,1
30,4,1
-279,19,0
50,23,1
35,6,1
33,5,1
-296,5,0
41,9,1
73,76,1
44,10,1
23,2,1
-275,44,0
24,2,1
50,15,1
-302,2,0
48,17,1
50,32,1
38,12,1
44,25,1
43,7,1
49,12,1
42,10,1
44,33,1
55,51,1
32,6,1
32,8,1
43,10,1
40,13,1
33,9,1
32,11,1
-300,1,0
34,12,1
46,14,1
25,1,1
45,14,1
36,6,1
31,6,1
51,22,1
34,4,1
-303,11,0
-294,52,0
28,2,1
-275,93,0
-302,2,0
32,5,1
-300,1,0
51,20,1
27,3,1
28,2,1
72,52,1
28,2,1
48,16,1
-283,18,0
29,4,1
34,13,1
25,1,1
25,1,1
43,14,1
35,29,1
54,31,1
39,9,1
38,8,1
40,6,1
34,10,1
41,12,1
35,15,1
37,5,1
31,3,1
28,2,1
25,1,1
34,7,1
36,6,1
-300,1,0
27,3,1
47,14,1
-289,6,0
34,4,1
34,13,1
41,8,1
49,24,1
-295,6,0
52,20,1
43,17,1
-291,13,0
42,10,1
54,27,1
31,3,1
34,4,1
25,1,1
31,3,1
41,8,1
25,1,1
23,2,1
46,12,1
47,16,1
36,9,1
39,12,1
40,6,1
31,6,1
38,10,1
31,3,1
54,42,1
-292,11,0
25,1,1
44,10,1
-273,25,0
-296,4,0
36,6,1
-238,110,0
39,13,1
26,3,1
47,16,1
47,19,1
-273,33,0
-286,7,0
35,11,1
25,1,1
50,16,1
40,11,1
25,1,1
55,38,1
28,2,1
-300,1,0
31,3,1
45,26,1
-273,14,0
53,30,1
34,8,1
37,5,1
44,29,1
-302,2,0
29,4,1
38,8,1
24,2,1
31,3,1
31,3,1
28,2,1
42,8,1
37,8,1
46,8,1
-256,67,0
48,10,1
-297,2,0
53,28,1
23,2,1
25,1,1
42,8,1
52,45,1
59,22,1
-256,50,0
47,28,1
30,7,1
42,15,1
49,24,1
28,2,1
37,18,1
74,60,1
-269,32,0
48,23,1
38,18,1
28,2,1
42,11,1
36,6,1
26,6,1
59,34,1
30,4,1
28,2,1
-291,4,0
43,19,1
28,2,1
45,9,1
47,17,1
45,23,1
26,3,1
39,7,1
44,10,1
28,2,1
46,17,1
28,2,1
41,11,1
28,2,1
35,7,1
35,7,1
35,13,1
-301,2,0
31,3,1
32,13,1
57,21,1
53,19,1
25,1,1
34,4,1
42,11,1
62,41,1
31,3,1
57,29,1
27,5,1
34,16,1
36,14,1
-297,38,0
79,57,1
61,23,1
25,1,1
47,13,1
45,15,1
35,6,1
58,23,1
27,6,1
25,1,1
39,7,1
31,3,1
25,1,1
25,1,1
-300,1,0
45,18,1
28,5,1
35,16,1
28,2,1
37,5,1
22,3,1
29,4,1
42,24,1
32,5,1
30,4,1
49,20,1
38,12,1
40,12,1
-297,2,0
29,4,1
-275,15,0
44,30,1
33,5,1
31,3,1
30,4,1
31,3,1
25,1,1
-304,4,0
57,31,1
38,10,1
47,10,1
-300,1,0
74,56,1
25,1,1
77,47,1
56,18,1
-284,15,0
36,8,1
31,9,1
-296,4,0
54,24,1
36,6,1
-283,14,0
-293,6,0
26,6,1
49,16,1
44,10,1
40,17,1
-283,11,0
-300,1,0
25,1,1
28,2,1
41,12,1
25,1,1
44,34,1
51,43,1
-289,36,0
34,7,1
-299,9,0
48,17,1
50,20,1
40,12,1
32,11,1
46,26,1
30,4,1
31,6,1
33,5,1
54,20,1
25,1,1
51,14,1
-304,6,0
43,17,1
41,12,1
51,11,1
28,2,1
47,29,1
28,2,1
28,2,1
43,7,1
-297,2,0
26,7,1
26,25,1
28,2,1
48,20,1
36,9,1
26,3,1
39,19,1
25,1,1
58,29,1
40,21,1
24,2,1
76,49,1
29,4,1
31,3,1
31,3,1
25,1,1
53,27,1
32,8,1
31,3,1
-300,1,0
45,12,1
50,45,1
32,8,1
32,6,1
-294,3,0
23,2,1
56,17,1
-310,19,0
52,19,1
42,13,1
-295,4,0
34,7,1
31,3,1
31,3,1
31,3,1
41,12,1
-290,12,0
42,21,1
59,29,1
30,4,1
34,7,1
44,10,1
62,45,1
25,1,1
35,7,1
-272,25,0
25,1,1
34,4,1
23,2,1
40,16,1
31,6,1
25,1,1
34,17,1
41,8,1
39,12,1
24,8,1
56,42,1
25,1,1
-285,55,0
29,4,1
23,2,1
-285,48,0
48,32,1
30,4,1
45,13,1
41,9,1
31,3,1
34,4,1
28,2,1
-304,3,0
28,2,1
-298,3,0
31,3,1
-297,11,0
40,11,1
-297,16,0
34,4,1
40,9,1
-282,10,0
38,18,1
31,3,1
42,10,1
24,4,1
37,8,1
29,7,1
25,1,1
55,21,1
40,11,1
53,35,1
37,15,1
31,3,1
33,11,1
38,11,1
23,2,1
28,2,1
25,1,1
23,3,1
53,22,1
38,13,1
24,2,1
44,27,1
23,2,1
41,14,1
39,7,1
-294,10,0
46,14,1
55,32,1
61,28,1
30,6,1
37,17,1
29,4,1
25,1,1
113,103,1
31,3,1
-281,12,0
36,15,1
-273,17,0
31,3,1
32,13,1
41,17,1
59,18,1
-284,27,0
30,4,1
-292,8,0
27,5,1
54,38,1
47,25,1
38,10,1
40,9,1
46,14,1
25,1,1
28,2,1
-302,19,0
44,24,1
52,14,1
72,90,1
47,17,1
31,3,1
25,1,1
58,32,1
-271,26,0
76,74,1
40,6,1
43,18,1
51,33,1
31,3,1
-281,27,0
25,1,1
57,42,1
-300,1,0
-294,14,0
80,55,1
-306,8,0
77,79,1
65,44,1
48,16,1
39,7,1
29,4,1
46,16,1
54,19,1
32,6,1
35,7,1
63,36,1
37,12,1
-289,32,0
-302,5,0
31,3,1
45,49,1
52,27,1
30,4,1
37,5,1
25,1,1
38,13,1
-278,20,0
41,9,1
-292,5,0
34,4,1
48,13,1
25,1,1
-292,17,0
23,2,1
43,13,1
-275,31,0
26,17,1
51,22,1
44,18,1
28,2,1
88,68,1
26,3,1
35,6,1
29,4,1
47,24,1
30,4,1
63,34,1
27,3,1
53,40,1
54,24,1
39,16,1
-300,1,0
32,6,1
36,6,1
28,2,1
56,30,1
-295,7,0
34,13,1
64,30,1
57,20,1
74,71,1
25,1,1
47,22,1
41,16,1
37,5,1
-300,1,0
-301,2,0
25,1,1
28,2,1
43,32,1
-297,2,0
47,11,1
25,1,1
43,11,1
30,4,1
-309,9,0
61,34,1
81,64,1
39,9,1
37,8,1
29,4,1
25,1,1
49,29,1
-283,14,0
28,2,1
68,52,1
31,3,1
51,27,1
-304,4,0
43,16,1
-282,20,0
31,3,1
32,5,1
79,66,1
50,15,1
53,21,1
28,2,1
-297,2,0
51,16,1
-283,23,0
25,1,1
-299,4,0
72,59,1
-271,25,0
-303,9,0
47,10,1
53,25,1
25,1,1
25,1,1
31,3,1
40,6,1
31,3,1
31,3,1
32,5,1
-283,11,0
37,5,1
48,19,1
45,9,1
46,56,1
28,2,1
33,5,1
25,1,1
28,2,1
25,1,1
-294,7,0
40,13,1
41,11,1
62,49,1
-300,1,0
25,1,1
31,3,1
28,19,1
33,5,1
-300,1,0
50,47,1
-287,11,0
35,6,1
65,27,1
31,3,1
50,15,1
29,4,1
28,2,1
28,2,1
46,11,1
28,2,1
-297,2,0
25,1,1
31,3,1
40,9,1
23,2,1
40,6,1
38,17,1
25,1,1
39,16,1
48,13,1
25,1,1
31,6,1
28,11,1
31,3,1
54,40,1
31,3,1
28,2,1
55,46,1
-281,32,0
31,6,1
-297,2,0
46,17,1
34,21,1
25,1,1
-282,30,0
45,36,1
42,8,1
47,25,1
25,4,1
31,3,1
37,5,1
35,6,1
-296,10,0
31,3,1
38,10,1
58,28,1
25,1,1
31,3,1
44,9,1
56,24,1
59,39,1
42,23,1
41,15,1
-296,11,0
43,12,1
34,4,1
25,1,1
25,1,1
39,7,1
46,11,1
50,15,1
37,5,1
28,2,1
28,2,1
56,21,1
-259,63,0
48,19,1
25,1,1
28,2,1
24,2,1
42,22,1
70,67,1
49,18,1
-307,26,0
28,2,1
-291,4,0
23,5,1
38,11,1
48,15,1
34,16,1
25,1,1
36,6,1
111,113,1
23,2,1
25,1,1
48,13,1
28,2,1
23,2,1
41,14,1
41,8,1
54,29,1
25,1,1
-303,3,0
39,12,1
34,7,1
27,3,1
40,25,1
46,18,1
28,5,1
-274,18,0
36,6,1
50,22,1
30,8,1
24,2,1
46,8,1
-297,5,0
25,1,1
47,14,1
25,1,1
43,16,1
23,2,1
-295,4,0
45,14,1
34,10,1
25,1,1
60,39,1
30,4,1
34,4,1
45,12,1
-297,2,0
25,1,1
38,7,1
75,58,1
39,35,1
31,3,1
60,42,1
26,3,1
49,28,1
28,2,1
31,3,1
46,13,1
-303,3,0
23,2,1
-294,3,0
37,13,1
31,3,1
28,2,1
42,19,1
34,7,1
37,9,1
33,8,1
30,4,1
42,49,1
38,7,1
46,16,1
-280,23,0
58,34,1
30,4,1
28,2,1
44,16,1
36,24,1
30,4,1
24,2,1
39,10,1
26,6,1
-292,8,0
44,18,1
44,17,1
36,8,1
25,1,1
41,19,1
25,1,1
48,15,1
25,1,1
74,54,1
36,6,1
31,3,1
32,5,1
52,31,1
40,17,1
91,67,1
39,15,1
-300,4,0
31,3,1
30,9,1
37,17,1
44,43,1
34,15,1
25,1,1
31,7,1
56,27,1
45,28,1
40,12,1
45,15,1
37,10,1
25,1,1
-269,44,0
44,68,1
-299,6,0
51,20,1
43,13,1
28,2,1
25,1,1
34,10,1
-299,7,0
35,6,1
52,64,1
-304,6,0
27,6,1
44,27,1
42,11,1
43,18,1
25,1,1
64,46,1
-292,14,0
46,18,1
25,1,1
-300,1,0
63,40,1
25,1,1
42,11,1
25,1,1
24,2,1
52,17,1
55,24,1
29,4,1
36,8,1
-273,24,0
25,1,1
54,16,1
49,25,1
41,8,1
42,11,1
23,2,1
28,5,1
28,2,1
-300,1,0
46,12,1
31,3,1
25,1,1
33,10,1
34,4,1
46,11,1
46,17,1
39,13,1
32,5,1
46,14,1
42,8,1
-301,4,0
50,22,1
31,3,1
37,16,1
28,2,1
25,1,1
31,3,1
25,1,1
44,16,1
36,9,1
34,4,1
-296,4,0
29,8,1
40,12,1
-292,20,0
36,6,1
57,24,1
43,7,1
48,15,1
23,2,1
39,16,1
25,1,1
28,2,1
43,7,1
-296,5,0
-302,24,0
37,13,1
43,10,1
23,19,1
-300,1,0
52,46,1
52,26,1
31,3,1
28,2,1
25,1,1
26,3,1
61,33,1
31,3,1
32,5,1
28,2,1
-288,12,0
52,16,1
-290,10,0
25,1,1
31,3,1
-286,31,0
60,52,1
40,6,1
29,4,1
31,3,1
28,2,1
40,21,1
-298,6,0
24,11,1
56,25,1
50,15,1
37,10,1
25,1,1
32,9,1
28,2,1
-299,9,0
47,23,1
30,4,1
32,5,1
39,7,1
45,11,1
34,17,1
25,1,1
51,16,1
25,1,1
61,26,1
31,3,1
35,40,1
60,37,1
37,5,1
51,30,1
38,11,1
41,11,1
32,12,1
36,14,1
47,19,1
31,3,1
30,4,1
24,2,1
28,2,1
-294,12,0
50,22,1
42,11,1
25,1,1
41,17,1
23,2,1
23,2,1
28,2,1
25,1,1
33,5,1
-288,5,0
35,6,1
25,1,1
53,16,1
46,72,1
43,10,1
38,7,1
49,14,1
49,26,1
26,3,1
-300,1,0
50,15,1
25,1,1
24,2,1
-300,1,0
-286,10,0
23,2,1
54,20,1
-299,3,0
64,40,1
28,2,1
-280,33,0
-289,23,0
36,8,1
25,1,1
59,58,1
36,38,1
60,23,1
30,6,1
33,10,1
28,2,1
-288,9,0
37,5,1
40,10,1
28,2,1
53,19,1
39,7,1
42,10,1
49,26,1
42,37,1
24,2,1
-290,15,0
43,13,1
34,7,1
40,9,1
60,27,1
25,1,1
25,1,1
38,10,1
31,3,1
67,37,1
35,12,1
38,7,1
25,1,1
28,2,1
57,29,1
27,3,1
42,13,1
28,2,1
59,35,1
-300,1,0
31,3,1
25,1,1
50,27,1
42,11,1
-301,2,0
32,9,1
24,7,1
51,26,1
27,3,1
-300,1,0
45,14,1
25,1,1
46,24,1
55,29,1
25,1,1
39,35,1
43,10,1
46,14,1
-294,3,0
54,26,1
49,33,1
45,18,1
38,7,1
25,1,1
42,8,1
36,8,1
-288,16,0
24,4,1
28,2,1
42,11,1
42,15,1
25,1,1
-282,24,0
-300,1,0
28,2,1
44,10,1
46,23,1
42,27,1
-294,3,0
31,3,1
-300,1,0
35,10,1
33,5,1
80,79,1
33,7,1
50,11,1
40,20,1
28,7,1
-255,85,0
25,4,1
-299,43,0
25,1,1
23,2,1
34,14,1
41,9,1
49,18,1
25,1,1
43,7,1
50,27,1
25,1,1
59,28,1
25,1,1
40,17,1
25,1,1
71,58,1
31,8,1
46,11,1
43,12,1
31,11,1
32,5,1
32,5,1
36,6,1
55,15,1
-289,9,0
31,6,1
28,5,1
-285,14,0
43,18,1
-300,1,0
65,57,1
45,26,1
34,4,1
31,3,1
36,25,1
-302,2,0
34,7,1
31,11,1
52,34,1
47,14,1
63,34,1
38,11,1
48,13,1
71,42,1
25,1,1
26,3,1
34,8,1
93,64,1
30,6,1
34,12,1
33,7,1
42,8,1
38,10,1
37,5,1
40,12,1
44,9,1
25,1,1
65,32,1
24,2,1
39,60,1
41,13,1
63,28,1
49,15,1
40,15,1
43,10,1
25,1,1
-291,4,0
45,26,1
31,3,1
52,38,1
-303,5,0
44,10,1
38,13,1
24,10,1
31,3,1
31,17,1
36,16,1
43,7,1
-297,8,0
32,20,1
31,6,1
28,2,1
25,1,1
34,4,1
-290,13,0
75,52,1
-265,24,0
32,6,1
38,17,1
38,10,1
29,4,1
25,1,1
31,3,1
65,33,1
66,34,1
34,7,1
-292,12,0
31,18,1
36,8,1
37,8,1
45,13,1
34,4,1
40,21,1
60,33,1
40,20,1
38,7,1
33,5,1
44,12,1
40,15,1
-301,4,0
41,8,1
68,32,1
24,2,1
33,7,1
34,4,1
46,15,1
40,16,1
43,7,1
-280,31,0
55,22,1
39,14,1
32,5,1
50,34,1
41,14,1
-284,20,0
28,5,1
30,6,1
-291,4,0
53,25,1
36,11,1
-278,28,0
27,3,1
78,54,1
38,8,1
39,7,1
28,2,1
50,24,1
-292,5,0
44,21,1
53,21,1
25,1,1
31,3,1
25,1,1
24,2,1
43,12,1
28,2,1
40,12,1
50,27,1
42,13,1
31,18,1
24,7,1
-287,38,0
-300,1,0
34,4,1
27,3,1
47,25,1
33,5,1
28,2,1
23,16,1
31,3,1
25,1,1
41,9,1
-291,12,0
36,11,1
33,5,1
34,4,1
-294,3,0
25,1,1
28,2,1
-269,26,0
47,10,1
36,11,1
36,6,1
31,6,1
34,4,1
52,19,1
34,4,1
33,8,1
28,2,1
53,31,1
25,1,1
56,24,1
28,2,1
25,1,1
59,21,1
28,5,1
23,2,1
25,1,1
68,39,1
25,1,1
28,2,1
-296,4,0
36,6,1
34,4,1
38,7,1
48,24,1
46,14,1
-298,6,0
34,7,1
31,3,1
80,59,1
49,27,1
51,29,1
40,6,1
41,8,1
31,3,1
-285,15,0
25,1,1
41,12,1
38,17,1
31,3,1
34,4,1
35,6,1
28,2,1
52,40,1
38,7,1
43,14,1
31,3,1
46,11,1
-294,3,0
51,23,1
25,1,1
42,8,1
-287,34,0
28,2,1
39,7,1
31,3,1
44,10,1
52,14,1
-300,1,0
58,22,1
64,48,1
25,1,1
63,30,1
41,8,1
25,1,1
46,23,1
40,13,1
42,13,1
34,4,1
25,1,1
-272,31,0
36,6,1
50,14,1
56,20,1
36,6,1
24,4,1
-284,12,0
34,4,1
41,19,1
31,7,1
56,27,1
-298,3,0
49,22,1
52,25,1
36,6,1
54,40,1
35,6,1
44,15,1
34,4,1
63,44,1
25,1,1
42,16,1
28,5,1
25,1,1
50,38,1
-304,3,0
36,6,1
25,1,1
43,10,1
65,31,1
41,9,1
36,12,1
25,1,1
40,6,1
-295,13,0
60,29,1
-292,20,0
25,1,1
48,16,1
54,22,1
-296,4,0
33,13,1
33,5,1
24,2,1
30,7,1
39,13,1
56,41,1
25,1,1
23,8,1
-288,22,0
-282,24,0
26,3,1
50,12,1
32,5,1
48,15,1
46,14,1
56,41,1
36,6,1
28,2,1
28,2,1
40,18,1
31,17,1
51,25,1
52,14,1
40,9,1
37,8,1
-299,3,0
26,3,1
-299,3,0
32,5,1
31,3,1
28,2,1
43,21,1
52,17,1
28,2,1
31,3,1
28,2,1
-295,6,0
48,18,1
28,2,1
34,15,1
-289,15,0
24,2,1
63,35,1
30,6,1
38,7,1
-299,15,0
25,1,1
32,5,1
68,34,1
35,26,1
-303,3,0
37,8,1
38,11,1
35,10,1
52,31,1
36,9,1
28,5,1
43,14,1
31,3,1
25,1,1
33,5,1
27,3,1
45,40,1
28,2,1
57,41,1
-285,11,0
34,4,1
33,5,1
23,2,1
34,7,1
28,2,1
-300,1,0
52,34,1
-288,9,0
45,18,1
25,1,1
44,10,1
35,10,1
47,46,1
-304,7,0
83,66,1
29,4,1
25,1,1
32,5,1
-300,1,0
-282,32,0
70,41,1
42,10,1
55,18,1
25,1,1
-292,18,0
43,19,1
49,19,1
32,5,1
50,30,1
25,1,1
33,7,1
48,19,1
27,3,1
39,9,1
43,13,1
45,11,1
34,4,1
40,20,1
32,14,1
24,2,1
42,8,1
39,10,1
31,3,1
42,18,1
25,1,1
44,10,1
59,36,1
31,3,1
-276,16,0
34,4,1
-293,21,0
48,10,1
-296,4,0
25,1,1
31,3,1
23,2,1
25,1,1
24,2,1
54,31,1
25,1,1
25,1,1
48,22,1
25,1,1
34,4,1
-302,2,0
47,17,1
42,8,1
41,11,1
25,1,1
29,4,1
51,21,1
61,40,1
28,2,1
37,5,1
42,15,1
37,9,1
41,19,1
28,2,1
69,42,1
26,3,1
25,1,1
25,1,1
56,17,1
-292,8,0
60,49,1
45,18,1
-289,23,0
28,2,1
28,2,1
37,11,1
-286,44,0
28,2,1
25,1,1
47,11,1
-286,27,0
54,26,1
-296,24,0
28,2,1
58,22,1
36,6,1
48,22,1
29,4,1
31,16,1
31,3,1
25,1,1
38,10,1
39,15,1
34,4,1
59,31,1
25,4,1
39,7,1
-285,15,0
36,6,1
-289,13,0
36,8,1
51,14,1
55,22,1
34,7,1
25,1,1
25,1,1
32,5,1
46,11,1
63,21,1
25,1,1
37,8,1
55,22,1
33,5,1
36,8,1
25,1,1
25,1,1
34,4,1
55,29,1
29,4,1
49,22,1
-286,18,0
50,14,1
35,10,1
57,32,1
-300,1,0
48,22,1
28,2,1
40,6,1
25,1,1
80,50,1
36,6,1
67,54,1
46,14,1
29,4,1
34,4,1
32,6,1
25,1,1
67,32,1
34,7,1
51,19,1
50,17,1
-286,17,0
34,7,1
43,16,1
37,5,1
34,4,1
39,14,1
31,25,1
37,5,1
59,31,1
62,32,1
24,2,1
-297,22,0
27,8,1
29,4,1
32,5,1
40,17,1
43,13,1
25,1,1
-261,36,0
44,13,1
64,46,1
27,6,1
28,7,1
-300,1,0
28,2,1
-279,30,0
-292,5,0
46,33,1
28,5,1
-302,5,0
38,7,1
43,27,1
34,4,1
31,3,1
-265,39,0
38,7,1
25,1,1
46,14,1
26,3,1
30,4,1
24,2,1
44,10,1
31,3,1
47,38,1
24,2,1
35,6,1
26,4,1
25,14,1
41,11,1
25,1,1
33,5,1
59,18,1
34,7,1
69,46,1
25,1,1
37,5,1
28,2,1
52,16,1
60,43,1
-290,16,0
66,31,1
29,12,1
56,14,1
52,19,1
38,8,1
-299,8,0
39,7,1
25,1,1
54,17,1
55,43,1
24,4,1
37,5,1
35,6,1
41,12,1
25,1,1
31,3,1
43,16,1
28,2,1
35,13,1
28,2,1
25,1,1
49,38,1
29,4,1
37,5,1
37,5,1
28,2,1
35,9,1
-300,4,0
57,17,1
30,4,1
40,6,1
27,3,1
47,17,1
52,20,1
29,8,1
33,5,1
39,14,1
47,14,1
34,11,1
25,1,1
65,31,1
65,44,1
39,10,1
51,21,1
47,13,1
40,25,1
43,10,1
-277,19,0
58,31,1
23,2,1
66,37,1
36,21,1
28,2,1
52,37,1
48,18,1
34,18,1
-289,12,0
28,2,1
34,14,1
39,7,1
36,6,1
39,14,1
25,1,1
33,7,1
40,9,1
31,3,1
30,4,1
-283,21,0
40,9,1
28,5,1
42,36,1
34,4,1
-297,2,0
25,1,1
32,11,1
45,15,1
28,2,1
26,3,1
45,12,1
55,22,1
44,18,1
-281,25,0
66,38,1
39,10,1
25,1,1
41,18,1
52,23,1
-294,3,0
25,1,1
-304,11,0
42,10,1
26,3,1
35,6,1
28,2,1
48,22,1
28,2,1
25,1,1
25,1,1
37,5,1
61,40,1
40,9,1
32,8,1
25,1,1
25,1,1
31,3,1
38,12,1
25,1,1
25,1,1
25,1,1
23,2,1
66,47,1
49,16,1
40,19,1
28,5,1
41,8,1
46,19,1
-294,3,0
41,14,1
34,4,1
35,9,1
25,1,1
31,3,1
31,3,1
34,7,1
28,2,1
-287,10,0
28,2,1
27,6,1
28,2,1
60,36,1
45,12,1
42,10,1
29,5,1
35,6,1
34,4,1
34,4,1
28,2,1
50,19,1
25,1,1
45,11,1
31,6,1
25,1,1
27,3,1
28,2,1
33,5,1
23,2,1
25,1,1
32,5,1
65,34,1
-285,16,0
36,15,1
41,12,1
-285,12,0
37,14,1
31,3,1
31,3,1
30,4,1
33,7,1
25,1,1
87,78,1
38,7,1
43,7,1
45,19,1
-288,20,0
-308,6,0
32,9,1
33,5,1
35,10,1
31,3,1
40,15,1
37,5,1
61,23,1
39,13,1
34,4,1
25,1,1
24,2,1
25,1,1
33,9,1
43,7,1
-287,17,0
28,2,1
23,2,1
25,1,1
25,1,1
46,24,1
25,1,1
34,4,1
23,2,1
26,3,1
25,1,1
66,32,1
41,21,1
-296,5,0
44,10,1
34,4,1
-299,12,0
31,3,1
39,9,1
25,1,1
25,1,1
34,7,1
51,25,1
28,2,1
33,13,1
-294,15,0
28,2,1
40,9,1
46,8,1
25,1,1
25,1,1
34,4,1
41,15,1
48,22,1
23,2,1
25,1,1
28,2,1
31,3,1
31,3,1
31,3,1
-298,8,0
25,1,1
28,2,1
41,22,1
57,26,1
36,6,1
35,9,1
36,9,1
53,24,1
30,4,1
45,15,1
-293,5,0
32,13,1
82,67,1
48,16,1
31,3,1
37,5,1
-300,1,0
24,2,1
51,20,1
25,1,1
47,21,1
37,11,1
50,25,1
45,38,1
28,7,1
42,14,1
25,1,1
47,19,1
-300,18,0
25,1,1
-299,3,0
-292,5,0
25,1,1
27,3,1
28,2,1
33,5,1
25,1,1
45,24,1
36,6,1
41,15,1
25,1,1
41,31,1
34,4,1
38,7,1
55,30,1
42,10,1
25,1,1
-292,5,0
25,1,1
47,18,1
69,34,1
39,17,1
40,6,1
34,10,1
-295,4,0
55,30,1
43,12,1
36,8,1
25,1,1
43,13,1
50,24,1
26,4,1
52,30,1
28,2,1
27,3,1
50,41,1
56,21,1
25,1,1
50,31,1
28,2,1
-294,3,0
28,2,1
38,7,1
-265,25,0
40,9,1
25,1,1
-300,1,0
-292,13,0
59,34,1
28,2,1
-300,1,0
28,2,1
34,4,1
33,8,1
25,1,1
-300,7,0
45,28,1
25,1,1
25,1,1
35,12,1
-291,4,0
25,1,1
28,2,1
-293,24,0
46,14,1
28,2,1
25,1,1
34,7,1
42,18,1
45,18,1
50,34,1
53,17,1
47,44,1
25,1,1
-286,9,0
25,1,1
77,53,1
29,4,1
40,12,1
34,4,1
-290,6,0
28,2,1
70,54,1
24,2,1
48,12,1
38,8,1
-295,7,0
35,9,1
45,13,1
28,2,1
30,4,1
23,2,1
30,7,1
44,18,1
43,18,1
37,8,1
57,21,1
79,40,1
-301,9,0
50,16,1
37,5,1
47,13,1
25,1,1
52,25,1
67,46,1
25,1,1
70,54,1
70,39,1
26,12,1
25,1,1
34,11,1
-291,8,0
25,1,1
35,7,1
34,9,1
50,16,1
28,2,1
40,10,1
-302,2,0
37,5,1
25,1,1
25,1,1
34,4,1
38,7,1
-300,6,0
44,18,1
-276,25,0
54,21,1
25,1,1
37,9,1
31,3,1
25,1,1
29,4,1
31,3,1
47,26,1
25,1,1
35,6,1
31,3,1
57,30,1
25,1,1
38,17,1
43,13,1
31,7,1
40,19,1
37,14,1
28,2,1
56,23,1
34,9,1
55,29,1
40,6,1
35,6,1
28,2,1
-280,16,0
-269,28,0
25,1,1
28,2,1
43,10,1
54,31,1
35,9,1
31,9,1
28,2,1
42,10,1
58,30,1
65,38,1
34,4,1
42,11,1
23,2,1
24,4,1
-300,1,0
40,12,1
62,28,1
25,1,1
34,4,1
28,2,1
-300,1,0
53,18,1
28,2,1
25,1,1
40,14,1
25,1,1
38,8,1
64,40,1
36,6,1
31,3,1
56,37,1
52,22,1
25,1,1
38,7,1
37,5,1
53,32,1
25,1,1
34,4,1
33,5,1
38,7,1
29,4,1
35,6,1
38,11,1
40,11,1
45,28,1
-291,17,0
24,2,1
-297,2,0
28,2,1
56,21,1
49,19,1
24,2,1
48,18,1
26,4,1
45,21,1
37,8,1
28,2,1
58,23,1
-300,1,0
36,6,1
28,2,1
56,19,1
-302,2,0
46,19,1
59,25,1
40,6,1
25,1,1
25,1,1
25,1,1
-292,22,0
72,31,1
63,24,1
-249,44,0
28,2,1
34,13,1
28,2,1
25,1,1
41,8,1
39,9,1
25,1,1
25,1,1
28,2,1
40,6,1
32,5,1
53,44,1
49,28,1
65,58,1
38,8,1
36,6,1
41,30,1
25,1,1
-306,26,0
40,9,1
79,67,1
-299,14,0
51,30,1
31,3,1
48,15,1
38,8,1
46,18,1
46,17,1
-294,13,0
51,21,1
47,14,1
31,3,1
45,20,1
27,8,1
26,3,1
36,6,1
70,37,1
-299,6,0
24,2,1
30,4,1
25,1,1
-302,8,0
31,3,1
54,27,1
40,6,1
25,1,1
49,33,1
34,12,1
18,18,1
25,1,1
24,2,1
47,14,1
39,7,1
41,9,1
-296,7,0
32,5,1
-300,1,0
28,2,1
24,2,1
58,42,1
40,28,1
31,3,1
38,7,1
39,7,1
33,5,1
52,27,1
25,1,1
43,14,1
37,5,1
37,5,1
31,3,1
33,8,1
30,6,1
53,16,1
41,9,1
53,25,1
31,3,1
30,14,1
-252,66,0
25,1,1
42,14,1
52,22,1
31,3,1
50,22,1
52,21,1
58,29,1
34,4,1
65,52,1
76,42,1
28,2,1
33,8,1
53,16,1
37,5,1
46,14,1
48,25,1
-286,13,0
25,1,1
-299,3,0
44,17,1
58,20,1
25,1,1
36,9,1
53,13,1
26,3,1
60,28,1
-293,5,0
25,1,1
49,15,1
33,5,1
25,1,1
92,63,1
35,7,1
55,29,1
29,4,1
28,2,1
39,10,1
46,14,1
28,2,1
31,11,1
70,45,1
34,4,1
41,14,1
36,6,1
63,35,1
39,34,1
44,12,1
25,1,1
29,4,1
44,15,1
24,2,1
34,7,1
23,2,1
47,16,1
28,2,1
25,1,1
31,3,1
34,4,1
45,14,1
-297,2,0
43,18,1
51,26,1
28,7,1
40,13,1
25,1,1
25,1,1
36,6,1
25,1,1
-297,7,0
41,26,1
34,4,1
41,8,1
39,10,1
55,18,1
36,11,1
26,4,1
40,12,1
38,7,1
67,43,1
35,6,1
45,9,1
43,7,1
57,46,1
25,1,1
28,2,1
-301,2,0
-267,34,0
-305,9,0
29,5,1
29,4,1
26,3,1
32,5,1
30,4,1
-296,4,0
-290,26,0
25,1,1
48,13,1
-291,7,0
28,2,1
24,2,1
30,4,1
43,10,1
47,13,1
-300,1,0
-306,4,0
50,15,1
49,13,1
25,1,1
30,6,1
57,26,1
25,1,1
-292,15,0
25,1,1
31,3,1
58,40,1
25,1,1
52,14,1
34,7,1
45,21,1
51,23,1
47,14,1
25,1,1
25,1,1
35,6,1
31,21,1
52,17,1
27,12,1
-276,20,0
24,7,1
31,3,1
38,7,1
51,16,1
-298,6,0
40,10,1
39,9,1
27,3,1
45,12,1
33,7,1
34,4,1
42,14,1
25,1,1
-302,10,0
36,11,1
54,27,1
44,20,1
34,7,1
44,23,1
34,7,1
29,5,1
49,28,1
40,6,1
23,2,1
45,16,1
-291,19,0
25,1,1
-300,1,0
32,10,1
25,1,1
28,2,1
-301,2,0
34,9,1
44,24,1
41,14,1
41,15,1
28,2,1
-297,2,0
34,7,1
28,2,1
36,6,1
-302,10,0
31,9,1
34,7,1
43,7,1
25,1,1
36,9,1
-290,6,0
20,4,1
36,6,1
36,8,1
47,24,1
25,1,1
41,8,1
29,4,1
50,35,1
-300,1,0
48,28,1
34,14,1
35,7,1
34,7,1
33,5,1
26,3,1
51,28,1
-300,1,0
-294,6,0
28,2,1
40,6,1
25,1,1
40,6,1
42,10,1
39,15,1
-297,2,0
43,14,1
39,10,1
25,1,1
54,21,1
56,32,1
63,62,1
54,67,1
35,6,1
43,7,1
54,73,1
35,12,1
34,4,1
51,17,1
28,2,1
36,9,1
-276,28,0
25,1,1
41,9,1
43,10,1
32,9,1
24,2,1
29,4,1
56,24,1
28,2,1
29,4,1
43,16,1
42,8,1
36,6,1
35,6,1
39,7,1
27,6,1
46,8,1
31,3,1
32,5,1
33,5,1
24,4,1
29,4,1
28,2,1
33,5,1
72,65,1
30,7,1
42,20,1
43,7,1
33,7,1
25,1,1
34,9,1
49,25,1
44,12,1
31,3,1
43,18,1
26,3,1
25,1,1
-312,14,0
25,1,1
42,11,1
43,15,1
31,10,1
28,2,1
45,9,1
-267,29,0
35,16,1
-284,24,0
35,9,1
31,3,1
29,4,1
59,62,1
28,2,1
50,26,1
31,3,1
36,12,1
25,1,1
24,2,1
44,18,1
60,32,1
25,1,1
64,38,1
25,1,1
31,3,1
-298,5,0
71,37,1
25,1,1
59,35,1
41,8,1
-287,8,0
25,1,1
40,19,1
85,52,1
28,2,1
35,6,1
28,2,1
33,9,1
30,7,1
31,3,1
30,4,1
39,7,1
44,14,1
82,66,1
44,16,1
31,3,1
30,4,1
25,1,1
25,1,1
34,4,1
25,1,1
25,1,1
28,2,1
51,47,1
-291,7,0
34,4,1
49,12,1
33,5,1
47,14,1
26,4,1
29,4,1
38,13,1
45,9,1
-253,67,0
30,6,1
28,2,1
37,12,1
41,16,1
42,17,1
36,9,1
50,57,1
53,41,1
25,1,1
31,3,1
90,54,1
28,2,1
46,20,1
34,4,1
28,2,1
34,10,1
45,9,1
25,1,1
25,1,1
33,5,1
31,3,1
-311,17,0
39,11,1
44,17,1
43,7,1
28,2,1
38,13,1
44,13,1
28,2,1
40,10,1
43,25,1
40,16,1
28,2,1
50,16,1
25,1,1
25,1,1
52,24,1
25,1,1
35,6,1
37,5,1
41,16,1
57,16,1
35,7,1
25,1,1
36,9,1
25,1,1
28,2,1
35,10,1
41,9,1
46,12,1
42,12,1
-304,4,0
61,39,1
-289,9,0
33,5,1
34,4,1
33,7,1
32,5,1
51,24,1
25,1,1
37,14,1
44,10,1
38,7,1
35,10,1
43,7,1
42,11,1
58,43,1
-307,5,0
31,3,1
33,5,1
51,24,1
25,1,1
-291,7,0
31,3,1
-291,20,0
38,7,1
49,23,1
41,14,1
26,4,1
-297,5,0
40,6,1
25,4,1
44,30,1
41,13,1
60,22,1
28,2,1
97,87,1
28,11,1
86,74,1
40,14,1
44,13,1
30,13,1
51,21,1
43,16,1
50,30,1
34,4,1
40,6,1
40,6,1
-288,20,0
49,12,1
57,16,1
30,4,1
31,3,1
45,9,1
46,17,1
24,2,1
37,5,1
66,41,1
25,1,1
48,40,1
25,1,1
49,20,1
31,3,1
38,7,1
28,2,1
66,42,1
39,31,1
42,8,1
25,1,1
25,1,1
26,3,1
36,6,1
48,21,1
31,3,1
68,33,1
25,1,1
40,6,1
31,3,1
29,7,1
-297,2,0
28,2,1
28,2,1
50,15,1
39,7,1
43,7,1
40,9,1
28,2,1
25,1,1
25,1,1
36,8,1
42,8,1
55,18,1
31,3,1
36,12,1
31,3,1
38,12,1
39,7,1
38,13,1
43,7,1
55,23,1
-302,8,0
41,20,1
31,9,1
54,12,1
46,24,1
32,9,1
60,36,1
34,4,1
34,4,1
40,29,1
-283,15,0
28,5,1
-295,4,0
36,23,1
57,35,1
40,9,1
36,6,1
-300,1,0
34,4,1
28,2,1
54,26,1
45,13,1
-273,24,0
53,26,1
44,10,1
35,20,1
-291,4,0
28,2,1
-287,11,0
28,2,1
28,2,1
39,16,1
43,7,1
28,2,1
32,5,1
48,21,1
47,15,1
31,3,1
40,6,1
38,13,1
38,8,1
28,2,1
24,2,1
25,1,1
30,6,1
36,6,1
28,2,1
31,3,1
50,17,1
25,1,1
28,2,1
40,12,1
28,2,1
59,29,1
-290,16,0
39,14,1
-300,1,0
63,37,1
44,13,1
48,20,1
58,37,1
44,17,1
32,5,1
31,3,1
61,42,1
25,1,1
58,36,1
44,10,1
42,14,1
37,5,1
-300,1,0
35,6,1
31,3,1
52,16,1
60,23,1
28,2,1
45,17,1
25,1,1
-296,4,0
57,26,1
37,5,1
35,19,1
38,7,1
37,40,1
42,8,1
54,41,1
-297,2,0
28,2,1
40,6,1
29,4,1
41,15,1
28,2,1
53,20,1
-301,2,0
-296,14,0
31,7,1
-285,15,0
28,2,1
37,8,1
62,48,1
68,35,1
48,10,1
46,15,1
40,14,1
30,6,1
34,7,1
-305,7,0
36,22,1
25,1,1
72,47,1
25,1,1
45,25,1
51,28,1
23,2,1
-295,17,0
63,34,1
37,11,1
34,4,1
28,2,1
44,10,1
45,11,1
46,17,1
-300,1,0
28,2,1
48,26,1
46,14,1
28,2,1
25,1,1
42,15,1
26,3,1
37,8,1
42,13,1
37,11,1
25,1,1
28,2,1
51,21,1
31,3,1
48,23,1
25,1,1
-288,11,0
56,20,1
49,26,1
39,7,1
28,2,1
25,1,1
51,34,1
37,15,1
68,46,1
25,1,1
31,3,1
46,21,1
33,8,1
61,69,1
-289,11,0
-300,1,0
40,10,1
36,6,1
41,12,1
32,5,1
-302,8,0
45,18,1
31,3,1
40,9,1
25,1,1
41,9,1
28,2,1
47,22,1
25,1,1
52,13,1
-300,4,0
25,1,1
56,21,1
49,21,1
34,4,1
51,47,1
35,6,1
25,1,1
25,1,1
28,2,1
32,6,1
51,23,1
40,9,1
35,13,1
32,5,1
28,2,1
-300,12,0
25,1,1
25,1,1
40,6,1
34,20,1
28,2,1
31,6,1
46,24,1
46,37,1
28,2,1
42,8,1
45,18,1
42,10,1
38,10,1
-300,4,0
34,4,1
46,16,1
29,4,1
30,4,1
34,4,1
50,38,1
37,26,1
25,1,1
25,1,1
25,1,1
47,26,1
48,16,1
26,3,1
35,17,1
29,11,1
33,5,1
44,9,1
28,2,1
44,16,1
48,18,1
24,2,1
29,4,1
52,21,1
-302,2,0
39,27,1
59,29,1
34,4,1
33,7,1
24,2,1
52,18,1
25,1,1
50,15,1
42,14,1
25,1,1
58,23,1
37,5,1
34,4,1
51,17,1
40,12,1
23,2,1
28,2,1
31,3,1
31,3,1
25,1,1
33,5,1
28,2,1
39,10,1
34,4,1
25,1,1
55,14,1
25,1,1
28,2,1
50,29,1
25,1,1
28,2,1
52,24,1
-268,27,0
28,2,1
38,8,1
28,2,1
42,15,1
34,4,1
49,28,1
37,5,1
34,4,1
30,4,1
45,12,1
42,24,1
24,4,1
40,6,1
41,17,1
43,7,1
30,4,1
-290,6,0
31,3,1
28,2,1
49,19,1
43,27,1
57,21,1
25,1,1
23,2,1
41,11,1
34,32,1
-300,1,0
-296,4,0
34,4,1
38,15,1
31,3,1
48,27,1
33,5,1
34,4,1
-291,4,0
31,3,1
35,9,1
33,5,1
34,8,1
25,1,1
25,1,1
59,22,1
36,9,1
26,4,1
35,6,1
45,9,1
31,3,1
38,10,1
34,4,1
25,1,1
-301,17,0
34,7,1
-291,11,0
31,3,1
30,4,1
57,25,1
40,6,1
51,24,1
-300,1,0
25,1,1
29,5,1
56,29,1
28,2,1
25,1,1
-300,1,0
31,3,1
-291,20,0
38,7,1
28,6,1
44,10,1
28,2,1
49,15,1
32,5,1
-300,1,0
38,7,1
41,11,1
43,14,1
-295,4,0
-302,10,0
43,11,1
37,8,1
46,8,1
36,15,1
38,8,1
41,14,1
41,9,1
56,20,1
-300,1,0
45,16,1
55,18,1
28,2,1
38,7,1
-291,7,0
28,2,1
28,2,1
25,1,1
54,33,1
51,19,1
29,4,1
34,4,1
34,9,1
40,15,1
38,7,1
31,3,1
25,1,1
54,12,1
43,18,1
30,6,1
46,13,1
25,1,1
-294,3,0
32,5,1
43,12,1
50,39,1
40,9,1
28,2,1
62,49,1
23,2,1
-300,4,0
-281,37,0
50,23,1
35,7,1
-297,12,0
31,3,1
-304,10,0
28,2,1
31,3,1
51,19,1
25,1,1
27,3,1
63,29,1
51,11,1
34,10,1
28,2,1
48,26,1
28,2,1
-300,1,0
39,7,1
43,10,1
28,7,1
35,9,1
56,17,1
41,19,1
28,2,1
25,1,1
34,4,1
48,21,1
61,31,1
55,15,1
61,33,1
55,23,1
-293,8,0
41,9,1
25,1,1
32,8,1
49,12,1
33,5,1
-289,8,0
25,6,1
50,22,1
-289,14,0
25,1,1
-302,2,0
27,3,1
31,3,1
31,3,1
38,8,1
48,16,1
-300,1,0
25,1,1
62,29,1
41,11,1
-261,33,0
44,15,1
35,6,1
55,27,1
42,25,1
23,2,1
-283,14,0
23,2,1
44,13,1
23,2,1
-295,13,0
52,14,1
25,1,1
25,1,1
-291,15,0
31,3,1
32,5,1
53,25,1
40,15,1
-269,39,0
-300,6,0
26,3,1
43,10,1
44,14,1
37,16,1
33,5,1
-268,27,0
45,15,1
32,5,1
28,2,1
-289,11,0
36,6,1
-289,14,0
-292,16,0
44,13,1
61,24,1
46,17,1
43,18,1
47,30,1
32,5,1
58,61,1
34,4,1
23,2,1
34,4,1
41,12,1
-300,1,0
54,36,1
-290,9,0
28,2,1
33,20,1
53,33,1
49,16,1
48,19,1
32,5,1
38,13,1
58,28,1
31,3,1
41,11,1
38,7,1
54,21,1
56,32,1
48,10,1
42,15,1
59,27,1
31,3,1
41,9,1
35,17,1
48,18,1
33,7,1
25,1,1
32,5,1
25,1,1
38,8,1
31,3,1
34,4,1
26,4,1
51,26,1
30,4,1
28,2,1
34,18,1
-294,3,0
-295,36,0
34,4,1
25,1,1
-297,2,0
39,19,1
43,13,1
25,1,1
33,8,1
55,26,1
-291,10,0
25,1,1
43,7,1
-295,16,0
38,13,1
37,8,1
-304,3,0
49,23,1
48,34,1
23,59,1
30,4,1
65,33,1
50,17,1
53,17,1
33,5,1
47,17,1
25,1,1
35,6,1
29,5,1
-288,8,0
70,52,1
68,49,1
55,18,1
28,2,1
42,11,1
28,2,1
35,11,1
25,1,1
36,6,1
31,3,1
52,17,1
85,66,1
47,11,1
-275,32,0
30,4,1
48,20,1
-286,12,0
33,5,1
28,2,1
28,2,1
25,1,1
50,18,1
-294,6,0
32,5,1
41,8,1
-300,7,0
27,5,1
23,2,1
33,5,1
28,2,1
28,2,1
42,8,1
-288,18,0
40,13,1
39,7,1
35,9,1
46,16,1
25,1,1
-295,10,0
36,6,1
61,25,1
34,4,1
-302,2,0
32,8,1
30,4,1
28,2,1
43,11,1
41,8,1
37,5,1
31,3,1
25,1,1
39,12,1
28,2,1
42,15,1
41,19,1
-294,3,0
45,9,1
51,29,1
50,23,1
31,3,1
52,18,1
47,19,1
25,1,1
47,13,1
31,3,1
-301,2,0
31,3,1
29,7,1
36,13,1
26,3,1
31,3,1
25,1,1
33,8,1
-299,3,0
31,3,1
28,2,1
56,27,1
39,17,1
-298,9,0
-300,1,0
40,6,1
65,51,1
52,20,1
41,15,1
48,27,1
53,12,1
50,25,1
49,27,1
42,13,1
31,3,1
35,10,1
34,13,1
31,3,1
24,2,1
-305,7,0
31,3,1
39,13,1
-296,7,0
25,1,1
36,9,1
42,17,1
54,54,1
57,19,1
37,13,1
43,10,1
-297,2,0
25,1,1
39,7,1
43,13,1
33,5,1
31,11,1
37,5,1
23,2,1
27,5,1
40,11,1
35,11,1
25,1,1
35,6,1
63,25,1
-301,11,0
33,5,1
32,5,1
40,17,1
50,12,1
37,5,1
40,15,1
33,11,1
31,3,1
57,33,1
51,15,1
31,3,1
75,61,1
28,2,1
46,20,1
37,17,1
51,25,1
26,6,1
29,5,1
31,6,1
25,1,1
34,4,1
25,1,1
28,2,1
30,9,1
30,4,1
47,17,1
28,2,1
40,9,1
31,3,1
34,7,1
36,6,1
23,6,1
39,9,1
25,1,1
25,1,1
51,19,1
42,16,1
37,5,1
27,3,1
26,10,1
34,7,1
