30,7,1
-297,17,0
-287,13,0
28,5,1
-240,147,0
-295,4,0
-302,2,0
51,43,1
-268,59,0
45,14,1
-292,13,0
-289,28,0
40,6,1
30,30,1
25,1,1
29,4,1
58,40,1
43,68,1
39,28,1
-278,57,0
-273,25,0
-282,21,0
-298,24,0
36,29,1
-292,39,0
-294,17,0
44,21,1
-261,42,0
-283,23,0
12,22,1
-303,12,0
38,22,1
-295,18,0
-278,32,0
-291,16,0
28,2,1
36,8,1
42,33,1
-297,2,0
31,3,1
-294,3,0
36,6,1
25,1,1
-307,15,0
34,25,1
117,122,1
40,12,1
25,1,1
49,31,1
34,12,1
-294,3,0
25,1,1
64,48,1
-294,44,0
31,3,1
-278,28,0
-283,66,0
33,17,1
-295,14,0
25,1,1
42,14,1
-286,29,0
32,26,1
-292,22,0
23,9,1
31,9,1
32,6,1
-285,74,0
-300,16,0
-302,28,0
28,2,1
-296,4,0
26,12,1
-301,37,0
23,2,1
-298,10,0
-280,45,0
30,7,1
-278,20,0
-293,39,0
-300,1,0
-314,12,0
-289,9,0
62,35,1
-268,32,0
-290,47,0
-263,71,0
-297,10,0
-288,34,0
-272,42,0
38,29,1
-284,14,0
32,6,1
-281,62,0
37,16,1
30,13,1
-293,5,0
-288,11,0
34,11,1
-298,30,0
-303,3,0
-304,6,0
-284,16,0
-294,12,0
49,17,1
41,26,1
45,36,1
-281,34,0
39,13,1
-291,13,0
37,9,1
34,19,1
46,18,1
25,1,1
36,14,1
-288,23,0
39,13,1
51,40,1
39,26,1
-292,15,0
23,2,1
-286,10,0
-281,15,0
-300,1,0
25,1,1
23,2,1
-295,11,0
-237,173,0
-295,4,0
-302,5,0
33,5,1
18,6,1
-292,55,0
-295,13,0
35,9,1
23,2,1
-299,3,0
25,1,1
-300,1,0
-302,2,0
36,11,1
21,4,1
-298,17,0
-280,40,0
25,1,1
-303,6,0
25,1,1
-266,45,0
-291,15,0
33,12,1
-290,6,0
-291,11,0
-279,25,0
-269,57,0
31,6,1
22,12,1
-293,15,0
-297,2,0
25,1,1
54,60,1
25,1,1
44,18,1
-296,41,0
-269,53,0
25,1,1
-295,21,0
-270,40,0
-300,1,0
29,5,1
25,1,1
-270,102,0
33,8,1
-305,27,0
-300,1,0
-255,65,0
51,14,1
56,37,1
-293,9,0
-271,33,0
39,14,1
39,10,1
-307,22,0
-271,47,0
-295,9,0
-299,38,0
-295,14,0
55,66,1
31,3,1
37,23,1
-295,6,0
25,1,1
-281,25,0
28,2,1
29,4,1
28,9,1
31,3,1
25,1,1
-297,2,0
74,68,1
-297,5,0
65,44,1
65,45,1
-299,3,0
-296,29,0
-302,3,0
44,14,1
25,1,1
-298,5,0
28,2,1
-281,39,0
-300,1,0
-297,2,0
-297,5,0
-282,15,0
25,1,1
46,32,1
-297,10,0
25,1,1
31,13,1
-300,1,0
-295,29,0
39,12,1
25,1,1
32,9,1
25,1,1
-274,32,0
25,1,1
-300,33,0
32,8,1
-301,2,0
34,13,1
33,8,1
30,7,1
23,6,1
-264,47,0
31,6,1
-306,11,0
-261,41,0
25,1,1
84,69,1
-294,3,0
-267,89,0
-306,9,0
29,23,1
-298,6,0
43,43,1
-297,5,0
-278,62,0
-282,38,0
-283,18,0
-305,16,0
-290,12,0
32,11,1
45,18,1
25,1,1
47,17,1
25,1,1
-296,4,0
-287,21,0
-289,6,0
-267,47,0
55,71,1
-268,58,0
38,21,1
31,3,1
-300,4,0
-300,28,0
-286,15,0
-294,6,0
50,22,1
40,12,1
-300,1,0
-299,20,0
25,1,1
25,1,1
-294,15,0
50,35,1
-301,8,0
49,23,1
23,2,1
-270,30,0
35,6,1
-288,34,0
23,2,1
30,4,1
41,13,1
-290,29,0
-304,4,0
33,5,1
44,41,1
32,8,1
25,1,1
34,4,1
60,39,1
-294,3,0
50,43,1
23,2,1
56,26,1
-300,1,0
-300,4,0
26,3,1
29,7,1
38,8,1
25,1,1
-299,4,0
-292,13,0
25,1,1
-268,57,0
-301,8,0
41,25,1
37,24,1
41,8,1
-277,58,0
50,37,1
27,5,1
-289,64,0
-315,15,0
53,39,1
48,19,1
-294,25,0
25,1,1
-269,58,0
-259,75,0
24,8,1
34,7,1
25,1,1
23,2,1
28,2,1
-302,3,0
36,6,1
46,35,1
61,77,1
-295,13,0
-305,4,0
-308,6,0
-299,3,0
28,2,1
31,16,1
29,12,1
25,1,1
58,38,1
25,1,1
27,5,1
38,11,1
34,23,1
-297,23,0
25,4,1
-294,27,0
49,30,1
26,4,1
-285,30,0
25,1,1
-302,2,0
25,1,1
-284,9,0
33,8,1
-301,2,0
-275,32,0
-288,19,0
-295,4,0
28,2,1
-293,34,0
44,24,1
50,80,1
-299,30,0
-302,2,0
34,10,1
24,2,1
36,6,1
-262,53,0
-291,10,0
-300,1,0
-303,25,0
-273,51,0
-294,13,0
-256,56,0
-288,34,0
36,14,1
-299,6,0
25,1,1
28,8,1
-297,2,0
-273,83,0
32,18,1
25,4,1
26,10,1
-291,4,0
30,7,1
33,5,1
45,31,1
25,1,1
-267,80,0
25,1,1
-283,32,0
31,9,1
23,11,1
27,3,1
-300,1,0
69,39,1
-277,53,0
-294,60,0
34,7,1
30,4,1
-298,3,0
27,3,1
28,15,1
36,21,1
-265,43,0
-274,41,0
-301,5,0
-287,31,0
34,14,1
31,9,1
-297,5,0
37,31,1
-282,25,0
-300,1,0
-253,108,0
31,3,1
-299,3,0
-273,21,0
-283,29,0
-295,22,0
-268,43,0
-298,3,0
-300,1,0
59,50,1
30,9,1
25,1,1
-308,8,0
-299,18,0
-281,72,0
37,42,1
-268,85,0
45,12,1
-285,21,0
-303,3,0
43,49,1
25,1,1
-280,30,0
-300,1,0
-300,1,0
-294,15,0
-288,31,0
26,3,1
-293,20,0
-252,113,0
-294,6,0
-294,9,0
39,23,1
25,1,1
-302,2,0
-293,40,0
-305,7,0
24,2,1
-300,1,0
35,12,1
40,14,1
-240,91,0
-302,2,0
-290,13,0
66,90,1
28,2,1
30,6,1
-299,4,0
33,5,1
-297,6,0
-295,6,0
-263,69,0
62,48,1
-298,9,0
-293,8,0
-288,48,0
64,58,1
-300,1,0
-302,2,0
25,1,1
-281,37,0
25,1,1
-287,17,0
58,32,1
42,11,1
-296,4,0
-285,10,0
23,5,1
35,7,1
40,12,1
24,2,1
-295,4,0
-300,1,0
51,46,1
34,13,1
-284,23,0
-275,57,0
-300,1,0
-283,71,0
-285,28,0
-297,2,0
73,67,1
-304,3,0
-294,41,0
44,27,1
31,8,1
30,15,1
-268,36,0
-303,3,0
35,28,1
27,5,1
-276,54,0
47,33,1
-298,5,0
34,7,1
-272,89,0
-291,12,0
31,8,1
-293,18,0
25,1,1
41,35,1
49,85,1
59,39,1
47,36,1
25,1,1
-297,2,0
-302,2,0
-287,36,0
-294,8,0
30,4,1
-298,3,0
-285,14,0
25,1,1
-282,15,0
-297,2,0
-296,5,0
42,36,1
-294,23,0
-293,6,0
-313,18,0
-291,32,0
70,62,1
31,3,1
29,8,1
-296,7,0
25,1,1
-270,68,0
25,6,1
-294,14,0
-292,15,0
-262,38,0
45,32,1
25,1,1
24,2,1
-293,5,0
-276,50,0
-292,5,0
-300,1,0
24,5,1
25,4,1
-288,38,0
39,10,1
-294,3,0
40,20,1
-287,46,0
28,2,1
39,22,1
43,22,1
-274,31,0
-298,3,0
38,23,1
106,122,1
-300,1,0
-302,2,0
-300,1,0
27,9,1
25,1,1
-280,28,0
-249,72,0
-305,10,0
28,2,1
31,3,1
50,46,1
55,24,1
-299,9,0
25,1,1
-301,4,0
34,17,1
25,1,1
-295,10,0
27,3,1
-300,8,0
25,1,1
25,1,1
-301,2,0
51,38,1
31,6,1
41,33,1
-288,53,0
-270,51,0
25,1,1
84,129,1
-283,21,0
-299,3,0
-300,1,0
25,1,1
38,13,1
-301,21,0
25,1,1
-293,26,0
-281,50,0
28,2,1
43,11,1
-236,84,0
-303,11,0
30,7,1
-286,19,0
-281,35,0
-284,78,0
25,1,1
-282,24,0
-271,77,0
67,43,1
-290,6,0
-281,39,0
-274,38,0
-294,12,0
-304,3,0
-300,1,0
50,18,1
36,23,1
-298,26,0
30,7,1
28,5,1
-281,16,0
-279,27,0
25,1,1
25,1,1
35,17,1
44,37,1
-240,88,0
46,30,1
-291,4,0
46,24,1
41,19,1
-278,72,0
-284,36,0
-292,7,0
31,6,1
25,1,1
25,9,1
-302,5,0
-301,2,0
46,20,1
-294,15,0
-300,4,0
29,4,1
-276,71,0
-294,3,0
-301,16,0
55,35,1
19,15,1
-262,58,0
26,4,1
-301,2,0
25,1,1
27,24,1
-288,13,0
49,29,1
57,49,1
25,1,1
-283,27,0
23,2,1
-294,25,0
-304,6,0
25,1,1
-266,71,0
33,12,1
-297,2,0
41,14,1
-252,117,0
26,12,1
-295,7,0
31,3,1
-253,125,0
23,2,1
-280,59,0
-279,28,0
-270,26,0
-288,11,0
-297,8,0
-305,15,0
-250,62,0
23,5,1
46,25,1
31,13,1
25,1,1
-297,7,0
-299,3,0
25,1,1
-260,66,0
-307,5,0
-268,51,0
-300,1,0
-286,14,0
24,5,1
-276,32,0
29,17,1
25,1,1
-293,44,0
-297,5,0
-287,19,0
63,41,1
-291,18,0
-300,4,0
36,9,1
33,7,1
38,18,1
-249,72,0
31,12,1
-255,51,0
24,2,1
-294,3,0
35,15,1
-299,6,0
63,33,1
-286,32,0
-294,21,0
49,18,1
-284,24,0
-301,10,0
-298,9,0
-292,11,0
23,2,1
28,2,1
-301,16,0
33,8,1
33,24,1
-297,12,0
-300,1,0
-288,25,0
-290,19,0
44,30,1
60,53,1
25,1,1
-283,20,0
60,35,1
-289,21,0
23,2,1
21,6,1
-300,7,0
-280,35,0
-300,1,0
-300,14,0
40,13,1
-300,1,0
29,11,1
40,22,1
48,49,1
-301,2,0
21,3,1
-298,3,0
-298,6,0
-277,62,0
-296,7,0
-294,9,0
28,14,1
28,2,1
26,6,1
28,6,1
-262,63,0
-311,32,0
32,30,1
47,22,1
-277,29,0
-293,21,0
25,1,1
-289,47,0
25,1,1
23,8,1
-282,53,0
-279,57,0
52,52,1
30,6,1
25,1,1
-298,3,0
-267,26,0
-301,13,0
24,2,1
22,6,1
-266,39,0
25,1,1
36,17,1
58,53,1
30,12,1
23,2,1
-274,31,0
-300,1,0
25,1,1
39,9,1
25,1,1
-301,2,0
31,16,1
-249,156,0
35,7,1
-305,19,0
-300,1,0
25,1,1
35,23,1
70,50,1
-292,12,0
24,2,1
-270,54,0
-287,10,0
-291,10,0
45,19,1
-302,2,0
-280,40,0
48,18,1
51,31,1
-268,80,0
25,1,1
28,5,1
-284,14,0
52,45,1
-300,1,0
28,5,1
46,17,1
25,1,1
27,3,1
-288,24,0
24,2,1
-306,31,0
-299,3,0
-294,10,0
-292,19,0
-296,4,0
-300,1,0
-301,2,0
28,5,1
35,20,1
39,7,1
23,2,1
47,13,1
59,57,1
-285,35,0
49,22,1
32,8,1
-303,3,0
-287,23,0
43,36,1
46,47,1
-295,7,0
46,33,1
-296,7,0
-295,4,0
-297,21,0
34,21,1
31,3,1
-300,1,0
25,1,1
-297,5,0
25,1,1
-298,3,0
-275,54,0
-304,3,0
-298,6,0
25,1,1
68,40,1
-261,90,0
46,20,1
53,29,1
-281,42,0
32,5,1
-285,19,0
-269,68,0
46,38,1
-297,17,0
39,13,1
-277,40,0
38,11,1
-298,13,0
28,2,1
-290,10,0
-286,7,0
37,8,1
-301,5,0
-302,6,0
-304,4,0
-300,1,0
28,7,1
37,30,1
-264,102,0
-286,31,0
-298,5,0
24,15,1
38,13,1
-291,7,0
52,32,1
23,2,1
30,4,1
33,5,1
43,23,1
-292,7,0
-275,50,0
55,26,1
-257,70,0
-296,4,0
28,5,1
-308,12,0
-300,1,0
25,1,1
-300,5,0
-302,2,0
26,3,1
33,12,1
57,41,1
57,32,1
65,55,1
35,15,1
38,15,1
25,1,1
27,3,1
-299,3,0
40,12,1
56,43,1
77,93,1
35,7,1
28,8,1
-293,13,0
31,15,1
28,2,1
-300,1,0
26,3,1
-271,56,0
28,8,1
-299,8,0
-303,3,0
-299,9,0
39,16,1
-280,31,0
40,21,1
-282,18,0
36,13,1
-287,28,0
-301,2,0
38,17,1
25,1,1
49,12,1
-282,22,0
34,4,1
38,29,1
-294,3,0
-255,104,0
29,4,1
26,24,1
76,71,1
-286,16,0
-300,1,0
-209,122,0
-262,77,0
-295,4,0
37,10,1
30,4,1
-303,3,0
23,5,1
45,21,1
45,23,1
-295,16,0
39,15,1
-290,6,0
25,1,1
-282,29,0
39,30,1
-296,17,0
48,22,1
-289,30,0
58,61,1
36,12,1
38,22,1
25,1,1
25,1,1
46,43,1
25,1,1
-282,33,0
23,2,1
-300,1,0
55,42,1
34,20,1
-304,3,0
-277,34,0
25,1,1
-290,28,0
-267,63,0
-296,4,0
23,5,1
27,3,1
25,1,1
31,8,1
34,10,1
-298,5,0
28,14,1
-293,11,0
28,2,1
-316,24,0
-294,8,0
-299,3,0
-300,1,0
-295,4,0
-286,21,0
25,1,1
25,1,1
28,2,1
-291,7,0
-285,18,0
-276,53,0
36,11,1
25,1,1
-285,20,0
50,32,1
38,45,1
25,1,1
-301,2,0
-297,5,0
-281,55,0
27,3,1
-300,21,0
32,5,1
-302,11,0
39,17,1
35,9,1
-227,126,0
34,7,1
39,52,1
38,10,1
28,2,1
-284,17,0
28,2,1
25,1,1
48,34,1
-293,29,0
-300,1,0
-297,31,0
-263,67,0
36,12,1
28,2,1
-299,3,0
30,6,1
-282,11,0
25,1,1
-296,4,0
26,3,1
25,1,1
51,27,1
-276,30,0
26,3,1
25,1,1
28,2,1
-274,39,0
-290,9,0
38,10,1
-296,8,0
25,7,1
49,36,1
33,27,1
-286,34,0
32,9,1
-289,8,0
29,11,1
44,18,1
-291,12,0
-297,7,0
53,42,1
25,1,1
-276,23,0
-300,1,0
-282,26,0
-300,1,0
-271,42,0
29,5,1
53,35,1
25,1,1
-302,11,0
-300,1,0
-267,65,0
31,9,1
47,40,1
24,2,1
24,2,1
31,3,1
34,4,1
50,17,1
-297,5,0
-304,10,0
-299,9,0
-285,38,0
-279,41,0
47,20,1
-273,52,0
32,9,1
-301,2,0
-277,70,0
-309,16,0
-289,14,0
31,19,1
-302,8,0
-302,2,0
63,52,1
25,1,1
42,39,1
34,4,1
-298,22,0
31,7,1
-298,12,0
-296,4,0
-301,8,0
30,4,1
59,46,1
-300,21,0
-290,6,0
-290,12,0
-281,38,0
28,2,1
54,50,1
-290,42,0
31,7,1
-288,13,0
-300,1,0
25,1,1
-293,9,0
33,14,1
-297,2,0
-282,20,0
-281,63,0
25,1,1
-294,3,0
-296,4,0
34,4,1
-303,3,0
45,18,1
-266,21,0
-298,3,0
40,12,1
18,10,1
31,6,1
39,11,1
40,24,1
33,22,1
24,2,1
43,22,1
34,4,1
25,1,1
80,85,1
21,27,1
37,15,1
50,32,1
29,4,1
-289,12,0
-279,30,0
-300,1,0
-302,8,0
35,7,1
-290,16,0
30,4,1
24,2,1
25,1,1
24,2,1
60,46,1
-299,6,0
-290,33,0
-292,8,0
-282,52,0
-298,3,0
25,1,1
54,40,1
-295,56,0
36,18,1
-269,41,0
-279,21,0
25,1,1
-302,13,0
48,34,1
-270,37,0
-290,10,0
-291,23,0
-284,36,0
51,30,1
-289,18,0
-291,16,0
-297,8,0
25,1,1
35,11,1
-279,30,0
-300,1,0
46,25,1
55,35,1
-293,13,0
-294,19,0
28,2,1
-300,1,0
25,1,1
26,9,1
25,1,1
-251,65,0
34,8,1
30,4,1
25,1,1
-297,8,0
25,1,1
31,3,1
-296,11,0
-276,71,0
28,8,1
37,35,1
-285,21,0
-290,16,0
24,4,1
-311,26,0
-300,1,0
46,21,1
-271,87,0
-296,21,0
-299,9,0
20,4,1
57,36,1
38,33,1
-304,25,0
-296,5,0
-285,39,0
-285,10,0
45,27,1
25,1,1
-286,30,0
-280,21,0
41,26,1
-295,10,0
24,2,1
-275,26,0
-300,1,0
-294,12,0
-262,49,0
31,31,1
-296,4,0
30,4,1
-290,12,0
-230,107,0
41,15,1
37,11,1
37,49,1
25,1,1
26,4,1
30,6,1
42,10,1
-296,8,0
36,35,1
60,31,1
25,1,1
-286,46,0
38,19,1
-295,17,0
31,3,1
-297,2,0
28,2,1
31,3,1
21,3,1
33,32,1
-307,52,0
47,28,1
28,6,1
-293,41,0
-296,7,0
23,2,1
-298,5,0
35,18,1
-298,39,0
-283,44,0
36,9,1
25,1,1
39,15,1
29,4,1
-297,35,0
40,23,1
-289,21,0
54,39,1
44,21,1
31,6,1
-302,2,0
-301,4,0
45,15,1
27,3,1
-291,17,0
-277,60,0
-293,47,0
36,11,1
40,12,1
25,1,1
32,5,1
24,2,1
36,20,1
29,8,1
25,1,1
-290,26,0
48,35,1
34,7,1
-297,5,0
-284,54,0
-277,27,0
25,1,1
25,1,1
81,81,1
-266,35,0
40,21,1
-292,14,0
30,4,1
76,57,1
26,6,1
27,3,1
-289,22,0
25,1,1
33,7,1
-300,1,0
-290,18,0
-237,122,0
-278,53,0
21,12,1
25,1,1
-301,4,0
-288,16,0
-305,6,0
25,1,1
36,19,1
25,1,1
25,1,1
-297,2,0
23,2,1
40,19,1
54,33,1
24,2,1
-229,127,0
-261,74,0
25,1,1
28,2,1
25,1,1
50,30,1
25,1,1
-290,14,0
-288,22,0
-282,27,0
47,35,1
-302,5,0
18,6,1
25,1,1
-286,10,0
-288,11,0
32,8,1
38,8,1
24,2,1
-290,25,0
32,10,1
-300,1,0
25,1,1
41,49,1
-300,5,0
35,14,1
22,17,1
24,2,1
-302,5,0
28,2,1
24,2,1
-272,67,0
78,106,1
-294,3,0
37,32,1
-300,1,0
52,33,1
-305,12,0
25,14,1
-300,1,0
-299,3,0
23,2,1
-301,10,0
28,2,1
25,1,1
57,48,1
37,8,1
-295,7,0
25,1,1
-297,10,0
25,1,1
-299,18,0
-287,11,0
-288,28,0
34,8,1
-302,2,0
25,1,1
46,27,1
45,12,1
37,8,1
23,2,1
45,35,1
-302,3,0
-277,19,0
-299,6,0
25,1,1
-295,16,0
25,1,1
23,2,1
-296,9,0
-283,23,0
-279,21,0
-259,69,0
-291,13,0
-295,9,0
29,13,1
52,38,1
47,14,1
-300,1,0
-298,5,0
46,17,1
-302,36,0
-299,6,0
32,8,1
24,2,1
-302,2,0
25,1,1
44,36,1
24,2,1
35,7,1
40,9,1
48,22,1
58,27,1
-297,2,0
-297,2,0
-301,2,0
25,1,1
43,23,1
-293,12,0
49,22,1
-301,4,0
24,2,1
52,33,1
-302,8,0
-270,41,0
28,27,1
28,2,1
-287,27,0
-260,54,0
-310,10,0
-297,2,0
-300,15,0
-275,99,0
-273,51,0
34,4,1
80,56,1
-302,2,0
37,39,1
-299,6,0
34,17,1
34,7,1
23,3,1
29,5,1
31,22,1
-284,22,0
18,10,1
33,24,1
57,35,1
58,45,1
-300,1,0
39,7,1
27,3,1
53,40,1
-299,4,0
28,6,1
-302,8,0
40,28,1
-269,35,0
-245,153,0
31,3,1
64,46,1
28,2,1
45,38,1
25,1,1
-300,4,0
-238,121,0
28,2,1
-301,2,0
55,33,1
-300,1,0
31,10,1
-293,14,0
37,22,1
31,3,1
-301,2,0
-288,23,0
28,2,1
65,42,1
-286,24,0
43,23,1
-252,71,0
38,12,1
-245,84,0
39,13,1
-293,21,0
-295,35,0
-300,4,0
-288,21,0
-300,19,0
-256,59,0
-289,31,0
-301,68,0
-287,34,0
66,50,1
44,14,1
-251,112,0
25,1,1
32,17,1
46,11,1
45,11,1
33,5,1
45,21,1
-301,5,0
-300,1,0
31,3,1
27,14,1
38,19,1
47,21,1
25,1,1
66,59,1
-298,15,0
34,4,1
-288,23,0
-294,3,0
-297,8,0
28,2,1
-300,4,0
48,38,1
22,9,1
-302,2,0
40,23,1
60,32,1
-300,13,0
25,1,1
31,3,1
28,2,1
-294,14,0
-288,23,0
38,14,1
25,1,1
-292,8,0
-296,5,0
26,3,1
32,6,1
-289,6,0
34,4,1
-285,66,0
-269,34,0
-251,81,0
25,1,1
-308,8,0
-301,2,0
-292,18,0
29,4,1
33,8,1
-275,33,0
24,2,1
29,8,1
30,4,1
30,4,1
-264,44,0
29,4,1
-285,16,0
25,1,1
-294,6,0
25,1,1
-289,6,0
-288,22,0
25,1,1
-302,2,0
-279,67,0
-289,21,0
-291,26,0
-309,29,0
26,17,1
25,1,1
28,2,1
29,4,1
27,3,1
25,1,1
-300,1,0
-301,2,0
34,25,1
28,2,1
-300,1,0
-286,14,0
-280,21,0
-304,6,0
-299,3,0
36,6,1
-301,4,0
-306,5,0
-290,22,0
42,11,1
42,41,1
45,25,1
-288,20,0
-291,46,0
58,89,1
25,1,1
24,2,1
-286,30,0
25,1,1
-285,22,0
-291,7,0
-296,19,0
-301,2,0
-300,1,0
65,47,1
-300,1,0
35,7,1
55,18,1
-293,20,0
44,15,1
-300,1,0
35,7,1
42,23,1
25,1,1
-299,6,0
50,29,1
25,1,1
57,26,1
31,3,1
35,16,1
-284,15,0
-304,3,0
-298,7,0
-300,1,0
35,15,1
-282,27,0
-291,14,0
46,8,1
37,15,1
31,3,1
-288,89,0
-302,2,0
39,15,1
27,15,1
39,10,1
-277,50,0
-284,14,0
51,30,1
34,4,1
31,3,1
-293,5,0
-305,11,0
24,2,1
28,2,1
-284,44,0
74,58,1
-303,10,0
28,5,1
-300,1,0
23,2,1
23,2,1
76,51,1
25,1,1
36,9,1
47,29,1
-299,54,0
24,2,1
-294,3,0
40,9,1
-297,2,0
-298,20,0
56,32,1
31,3,1
-304,4,0
-281,27,0
25,1,1
52,19,1
-290,18,0
76,78,1
-294,14,0
31,6,1
28,2,1
25,1,1
37,11,1
25,1,1
34,4,1
-300,1,0
35,13,1
58,32,1
-300,13,0
25,1,1
48,10,1
27,3,1
42,11,1
49,33,1
23,3,1
-274,39,0
-300,1,0
32,5,1
33,10,1
34,13,1
48,19,1
45,26,1
-281,13,0
47,23,1
42,37,1
56,23,1
-305,6,0
-303,11,0
-294,7,0
23,2,1
48,30,1
-299,3,0
27,3,1
54,35,1
-298,3,0
-302,10,0
63,42,1
70,50,1
-296,8,0
29,4,1
-300,1,0
22,15,1
-298,8,0
-280,38,0
-289,9,0
-300,1,0
34,16,1
30,10,1
-282,21,0
30,10,1
52,23,1
25,1,1
44,17,1
38,12,1
24,4,1
37,24,1
-309,6,0
-298,5,0
30,4,1
32,10,1
-284,15,0
24,2,1
25,1,1
25,1,1
-302,3,0
-298,6,0
-288,25,0
40,10,1
26,4,1
35,11,1
-301,2,0
53,41,1
49,19,1
54,31,1
36,9,1
25,1,1
25,1,1
-293,9,0
42,15,1
-305,12,0
-280,24,0
-300,1,0
24,2,1
-307,5,0
-283,22,0
-291,23,0
34,15,1
-282,14,0
-279,24,0
34,7,1
25,1,1
-302,2,0
35,25,1
29,4,1
-300,1,0
-300,1,0
31,61,1
43,10,1
-300,11,0
32,11,1
25,18,1
29,4,1
-301,2,0
35,7,1
-287,18,0
36,6,1
-287,8,0
-290,33,0
27,3,1
-294,3,0
25,1,1
43,18,1
35,15,1
40,10,1
42,30,1
42,11,1
-297,9,0
25,1,1
36,12,1
30,16,1
55,29,1
-281,19,0
-298,3,0
33,8,1
-300,1,0
28,2,1
33,8,1
-275,50,0
-300,4,0
23,2,1
-297,15,0
-271,64,0
-301,11,0
44,21,1
-258,63,0
27,11,1
30,21,1
40,32,1
-284,20,0
25,1,1
41,23,1
25,1,1
-302,5,0
-297,2,0
-298,6,0
22,3,1
-297,2,0
-299,10,0
-271,51,0
45,30,1
58,40,1
40,29,1
28,2,1
31,6,1
-289,25,0
-300,1,0
-296,9,0
28,2,1
48,28,1
25,1,1
37,8,1
-297,2,0
-293,5,0
31,3,1
-297,19,0
-297,2,0
-294,6,0
35,7,1
29,4,1
-294,19,0
51,27,1
31,15,1
28,2,1
21,9,1
25,1,1
-282,7,0
24,2,1
28,5,1
32,13,1
42,22,1
-293,6,0
41,19,1
-271,27,0
-300,1,0
25,1,1
-292,15,0
-302,12,0
-298,27,0
46,25,1
25,1,1
43,14,1
25,1,1
40,6,1
38,8,1
-286,18,0
40,17,1
40,20,1
66,39,1
52,20,1
-264,55,0
-293,5,0
31,3,1
31,6,1
36,9,1
26,17,1
74,54,1
32,11,1
28,2,1
29,13,1
-290,6,0
29,4,1
-300,1,0
30,7,1
-270,42,0
25,1,1
25,1,1
-283,69,0
-292,16,0
39,14,1
-295,24,0
48,31,1
30,7,1
-295,12,0
50,22,1
35,12,1
43,19,1
25,1,1
31,8,1
-283,29,0
55,43,1
-301,13,0
46,18,1
25,1,1
61,36,1
-299,3,0
-303,15,0
-289,36,0
-287,11,0
-301,13,0
39,16,1
25,10,1
-300,1,0
32,14,1
38,7,1
27,3,1
-276,47,0
23,2,1
25,1,1
-302,2,0
-297,2,0
-297,5,0
-305,7,0
-288,28,0
37,8,1
37,36,1
25,1,1
30,7,1
-297,8,0
29,4,1
44,14,1
39,21,1
46,29,1
-281,34,0
-293,11,0
-301,4,0
37,5,1
44,25,1
-302,2,0
37,5,1
36,6,1
25,1,1
-283,33,0
28,2,1
49,16,1
74,52,1
27,3,1
-289,6,0
36,20,1
25,1,1
-300,1,0
25,1,1
-297,2,0
29,7,1
-260,47,0
-297,20,0
37,12,1
-294,14,0
23,2,1
31,12,1
-283,57,0
-304,10,0
-282,45,0
-298,12,0
-287,32,0
-294,10,0
43,22,1
-257,76,0
25,12,1
-300,5,0
82,74,1
23,2,1
34,4,1
34,4,1
34,4,1
25,1,1
-280,16,0
29,43,1
28,2,1
-293,8,0
31,3,1
-288,27,0
-284,11,0
-277,22,0
50,33,1
-273,61,0
-299,7,0
-300,1,0
38,13,1
-280,13,0
-296,4,0
-299,11,0
-295,7,0
25,1,1
31,3,1
-277,16,0
50,23,1
-300,1,0
-297,10,0
40,15,1
28,2,1
55,32,1
28,15,1
39,7,1
-292,8,0
-282,14,0
43,20,1
-299,53,0
-298,26,0
-259,48,0
31,6,1
31,3,1
47,20,1
-303,3,0
25,1,1
25,1,1
-297,10,0
-292,35,0
-289,39,0
-284,28,0
25,1,1
61,42,1
-298,3,0
25,1,1
42,23,1
27,6,1
46,34,1
40,15,1
25,1,1
31,6,1
-295,4,0
32,5,1
25,4,1
-289,6,0
-299,6,0
-304,6,0
-298,6,0
29,4,1
-294,3,0
49,32,1
31,18,1
26,6,1
28,2,1
-279,14,0
25,1,1
-283,20,0
-293,21,0
36,8,1
35,9,1
40,9,1
25,1,1
33,5,1
-283,22,0
-302,5,0
-287,8,0
44,12,1
34,4,1
24,2,1
31,3,1
25,1,1
35,15,1
-289,34,0
-289,6,0
25,1,1
24,4,1
30,7,1
38,23,1
32,8,1
34,26,1
33,11,1
38,21,1
25,1,1
41,18,1
-302,10,0
34,17,1
-300,1,0
28,2,1
54,33,1
-298,3,0
-302,8,0
-294,17,0
46,19,1
36,6,1
25,1,1
28,2,1
44,14,1
25,1,1
25,1,1
-272,28,0
64,44,1
-302,2,0
-300,1,0
-302,34,0
-306,17,0
-292,8,0
43,19,1
23,2,1
35,6,1
44,13,1
61,40,1
25,1,1
28,2,1
-284,28,0
42,17,1
-293,17,0
-280,25,0
28,2,1
49,37,1
27,3,1
48,17,1
28,2,1
32,6,1
31,3,1
25,1,1
50,33,1
-284,28,0
-301,10,0
25,1,1
44,10,1
117,132,1
-301,14,0
-297,23,0
28,2,1
-299,3,0
-295,22,0
-280,26,0
25,1,1
-290,6,0
25,1,1
39,23,1
25,1,1
-294,3,0
68,109,1
30,6,1
-283,60,0
25,1,1
29,4,1
-262,52,0
-298,17,0
34,10,1
28,2,1
-292,8,0
25,1,1
-288,15,0
38,19,1
-300,1,0
33,7,1
34,4,1
-299,6,0
32,5,1
85,91,1
69,53,1
-303,9,0
-287,7,0
-294,27,0
31,6,1
69,59,1
17,17,1
53,31,1
25,1,1
25,1,1
50,24,1
-267,57,0
27,3,1
-301,10,0
-300,1,0
-283,25,0
27,17,1
-299,16,0
52,55,1
51,58,1
31,9,1
-299,6,0
30,4,1
-298,29,0
-281,18,0
60,28,1
-297,5,0
-300,1,0
-295,15,0
38,24,1
25,1,1
25,1,1
29,8,1
49,22,1
44,13,1
28,5,1
-292,22,0
-292,21,0
-282,36,0
28,2,1
-290,40,0
26,4,1
34,4,1
32,5,1
-295,12,0
-296,10,0
25,12,1
-276,60,0
48,17,1
34,11,1
35,13,1
38,7,1
-263,56,0
-298,3,0
-274,45,0
31,6,1
34,4,1
47,20,1
-301,2,0
31,3,1
28,5,1
25,1,1
25,1,1
41,33,1
-296,12,0
56,45,1
44,9,1
37,8,1
-285,17,0
-290,6,0
25,1,1
27,3,1
34,11,1
28,2,1
-280,21,0
35,15,1
-280,23,0
-302,2,0
-302,2,0
-278,30,0
55,36,1
30,13,1
41,28,1
-304,3,0
-281,44,0
28,2,1
25,1,1
32,5,1
30,16,1
42,17,1
-262,35,0
-290,19,0
43,16,1
-299,10,0
35,7,1
38,8,1
30,15,1
-300,4,0
-298,10,0
59,15,1
25,1,1
38,12,1
-289,30,0
36,8,1
-298,13,0
-290,10,0
37,5,1
31,15,1
25,1,1
28,2,1
42,11,1
-274,23,0
28,13,1
41,14,1
-253,78,0
28,2,1
34,4,1
28,2,1
-300,1,0
25,1,1
-267,32,0
-288,9,0
25,4,1
85,124,1
29,4,1
24,2,1
-301,2,0
58,32,1
31,7,1
-301,2,0
28,2,1
-286,21,0
27,3,1
25,1,1
-295,12,0
44,21,1
27,17,1
27,3,1
25,1,1
26,6,1
26,3,1
27,3,1
-288,11,0
40,32,1
-286,16,0
32,6,1
31,10,1
25,1,1
-293,23,0
-294,8,0
44,13,1
25,1,1
40,13,1
25,1,1
25,1,1
25,4,1
38,14,1
28,2,1
59,37,1
-281,21,0
-291,7,0
25,1,1
40,20,1
27,5,1
-298,5,0
39,18,1
37,12,1
37,9,1
-296,5,0
-300,4,0
-298,6,0
-297,2,0
31,3,1
34,8,1
-297,2,0
31,3,1
35,12,1
-292,9,0
30,14,1
31,6,1
35,7,1
39,10,1
-277,65,0
25,1,1
-280,25,0
33,5,1
34,8,1
-294,3,0
-296,5,0
51,25,1
29,5,1
37,8,1
31,3,1
-300,1,0
41,12,1
55,31,1
-270,42,0
-259,71,0
-292,13,0
35,9,1
23,2,1
-292,23,0
33,8,1
67,77,1
37,16,1
25,1,1
40,10,1
-297,2,0
-306,4,0
-304,13,0
44,18,1
-284,42,0
25,1,1
41,20,1
40,14,1
64,49,1
26,4,1
-277,24,0
25,1,1
24,4,1
23,2,1
-303,9,0
24,2,1
28,2,1
31,3,1
-301,23,0
-282,56,0
28,5,1
25,1,1
25,1,1
25,4,1
48,28,1
-300,1,0
44,14,1
23,2,1
83,54,1
63,48,1
-300,1,0
-299,6,0
-271,41,0
-297,5,0
-290,13,0
47,13,1
-288,12,0
-284,23,0
-295,13,0
-299,3,0
35,6,1
82,55,1
-307,24,0
33,5,1
39,10,1
23,2,1
34,10,1
-304,15,0
-266,28,0
25,1,1
-297,12,0
47,42,1
28,2,1
-287,17,0
29,14,1
36,26,1
-300,1,0
-295,7,0
44,9,1
43,19,1
25,1,1
-280,25,0
-302,12,0
38,14,1
28,5,1
-305,5,0
-293,5,0
30,16,1
-302,3,0
58,44,1
-302,5,0
-292,5,0
25,1,1
57,32,1
33,8,1
-287,11,0
44,16,1
25,1,1
25,1,1
-290,7,0
46,15,1
-300,1,0
28,6,1
-305,10,0
24,2,1
33,8,1
27,3,1
46,26,1
25,4,1
-284,23,0
25,1,1
-284,44,0
-296,15,0
-299,8,0
-292,47,0
25,1,1
-285,13,0
-288,14,0
-300,1,0
64,57,1
-276,25,0
-298,18,0
-289,10,0
40,17,1
-289,17,0
54,39,1
25,1,1
44,30,1
32,6,1
-297,10,0
51,23,1
-306,13,0
28,2,1
-292,16,0
-277,68,0
25,1,1
25,1,1
25,1,1
-303,3,0
39,18,1
52,38,1
-263,56,0
25,1,1
25,1,1
-276,23,0
-300,1,0
27,6,1
-281,23,0
33,5,1
52,19,1
-300,1,0
-262,69,0
-285,20,0
25,1,1
-304,3,0
-281,43,0
25,1,1
32,5,1
25,7,1
-278,21,0
-300,1,0
-298,3,0
35,13,1
41,23,1
76,49,1
24,4,1
-283,22,0
28,2,1
-302,7,0
-282,10,0
23,2,1
26,6,1
37,9,1
29,8,1
-302,10,0
-297,2,0
42,8,1
25,1,1
28,2,1
25,1,1
-302,2,0
23,2,1
-277,31,0
48,39,1
-302,2,0
23,2,1
28,5,1
31,3,1
56,16,1
31,6,1
25,1,1
23,2,1
-292,26,0
35,9,1
-300,1,0
-296,4,0
-298,5,0
40,22,1
31,6,1
25,1,1
-301,2,0
39,9,1
44,21,1
31,3,1
-300,1,0
31,6,1
-303,6,0
-300,1,0
-285,35,0
35,12,1
24,2,1
-293,19,0
-276,20,0
25,1,1
-257,67,0
-288,15,0
49,33,1
-295,7,0
25,1,1
35,33,1
31,3,1
-299,25,0
-296,4,0
-270,43,0
35,16,1
42,24,1
-278,17,0
40,12,1
41,15,1
-297,2,0
37,5,1
25,1,1
-294,41,0
25,1,1
36,10,1
26,3,1
29,4,1
-297,5,0
31,3,1
-298,16,0
-293,15,0
-300,1,0
28,7,1
24,2,1
-287,14,0
26,3,1
25,1,1
28,11,1
25,1,1
28,2,1
23,2,1
23,2,1
-303,12,0
38,8,1
-292,22,0
-299,6,0
40,28,1
45,17,1
41,9,1
-303,9,0
25,1,1
-300,1,0
35,10,1
26,3,1
-288,15,0
33,8,1
-282,10,0
-293,5,0
46,15,1
-290,25,0
-291,7,0
35,10,1
60,42,1
25,1,1
-296,5,0
23,12,1
26,9,1
30,6,1
28,2,1
29,5,1
31,3,1
58,56,1
-300,1,0
-300,1,0
31,11,1
33,18,1
24,35,1
30,10,1
36,6,1
25,1,1
-296,5,0
42,37,1
43,23,1
-299,4,0
38,20,1
-302,8,0
37,16,1
44,15,1
26,13,1
38,20,1
33,8,1
37,9,1
90,78,1
-300,1,0
23,2,1
-281,46,0
-253,87,0
-295,4,0
-298,21,0
31,3,1
30,4,1
-286,23,0
-281,13,0
-300,1,0
-300,1,0
-299,3,0
47,19,1
-289,46,0
31,3,1
-290,15,0
44,19,1
44,10,1
24,2,1
33,5,1
23,2,1
25,1,1
-301,4,0
31,10,1
-298,6,0
25,1,1
75,70,1
27,3,1
40,10,1
-302,5,0
-297,2,0
51,21,1
-297,12,0
25,1,1
52,23,1
32,5,1
56,23,1
28,2,1
-300,1,0
42,17,1
29,5,1
34,9,1
-292,5,0
55,32,1
46,17,1
-298,46,0
-300,1,0
43,17,1
-296,10,0
-282,31,0
25,1,1
25,1,1
28,2,1
-299,3,0
25,1,1
-294,14,0
44,19,1
31,9,1
-300,1,0
-303,15,0
51,32,1
-274,28,0
25,1,1
30,7,1
-300,4,0
29,5,1
23,2,1
34,7,1
26,9,1
-279,24,0
37,12,1
26,3,1
-300,4,0
-283,19,0
24,2,1
-288,11,0
46,29,1
37,18,1
25,1,1
-294,9,0
-297,5,0
35,6,1
34,4,1
31,6,1
-283,20,0
43,13,1
-297,2,0
-276,53,0
-300,1,0
25,1,1
-304,7,0
25,1,1
-294,12,0
24,2,1
-299,22,0
47,17,1
47,24,1
-296,5,0
30,4,1
27,16,1
-273,35,0
-300,1,0
52,51,1
-300,1,0
28,2,1
24,14,1
24,2,1
25,1,1
25,1,1
40,12,1
34,21,1
-262,33,0
44,10,1
39,11,1
-298,13,0
25,1,1
26,3,1
31,3,1
29,4,1
-289,11,0
-297,2,0
37,15,1
23,2,1
36,6,1
46,31,1
28,2,1
49,20,1
-282,25,0
-270,37,0
29,4,1
29,4,1
91,83,1
-298,6,0
-287,23,0
25,1,1
-275,38,0
32,5,1
-291,10,0
62,32,1
24,2,1
26,6,1
29,4,1
48,26,1
47,26,1
69,37,1
31,7,1
28,2,1
-301,4,0
-296,10,0
28,2,1
-291,10,0
44,17,1
-291,8,0
31,6,1
-290,10,0
-271,62,0
38,10,1
-303,12,0
25,1,1
33,26,1
39,16,1
55,23,1
25,1,1
33,10,1
32,6,1
33,5,1
-300,1,0
54,30,1
-295,11,0
37,8,1
65,45,1
-299,3,0
24,2,1
73,47,1
24,5,1
37,8,1
-309,13,0
24,2,1
23,2,1
25,1,1
25,1,1
31,6,1
25,1,1
-275,28,0
-299,3,0
-264,39,0
-288,15,0
32,15,1
-296,7,0
25,1,1
-311,7,0
38,12,1
27,3,1
25,1,1
29,4,1
26,3,1
43,11,1
-293,14,0
25,1,1
25,1,1
-300,1,0
-291,15,0
38,13,1
25,1,1
37,22,1
34,4,1
44,15,1
23,2,1
25,1,1
-300,1,0
34,14,1
25,1,1
24,2,1
36,25,1
-291,22,0
25,1,1
-299,6,0
-300,8,0
25,1,1
-279,33,0
29,4,1
-299,9,0
36,13,1
-295,4,0
50,22,1
27,3,1
58,26,1
34,25,1
-289,15,0
31,6,1
66,62,1
42,23,1
-291,16,0
55,48,1
-299,3,0
56,41,1
32,6,1
70,31,1
49,18,1
60,36,1
32,17,1
-282,21,0
30,4,1
58,35,1
-294,3,0
-294,6,0
34,10,1
-300,1,0
67,90,1
43,17,1
-250,97,0
28,2,1
-294,6,0
37,8,1
31,3,1
49,35,1
61,55,1
46,17,1
25,1,1
31,3,1
-291,45,0
41,27,1
-293,11,0
28,2,1
-294,3,0
63,50,1
31,3,1
-292,29,0
25,1,1
-300,4,0
-299,3,0
36,6,1
-272,56,0
28,2,1
25,1,1
28,2,1
-300,1,0
25,1,1
38,14,1
-302,12,0
-290,11,0
27,3,1
25,1,1
-298,22,0
-308,12,0
-293,15,0
-276,31,0
35,7,1
36,9,1
27,3,1
38,17,1
-294,6,0
-304,12,0
44,23,1
53,31,1
-291,4,0
40,25,1
28,2,1
35,6,1
-286,19,0
29,5,1
-292,8,0
52,33,1
28,2,1
39,14,1
29,4,1
-296,17,0
25,1,1
31,3,1
31,14,1
50,25,1
74,97,1
28,5,1
23,2,1
77,51,1
35,10,1
31,3,1
-298,3,0
23,2,1
-294,6,0
25,1,1
-282,27,0
33,34,1
25,1,1
30,9,1
27,3,1
31,3,1
31,3,1
25,1,1
49,19,1
27,3,1
41,20,1
34,13,1
28,5,1
-303,9,0
28,2,1
-284,30,0
-283,18,0
28,2,1
24,2,1
31,3,1
27,8,1
34,7,1
46,14,1
-301,4,0
24,2,1
-289,9,0
-271,38,0
-298,3,0
33,33,1
33,20,1
-289,6,0
33,5,1
24,4,1
47,11,1
-308,18,0
31,6,1
45,30,1
-298,3,0
30,4,1
41,19,1
47,43,1
-297,2,0
34,7,1
39,13,1
61,37,1
-251,81,0
35,9,1
37,8,1
53,20,1
65,39,1
25,1,1
25,1,1
31,8,1
-297,2,0
-298,6,0
34,7,1
-290,16,0
37,5,1
33,9,1
48,35,1
43,42,1
58,29,1
25,1,1
30,6,1
25,1,1
31,3,1
52,29,1
-271,32,0
28,2,1
-300,1,0
34,19,1
38,8,1
48,28,1
28,2,1
42,12,1
34,4,1
-297,2,0
35,10,1
33,30,1
26,3,1
-302,3,0
31,3,1
-300,4,0
-293,43,0
25,1,1
-298,9,0
-280,33,0
67,59,1
-292,10,0
25,1,1
36,13,1
25,1,1
25,1,1
-279,28,0
29,4,1
34,35,1
47,19,1
39,10,1
42,20,1
28,8,1
42,11,1
25,1,1
-273,38,0
-296,12,0
43,21,1
28,2,1
45,28,1
32,8,1
36,6,1
-299,3,0
51,22,1
35,7,1
25,1,1
46,11,1
50,34,1
-293,23,0
25,1,1
52,25,1
29,4,1
23,2,1
-311,23,0
31,3,1
56,32,1
30,8,1
-291,11,0
27,3,1
32,11,1
-296,9,0
-291,4,0
-284,18,0
-300,1,0
25,1,1
41,15,1
33,7,1
38,20,1
22,3,1
50,36,1
25,1,1
25,1,1
-286,10,0
25,1,1
-299,3,0
37,9,1
27,3,1
25,1,1
-297,15,0
-294,12,0
-290,10,0
45,29,1
-297,2,0
-298,3,0
35,9,1
25,1,1
33,5,1
28,5,1
33,5,1
25,1,1
29,4,1
41,15,1
-300,4,0
-296,5,0
29,4,1
30,7,1
-277,30,0
-279,32,0
-271,20,0
47,23,1
-285,35,0
-300,4,0
25,1,1
23,2,1
-263,55,0
-303,6,0
-297,26,0
24,2,1
31,3,1
-298,8,0
39,10,1
28,2,1
23,2,1
34,4,1
42,11,1
70,61,1
25,1,1
42,12,1
47,41,1
-313,13,0
-305,4,0
-276,38,0
25,11,1
-282,32,0
-288,49,0
44,23,1
-298,7,0
58,32,1
26,4,1
28,2,1
31,3,1
-299,4,0
-294,9,0
-287,29,0
-298,3,0
30,6,1
23,2,1
45,34,1
-297,11,0
-275,28,0
50,43,1
-300,1,0
33,7,1
28,2,1
25,1,1
42,13,1
-283,22,0
28,2,1
25,1,1
59,43,1
32,37,1
-280,20,0
30,10,1
25,1,1
38,10,1
52,38,1
30,13,1
25,1,1
-297,8,0
42,21,1
55,28,1
-304,3,0
-302,2,0
-291,7,0
25,1,1
48,14,1
62,47,1
29,4,1
-300,26,0
-300,1,0
29,5,1
26,7,1
27,3,1
25,1,1
39,21,1
31,9,1
33,5,1
35,10,1
-297,2,0
-270,46,0
39,21,1
-289,23,0
25,1,1
37,14,1
28,2,1
-291,4,0
36,11,1
25,1,1
42,19,1
72,57,1
28,2,1
-293,5,0
23,2,1
96,74,1
25,4,1
-293,25,0
31,6,1
37,5,1
-292,7,0
25,1,1
56,28,1
25,1,1
31,3,1
34,4,1
25,1,1
29,4,1
30,4,1
27,3,1
33,5,1
40,12,1
25,1,1
83,65,1
34,19,1
-300,1,0
26,3,1
31,3,1
37,5,1
30,6,1
25,1,1
30,4,1
25,1,1
26,15,1
56,31,1
28,12,1
53,43,1
-300,1,0
25,1,1
24,2,1
-300,4,0
25,1,1
26,16,1
29,4,1
-301,5,0
25,1,1
37,9,1
34,7,1
-307,5,0
29,4,1
25,1,1
34,18,1
-284,38,0
31,3,1
25,1,1
25,1,1
-297,13,0
30,6,1
38,10,1
25,1,1
25,1,1
44,25,1
50,53,1
56,30,1
-274,26,0
-300,10,0
45,15,1
34,14,1
-300,1,0
-283,33,0
28,20,1
31,6,1
25,1,1
24,2,1
39,7,1
-274,43,0
24,2,1
-272,38,0
25,1,1
-278,34,0
28,2,1
45,27,1
53,41,1
-307,15,0
46,18,1
57,30,1
63,47,1
-283,18,0
56,29,1
37,5,1
-294,3,0
28,2,1
40,18,1
29,4,1
25,1,1
25,1,1
-289,12,0
32,9,1
-297,8,0
-287,26,0
51,19,1
24,2,1
25,1,1
31,3,1
-296,30,0
40,17,1
25,1,1
-279,42,0
30,4,1
39,18,1
112,131,1
29,5,1
35,14,1
33,7,1
45,22,1
23,3,1
28,2,1
45,19,1
27,20,1
33,5,1
-300,1,0
30,10,1
25,1,1
-298,11,0
53,38,1
25,1,1
-286,7,0
38,19,1
52,28,1
31,6,1
-300,1,0
27,12,1
28,2,1
-302,2,0
31,19,1
92,94,1
-278,21,0
24,2,1
-292,75,0
29,4,1
27,3,1
28,2,1
25,1,1
30,4,1
-300,1,0
-310,12,0
-289,6,0
27,5,1
-299,3,0
25,1,1
25,1,1
23,2,1
-290,16,0
25,1,1
37,9,1
25,1,1
40,16,1
42,36,1
39,18,1
40,9,1
-261,35,0
50,20,1
25,1,1
34,11,1
29,4,1
47,19,1
-292,11,0
39,13,1
32,8,1
25,1,1
-304,3,0
28,2,1
-300,1,0
39,12,1
59,35,1
-300,1,0
36,16,1
24,2,1
34,7,1
36,6,1
28,2,1
-291,4,0
25,1,1
46,23,1
-302,2,0
25,1,1
49,21,1
47,24,1
44,58,1
28,2,1
25,1,1
35,6,1
22,3,1
-294,10,0
53,30,1
29,4,1
25,1,1
-294,6,0
26,7,1
-299,3,0
31,3,1
32,6,1
31,8,1
68,45,1
26,18,1
26,8,1
25,1,1
24,2,1
50,17,1
31,3,1
43,10,1
42,23,1
-292,8,0
-300,1,0
25,1,1
29,4,1
25,1,1
25,1,1
25,1,1
30,4,1
-291,10,0
34,14,1
-284,22,0
25,1,1
42,17,1
-290,22,0
-302,2,0
44,23,1
28,2,1
49,16,1
26,6,1
50,20,1
-267,46,0
-292,5,0
32,21,1
46,29,1
-300,4,0
63,43,1
-297,18,0
28,5,1
50,24,1
-298,12,0
28,2,1
31,3,1
37,16,1
33,8,1
30,4,1
-277,27,0
28,2,1
25,1,1
48,14,1
-293,22,0
-283,24,0
25,1,1
45,22,1
28,2,1
50,28,1
25,1,1
36,8,1
24,2,1
25,1,1
43,28,1
-299,15,0
61,28,1
-291,8,0
36,6,1
28,2,1
46,21,1
48,30,1
24,11,1
-291,39,0
36,8,1
-300,1,0
36,6,1
25,1,1
45,12,1
52,20,1
50,21,1
28,2,1
53,17,1
-293,14,0
-267,36,0
39,7,1
33,7,1
24,2,1
26,3,1
36,6,1
-282,34,0
23,17,1
-298,10,0
-282,18,0
28,2,1
45,11,1
28,2,1
29,4,1
-293,48,0
-294,46,0
38,10,1
25,1,1
24,2,1
48,23,1
-294,3,0
24,2,1
29,4,1
64,59,1
34,4,1
33,5,1
33,8,1
34,11,1
-297,2,0
47,30,1
32,8,1
46,35,1
28,2,1
25,1,1
-284,25,0
32,5,1
55,23,1
39,13,1
36,11,1
40,9,1
47,27,1
28,2,1
38,13,1
39,7,1
-300,1,0
-301,32,0
-307,18,0
40,20,1
39,7,1
29,4,1
-285,13,0
-287,18,0
44,39,1
36,6,1
28,5,1
40,6,1
33,13,1
25,1,1
34,10,1
40,10,1
29,4,1
-258,58,0
41,12,1
-289,13,0
34,7,1
41,9,1
44,16,1
42,43,1
34,4,1
73,45,1
22,3,1
30,4,1
58,61,1
39,29,1
60,42,1
41,18,1
39,17,1
25,1,1
63,62,1
-300,4,0
44,39,1
93,75,1
42,23,1
31,9,1
-293,17,0
29,5,1
28,2,1
29,5,1
36,15,1
24,2,1
35,7,1
62,30,1
29,7,1
25,1,1
42,11,1
34,7,1
31,6,1
25,1,1
48,23,1
47,28,1
-272,44,0
-294,6,0
-304,4,0
37,16,1
51,14,1
-269,48,0
37,30,1
37,5,1
32,6,1
36,24,1
-291,4,0
34,4,1
35,13,1
-278,78,0
42,14,1
24,2,1
-293,25,0
25,1,1
25,1,1
55,27,1
32,5,1
37,8,1
28,2,1
31,3,1
57,20,1
-282,17,0
26,7,1
-292,8,0
41,9,1
25,1,1
-298,5,0
29,7,1
44,12,1
45,28,1
25,1,1
-297,2,0
-308,12,0
31,3,1
50,31,1
25,1,1
-288,28,0
41,11,1
31,3,1
31,3,1
25,1,1
-305,4,0
-294,3,0
25,1,1
57,36,1
37,32,1
31,3,1
54,25,1
50,40,1
53,27,1
51,24,1
25,1,1
39,10,1
25,1,1
25,1,1
48,10,1
-280,13,0
30,7,1
40,13,1
49,18,1
25,1,1
42,15,1
-297,5,0
-287,21,0
42,41,1
-297,2,0
-300,4,0
-296,4,0
-299,7,0
-297,5,0
-277,19,0
-299,6,0
-300,1,0
29,4,1
38,8,1
-296,4,0
29,4,1
43,16,1
35,9,1
28,2,1
51,35,1
39,14,1
28,2,1
-302,2,0
-278,59,0
-297,5,0
28,2,1
37,5,1
44,23,1
38,8,1
-298,3,0
35,9,1
-304,3,0
61,40,1
23,2,1
25,1,1
38,31,1
28,2,1
36,9,1
-296,5,0
39,17,1
-301,4,0
39,12,1
25,1,1
25,1,1
56,37,1
-300,1,0
25,1,1
84,74,1
28,2,1
-278,27,0
24,7,1
34,4,1
28,2,1
46,17,1
25,1,1
-311,15,0
-292,28,0
43,35,1
25,1,1
37,8,1
25,1,1
44,10,1
42,8,1
32,5,1
25,1,1
-302,7,0
25,1,1
25,1,1
-294,15,0
25,1,1
-302,8,0
32,5,1
-297,5,0
25,1,1
36,25,1
43,23,1
23,2,1
-300,1,0
-297,8,0
32,11,1
-301,4,0
28,2,1
34,13,1
35,11,1
48,40,1
58,56,1
61,43,1
25,1,1
-300,1,0
60,31,1
35,9,1
37,5,1
34,4,1
25,4,1
40,29,1
-290,10,0
25,1,1
52,23,1
29,4,1
37,8,1
-295,9,0
39,7,1
28,2,1
-276,67,0
44,15,1
46,15,1
34,4,1
26,6,1
-300,1,0
-297,2,0
29,4,1
27,3,1
40,13,1
45,43,1
28,2,1
25,1,1
24,5,1
35,7,1
25,1,1
45,26,1
-280,50,0
37,8,1
50,18,1
25,1,1
-310,18,0
41,15,1
47,11,1
31,3,1
41,12,1
23,2,1
31,3,1
54,25,1
-292,7,0
25,1,1
-300,1,0
-301,14,0
28,2,1
41,12,1
-264,39,0
40,9,1
29,4,1
-292,10,0
34,11,1
47,22,1
-292,15,0
47,54,1
-300,1,0
56,29,1
51,21,1
35,6,1
-287,17,0
24,20,1
-300,1,0
78,65,1
-298,3,0
39,7,1
40,16,1
28,2,1
-300,1,0
-298,31,0
46,19,1
36,6,1
46,33,1
54,19,1
-304,13,0
-263,68,0
28,2,1
-282,13,0
54,38,1
-293,6,0
27,5,1
-276,36,0
33,5,1
40,26,1
33,5,1
34,4,1
28,5,1
43,22,1
-303,3,0
31,3,1
29,8,1
42,11,1
-288,24,0
33,8,1
24,2,1
-302,8,0
-300,4,0
-285,13,0
44,16,1
30,4,1
-287,16,0
34,4,1
25,1,1
42,15,1
40,19,1
35,6,1
25,1,1
28,2,1
37,11,1
31,3,1
27,3,1
-297,2,0
28,5,1
44,19,1
59,28,1
25,4,1
25,1,1
34,13,1
-300,1,0
26,3,1
25,1,1
46,16,1
25,1,1
-299,3,0
50,12,1
25,1,1
53,27,1
-294,12,0
25,1,1
47,26,1
-264,39,0
-282,40,0
36,15,1
60,46,1
25,1,1
-294,9,0
32,8,1
42,16,1
34,15,1
25,1,1
25,1,1
42,8,1
-291,20,0
21,7,1
-297,11,0
-304,22,0
25,6,1
27,3,1
25,1,1
-285,30,0
40,6,1
25,1,1
40,15,1
32,5,1
26,9,1
31,3,1
47,17,1
32,5,1
67,51,1
-287,17,0
-282,18,0
-275,45,0
37,24,1
-298,3,0
24,2,1
35,13,1
47,21,1
29,11,1
-300,1,0
26,3,1
23,2,1
34,4,1
25,1,1
-281,40,0
36,6,1
-308,5,0
28,2,1
28,2,1
52,37,1
24,2,1
26,3,1
-286,16,0
46,24,1
-291,7,0
36,8,1
-297,2,0
-300,1,0
-288,9,0
28,2,1
36,12,1
46,37,1
35,10,1
47,19,1
31,8,1
25,1,1
30,4,1
-291,19,0
-297,2,0
-302,2,0
-290,15,0
44,16,1
48,29,1
36,6,1
25,1,1
-302,2,0
30,6,1
35,6,1
25,4,1
52,14,1
-291,4,0
33,5,1
35,6,1
-305,10,0
25,1,1
32,5,1
33,5,1
-300,1,0
-296,9,0
50,21,1
-295,7,0
31,6,1
31,3,1
34,10,1
-299,7,0
28,2,1
-288,29,0
34,4,1
34,12,1
34,9,1
25,1,1
35,7,1
39,10,1
27,5,1
36,9,1
49,16,1
-285,28,0
-284,27,0
35,7,1
38,25,1
27,3,1
-300,1,0
25,1,1
25,1,1
45,15,1
25,1,1
38,11,1
31,3,1
25,1,1
25,1,1
26,3,1
32,6,1
36,9,1
55,23,1
40,12,1
26,3,1
32,15,1
40,6,1
39,19,1
41,12,1
-297,6,0
-300,17,0
34,4,1
42,11,1
-296,7,0
24,2,1
53,44,1
24,2,1
-298,3,0
-272,44,0
33,10,1
-295,4,0
-301,10,0
48,28,1
32,5,1
41,14,1
25,1,1
41,11,1
-270,41,0
57,34,1
30,4,1
41,8,1
25,1,1
-295,20,0
-296,8,0
-298,20,0
33,8,1
48,38,1
25,1,1
-300,4,0
-295,4,0
52,44,1
49,18,1
25,1,1
49,30,1
-252,96,0
28,2,1
-277,33,0
39,11,1
45,13,1
31,12,1
24,4,1
25,1,1
54,24,1
32,6,1
-264,43,0
-305,4,0
-301,2,0
29,4,1
65,65,1
-294,3,0
-286,30,0
31,11,1
28,2,1
25,1,1
26,3,1
25,1,1
34,9,1
51,38,1
29,4,1
-299,3,0
33,7,1
35,14,1
40,9,1
20,4,1
25,1,1
-291,11,0
36,19,1
31,3,1
25,1,1
25,1,1
-305,7,0
43,7,1
52,23,1
31,3,1
28,5,1
-295,6,0
-301,2,0
32,5,1
46,18,1
25,10,1
23,2,1
30,4,1
-295,12,0
24,2,1
-300,1,0
28,2,1
-301,2,0
28,2,1
25,1,1
-306,7,0
25,1,1
-300,1,0
71,44,1
39,15,1
73,64,1
42,10,1
37,5,1
30,6,1
31,6,1
25,1,1
-300,1,0
48,37,1
26,12,1
31,3,1
44,23,1
28,2,1
66,55,1
37,8,1
28,2,1
47,44,1
24,5,1
-291,16,0
31,3,1
25,1,1
33,5,1
31,3,1
25,1,1
-290,20,0
34,4,1
25,1,1
-302,2,0
43,19,1
25,1,1
-296,13,0
25,1,1
58,37,1
33,5,1
40,17,1
38,15,1
29,14,1
37,12,1
42,17,1
46,41,1
25,1,1
44,16,1
39,10,1
34,7,1
32,6,1
48,33,1
34,7,1
-297,2,0
25,1,1
28,2,1
30,4,1
-296,18,0
-301,8,0
34,11,1
51,32,1
-297,2,0
25,1,1
25,1,1
-286,16,0
51,23,1
34,4,1
-301,2,0
31,3,1
25,1,1
-299,3,0
23,2,1
-274,27,0
-294,6,0
25,1,1
-275,34,0
-294,25,0
54,35,1
28,5,1
-303,4,0
-307,6,0
25,1,1
56,45,1
25,1,1
51,31,1
42,16,1
28,2,1
-291,14,0
25,1,1
-303,6,0
31,3,1
36,10,1
43,31,1
-304,26,0
28,2,1
44,13,1
33,11,1
72,58,1
25,1,1
31,9,1
34,12,1
28,5,1
28,6,1
-298,3,0
24,2,1
25,1,1
42,13,1
41,16,1
-297,5,0
34,4,1
50,29,1
33,5,1
-283,17,0
51,46,1
30,4,1
63,44,1
24,2,1
-300,1,0
32,21,1
-306,7,0
25,1,1
31,3,1
33,5,1
33,8,1
-297,2,0
32,5,1
28,5,1
28,6,1
22,3,1
-292,13,0
42,10,1
-299,3,0
25,1,1
61,34,1
-305,17,0
28,2,1
35,38,1
48,28,1
-286,19,0
23,2,1
40,17,1
31,3,1
28,2,1
41,15,1
49,29,1
34,4,1
-288,17,0
25,1,1
-300,1,0
39,13,1
42,15,1
49,22,1
37,8,1
-297,2,0
30,32,1
25,1,1
25,1,1
30,4,1
34,10,1
23,2,1
50,20,1
28,2,1
25,1,1
-282,41,0
33,8,1
57,23,1
-280,34,0
39,13,1
24,2,1
34,4,1
25,1,1
36,8,1
-300,1,0
28,2,1
-276,27,0
31,3,1
45,24,1
39,9,1
28,2,1
-295,6,0
50,26,1
25,1,1
32,5,1
50,27,1
25,1,1
25,1,1
-298,8,0
-298,6,0
25,1,1
39,9,1
-289,12,0
50,25,1
34,4,1
23,2,1
31,3,1
-299,4,0
30,4,1
25,1,1
30,6,1
-305,4,0
51,25,1
51,27,1
39,12,1
28,5,1
33,5,1
42,16,1
44,21,1
41,20,1
-281,16,0
32,6,1
29,8,1
50,26,1
25,10,1
32,8,1
-284,28,0
44,13,1
-290,12,0
37,5,1
34,4,1
58,53,1
26,3,1
36,6,1
-293,8,0
26,4,1
37,9,1
-287,7,0
35,6,1
44,38,1
44,9,1
32,9,1
42,12,1
28,2,1
25,1,1
24,2,1
34,7,1
25,1,1
34,4,1
37,16,1
-300,1,0
31,3,1
27,5,1
49,15,1
47,18,1
47,15,1
27,8,1
-300,1,0
-281,26,0
71,43,1
42,11,1
30,7,1
25,4,1
-290,10,0
34,4,1
24,2,1
32,5,1
26,3,1
-302,7,0
29,4,1
26,3,1
25,1,1
-273,50,0
-300,1,0
28,2,1
54,26,1
23,2,1
30,13,1
52,40,1
34,4,1
36,6,1
-265,41,0
50,53,1
52,26,1
30,12,1
29,5,1
-265,25,0
25,1,1
38,12,1
28,2,1
29,4,1
25,1,1
51,26,1
-299,26,0
-294,3,0
41,14,1
41,13,1
43,14,1
-287,18,0
40,15,1
25,1,1
-300,1,0
28,2,1
37,8,1
-283,28,0
36,9,1
25,4,1
26,4,1
25,13,1
28,2,1
52,42,1
57,27,1
45,13,1
40,12,1
43,10,1
49,23,1
-272,46,0
40,12,1
33,5,1
-302,2,0
25,1,1
23,2,1
-300,4,0
35,10,1
-299,16,0
-271,35,0
-300,1,0
50,20,1
28,2,1
44,22,1
38,14,1
-300,1,0
31,3,1
25,1,1
36,6,1
31,6,1
-292,39,0
25,1,1
-291,10,0
44,15,1
28,2,1
27,3,1
-295,7,0
41,14,1
-299,3,0
36,6,1
23,2,1
-299,4,0
41,16,1
30,27,1
30,11,1
-300,1,0
-292,8,0
-302,5,0
24,4,1
30,4,1
46,15,1
84,58,1
-292,14,0
31,3,1
49,18,1
31,3,1
41,14,1
44,18,1
28,2,1
40,15,1
36,6,1
36,11,1
-289,15,0
-290,18,0
24,2,1
25,1,1
25,1,1
62,44,1
-293,5,0
25,1,1
60,36,1
34,4,1
39,13,1
52,29,1
33,5,1
36,9,1
34,10,1
25,1,1
25,1,1
48,33,1
-251,65,0
28,2,1
23,2,1
-302,11,0
29,26,1
46,36,1
-293,15,0
-298,3,0
30,4,1
46,15,1
25,1,1
-283,47,0
38,20,1
-293,6,0
38,8,1
51,38,1
-279,16,0
32,5,1
45,20,1
39,7,1
41,9,1
25,1,1
31,6,1
37,9,1
49,15,1
25,1,1
44,22,1
34,7,1
51,33,1
31,3,1
30,7,1
-286,36,0
45,12,1
26,4,1
25,1,1
25,1,1
33,5,1
46,15,1
35,16,1
24,2,1
42,20,1
28,6,1
25,4,1
28,2,1
-302,2,0
-300,5,0
-286,49,0
42,11,1
41,19,1
63,35,1
34,4,1
24,2,1
28,5,1
43,24,1
28,2,1
34,11,1
25,1,1
31,3,1
43,16,1
23,2,1
-298,8,0
28,2,1
-292,21,0
42,11,1
31,3,1
-275,57,0
28,2,1
-291,8,0
25,1,1
29,5,1
44,19,1
70,48,1
32,5,1
35,9,1
25,1,1
-280,14,0
-297,5,0
41,19,1
41,23,1
31,8,1
31,3,1
37,9,1
37,14,1
-300,1,0
49,16,1
37,5,1
37,8,1
-288,15,0
68,46,1
61,33,1
86,97,1
36,20,1
35,7,1
-295,4,0
45,18,1
30,13,1
43,13,1
41,15,1
-287,11,0
-300,1,0
24,2,1
-302,2,0
-300,1,0
34,4,1
28,6,1
45,21,1
23,5,1
-284,11,0
38,11,1
22,3,1
23,2,1
24,2,1
25,1,1
24,2,1
-299,3,0
29,5,1
53,25,1
45,24,1
60,67,1
-303,3,0
24,2,1
40,10,1
29,4,1
27,5,1
26,3,1
-291,61,0
31,6,1
-298,5,0
27,3,1
36,16,1
-292,13,0
-293,5,0
35,13,1
28,2,1
28,2,1
25,1,1
36,17,1
-305,13,0
-283,46,0
32,6,1
-293,11,0
53,31,1
27,3,1
-300,1,0
31,3,1
-295,4,0
33,5,1
45,17,1
-302,5,0
34,8,1
25,1,1
25,1,1
-298,5,0
30,4,1
44,20,1
26,3,1
28,2,1
39,18,1
46,21,1
47,17,1
35,7,1
43,29,1
25,1,1
48,19,1
37,8,1
21,3,1
49,29,1
40,10,1
39,12,1
41,12,1
-289,12,0
29,4,1
47,22,1
43,18,1
50,16,1
27,3,1
31,3,1
37,5,1
34,8,1
50,25,1
41,16,1
-301,5,0
49,28,1
50,12,1
41,18,1
39,9,1
25,1,1
52,34,1
38,14,1
37,5,1
24,2,1
26,10,1
39,11,1
37,15,1
-299,3,0
-268,24,0
34,4,1
40,10,1
28,2,1
29,4,1
-300,4,0
44,16,1
-288,15,0
42,11,1
25,1,1
31,6,1
-294,10,0
-300,7,0
-285,15,0
35,9,1
36,8,1
-296,4,0
46,26,1
42,29,1
-298,5,0
38,7,1
55,33,1
24,2,1
-281,28,0
33,7,1
59,28,1
43,11,1
25,1,1
25,1,1
39,9,1
23,2,1
-285,12,0
25,1,1
44,12,1
38,10,1
34,4,1
27,3,1
37,15,1
36,9,1
-294,3,0
41,29,1
56,25,1
-300,1,0
48,10,1
34,10,1
-300,1,0
33,11,1
25,1,1
46,15,1
30,4,1
37,10,1
-292,5,0
40,12,1
25,1,1
23,2,1
33,8,1
37,35,1
25,1,1
30,4,1
43,18,1
-273,52,0
-290,16,0
-294,3,0
-300,1,0
39,7,1
36,9,1
29,4,1
53,31,1
29,5,1
-293,6,0
31,11,1
25,1,1
-298,16,0
33,7,1
25,1,1
53,29,1
33,5,1
28,2,1
24,2,1
25,1,1
43,11,1
35,6,1
-293,11,0
44,17,1
38,8,1
31,3,1
31,3,1
-274,31,0
31,3,1
40,26,1
39,22,1
33,19,1
25,1,1
-286,9,0
24,2,1
35,6,1
25,1,1
47,33,1
49,24,1
-300,32,0
-297,2,0
-300,1,0
-290,21,0
41,11,1
-282,19,0
32,5,1
39,7,1
-302,2,0
31,3,1
45,12,1
-300,1,0
41,22,1
-300,1,0
46,11,1
34,4,1
-298,9,0
-277,41,0
25,1,1
37,21,1
34,9,1
43,16,1
99,110,1
25,12,1
25,4,1
35,7,1
35,9,1
-300,1,0
41,8,1
37,31,1
28,2,1
27,6,1
44,18,1
32,6,1
23,2,1
36,9,1
36,14,1
25,1,1
28,2,1
49,35,1
30,4,1
28,2,1
33,5,1
25,1,1
25,5,1
-304,3,0
32,5,1
38,12,1
40,10,1
25,1,1
32,18,1
28,2,1
52,17,1
46,24,1
29,22,1
71,39,1
27,12,1
52,37,1
26,3,1
34,4,1
23,2,1
28,2,1
37,12,1
45,26,1
33,7,1
38,10,1
-277,32,0
31,6,1
25,1,1
32,5,1
25,1,1
57,37,1
29,9,1
28,50,1
-295,6,0
52,32,1
32,5,1
28,2,1
50,23,1
44,15,1
33,11,1
-286,17,0
-297,20,0
54,47,1
28,7,1
30,4,1
41,14,1
70,49,1
47,16,1
59,43,1
34,4,1
38,11,1
25,1,1
23,9,1
25,1,1
28,5,1
26,3,1
-291,10,0
-303,6,0
-295,9,0
31,3,1
34,4,1
-300,1,0
28,2,1
36,21,1
29,4,1
-296,10,0
25,1,1
28,5,1
28,2,1
-297,2,0
25,1,1
-289,14,0
34,24,1
28,2,1
36,8,1
-304,24,0
30,6,1
36,6,1
32,8,1
60,50,1
25,1,1
30,4,1
40,10,1
33,5,1
25,1,1
40,6,1
37,12,1
-276,16,0
40,6,1
33,5,1
-299,4,0
25,1,1
40,22,1
44,21,1
74,48,1
28,8,1
-296,4,0
31,3,1
-298,7,0
28,2,1
34,4,1
31,3,1
40,17,1
24,2,1
-290,29,0
34,11,1
-299,3,0
47,33,1
41,16,1
25,1,1
36,26,1
29,5,1
35,6,1
28,2,1
27,3,1
28,2,1
25,1,1
46,27,1
40,12,1
-294,9,0
54,44,1
31,3,1
50,20,1
29,30,1
28,2,1
37,5,1
25,1,1
-274,32,0
32,5,1
34,22,1
-306,5,0
62,30,1
40,26,1
47,17,1
25,1,1
25,1,1
37,10,1
25,4,1
40,13,1
-287,7,0
25,1,1
36,6,1
-296,10,0
43,14,1
45,16,1
-302,7,0
25,1,1
31,3,1
24,2,1
-276,23,0
-304,3,0
25,1,1
24,2,1
34,4,1
24,11,1
65,31,1
36,6,1
25,1,1
23,2,1
25,1,1
37,8,1
25,1,1
44,21,1
-300,1,0
51,24,1
28,2,1
26,4,1
24,2,1
-286,19,0
-293,5,0
47,18,1
42,14,1
26,8,1
-249,56,0
27,3,1
46,21,1
-279,36,0
41,9,1
25,1,1
-300,1,0
37,17,1
32,8,1
31,3,1
-300,1,0
44,19,1
44,36,1
31,20,1
-291,22,0
38,14,1
-300,1,0
-291,31,0
-298,6,0
50,38,1
-297,2,0
-301,2,0
29,13,1
-291,4,0
34,10,1
23,2,1
-302,22,0
52,26,1
40,24,1
34,4,1
35,6,1
-298,9,0
54,22,1
46,18,1
25,1,1
-277,30,0
29,16,1
72,42,1
23,2,1
52,44,1
28,5,1
37,19,1
25,1,1
25,1,1
29,5,1
25,1,1
-291,11,0
28,2,1
34,7,1
25,1,1
25,1,1
31,3,1
41,15,1
24,2,1
42,21,1
38,17,1
23,2,1
25,1,1
-297,2,0
41,15,1
48,21,1
-302,2,0
-297,2,0
39,10,1
-293,8,0
42,13,1
40,6,1
-293,9,0
51,15,1
31,3,1
33,5,1
-294,13,0
-294,3,0
25,1,1
36,15,1
38,16,1
41,9,1
34,7,1
25,1,1
29,4,1
-299,6,0
25,1,1
34,7,1
43,7,1
33,7,1
24,2,1
-300,6,0
42,19,1
-301,2,0
28,2,1
29,9,1
37,9,1
34,4,1
34,4,1
25,1,1
60,39,1
-300,1,0
34,9,1
-297,2,0
40,31,1
-303,9,0
67,53,1
52,34,1
34,4,1
-280,24,0
31,6,1
41,9,1
-296,11,0
25,7,1
41,18,1
38,13,1
44,18,1
44,10,1
-286,11,0
14,8,1
36,6,1
-272,29,0
-300,1,0
25,1,1
43,35,1
25,1,1
-286,26,0
47,11,1
37,12,1
-297,2,0
25,1,1
-300,1,0
40,12,1
25,1,1
77,53,1
34,10,1
29,21,1
28,2,1
38,32,1
39,7,1
25,1,1
26,12,1
45,27,1
22,3,1
41,14,1
42,16,1
25,1,1
25,1,1
42,13,1
39,7,1
-304,3,0
27,5,1
-302,2,0
27,3,1
-307,5,0
-309,6,0
25,1,1
61,32,1
24,2,1
25,1,1
33,7,1
65,42,1
33,5,1
25,1,1
23,3,1
28,2,1
54,18,1
34,4,1
50,28,1
-290,7,0
30,4,1
32,5,1
59,34,1
48,22,1
32,5,1
32,5,1
30,4,1
27,3,1
35,15,1
-302,2,0
40,26,1
-262,27,0
41,12,1
37,5,1
39,7,1
25,1,1
41,8,1
42,13,1
25,1,1
-289,17,0
49,15,1
-297,2,0
28,2,1
-249,53,0
32,8,1
-293,9,0
27,3,1
34,13,1
28,5,1
39,13,1
25,1,1
30,4,1
25,1,1
23,2,1
33,8,1
25,1,1
25,1,1
30,9,1
36,12,1
-298,8,0
25,1,1
25,1,1
48,19,1
-304,4,0
36,6,1
-301,5,0
28,2,1
46,8,1
43,7,1
31,3,1
28,2,1
25,1,1
44,13,1
46,21,1
50,29,1
41,9,1
35,7,1
25,1,1
28,2,1
34,4,1
25,1,1
42,29,1
-289,6,0
42,25,1
42,8,1
67,72,1
34,4,1
50,23,1
38,8,1
-278,24,0
-292,10,0
40,12,1
40,13,1
-265,60,0
25,1,1
-288,21,0
44,13,1
25,1,1
-266,25,0
25,1,1
36,21,1
25,4,1
-280,25,0
49,42,1
32,5,1
25,1,1
61,60,1
58,24,1
30,6,1
26,3,1
44,25,1
43,13,1
23,2,1
47,11,1
25,1,1
16,21,1
33,5,1
-285,39,0
33,5,1
-297,8,0
38,24,1
-304,9,0
25,1,1
28,2,1
28,2,1
37,34,1
39,10,1
31,3,1
-270,31,0
58,27,1
19,10,1
28,2,1
-310,10,0
25,1,1
-300,4,0
24,4,1
34,10,1
83,74,1
28,2,1
23,5,1
31,3,1
25,1,1
27,5,1
38,15,1
25,1,1
29,5,1
30,4,1
25,1,1
28,5,1
53,28,1
-296,13,0
46,19,1
41,30,1
40,28,1
44,15,1
47,14,1
25,1,1
33,11,1
32,5,1
28,2,1
-300,1,0
28,2,1
46,17,1
48,13,1
53,33,1
38,8,1
-286,21,0
42,18,1
26,3,1
-282,20,0
25,1,1
43,16,1
37,5,1
28,2,1
-282,32,0
70,42,1
35,14,1
-291,10,0
37,5,1
42,8,1
35,7,1
28,2,1
43,16,1
52,28,1
37,29,1
25,1,1
50,19,1
-292,8,0
-301,4,0
38,21,1
33,5,1
25,1,1
24,2,1
40,6,1
44,14,1
68,79,1
31,3,1
50,20,1
25,1,1
50,30,1
35,6,1
24,2,1
47,13,1
29,4,1
38,8,1
53,20,1
28,2,1
25,1,1
86,87,1
29,5,1
-295,4,0
44,10,1
47,44,1
31,3,1
-292,13,0
33,14,1
-304,4,0
31,7,1
38,13,1
38,8,1
33,7,1
25,1,1
33,5,1
42,15,1
25,1,1
25,1,1
25,1,1
49,20,1
-301,2,0
40,16,1
34,4,1
24,2,1
25,1,1
-299,3,0
43,17,1
-287,17,0
43,11,1
37,5,1
25,1,1
23,5,1
26,18,1
47,15,1
25,1,1
44,9,1
-291,14,0
25,1,1
29,4,1
31,3,1
35,12,1
25,1,1
39,7,1
37,15,1
28,2,1
-300,1,0
43,11,1
45,13,1
31,3,1
28,2,1
31,3,1
51,25,1
-289,12,0
30,4,1
42,25,1
35,6,1
42,14,1
37,5,1
33,5,1
41,9,1
37,13,1
51,18,1
33,11,1
35,6,1
34,4,1
25,1,1
-294,3,0
31,6,1
53,20,1
31,3,1
26,3,1
25,1,1
38,8,1
50,15,1
41,16,1
-292,13,0
30,4,1
28,2,1
38,10,1
28,2,1
31,6,1
36,8,1
25,1,1
44,20,1
29,4,1
37,5,1
25,1,1
-297,5,0
27,3,1
38,8,1
40,12,1
25,1,1
25,1,1
-277,18,0
25,1,1
32,6,1
29,4,1
-304,14,0
38,8,1
32,5,1
50,36,1
28,2,1
25,1,1
28,2,1
-294,3,0
36,6,1
25,1,1
25,1,1
28,5,1
43,15,1
31,3,1
22,3,1
28,2,1
25,1,1
-300,1,0
34,7,1
25,1,1
32,5,1
25,1,1
-298,5,0
31,3,1
-300,1,0
-291,11,0
31,12,1
28,2,1
-290,18,0
42,8,1
25,1,1
31,10,1
25,1,1
25,1,1
28,5,1
25,1,1
25,4,1
-292,41,0
25,1,1
45,29,1
45,16,1
42,8,1
-300,1,0
28,2,1
47,15,1
55,26,1
-300,1,0
23,2,1
-299,3,0
-294,34,0
42,12,1
-300,1,0
37,5,1
44,12,1
41,12,1
25,1,1
-279,12,0
26,9,1
54,36,1
25,1,1
51,24,1
28,2,1
25,1,1
36,6,1
-284,12,0
43,44,1
30,4,1
34,4,1
31,3,1
-299,10,0
28,2,1
25,1,1
38,13,1
33,8,1
48,24,1
31,3,1
31,3,1
-294,6,0
25,1,1
37,5,1
31,9,1
34,7,1
25,1,1
31,3,1
31,3,1
41,16,1
28,2,1
38,10,1
23,2,1
28,2,1
36,9,1
37,5,1
-288,22,0
44,13,1
-293,20,0
25,1,1
33,11,1
-300,4,0
30,13,1
34,4,1
54,29,1
41,8,1
-294,3,0
-300,1,0
-308,38,0
-302,2,0
28,5,1
-300,1,0
24,2,1
33,8,1
34,4,1
24,2,1
45,16,1
34,8,1
29,8,1
41,9,1
32,5,1
43,13,1
25,1,1
37,5,1
37,43,1
25,1,1
23,2,1
25,1,1
39,7,1
-289,9,0
46,15,1
37,5,1
34,4,1
53,24,1
-297,2,0
-300,1,0
51,24,1
-270,28,0
25,1,1
32,8,1
28,5,1
37,12,1
20,4,1
25,1,1
37,5,1
32,5,1
35,13,1
54,26,1
43,22,1
34,4,1
-289,6,0
42,11,1
40,13,1
31,3,1
31,3,1
-298,3,0
46,15,1
39,9,1
40,6,1
34,10,1
33,5,1
40,9,1
39,12,1
29,4,1
-300,1,0
28,2,1
72,40,1
28,2,1
27,3,1
30,11,1
33,5,1
-297,10,0
42,11,1
24,5,1
33,7,1
41,12,1
-300,1,0
-294,3,0
33,7,1
37,9,1
24,2,1
45,15,1
28,5,1
33,5,1
31,3,1
31,3,1
25,1,1
28,2,1
25,1,1
49,25,1
32,5,1
43,30,1
35,7,1
31,3,1
36,10,1
25,1,1
37,8,1
40,16,1
31,3,1
25,1,1
51,63,1
-296,4,0
-277,38,0
25,1,1
-294,10,0
25,1,1
41,9,1
35,7,1
25,1,1
48,39,1
25,1,1
30,4,1
27,3,1
31,3,1
-292,5,0
54,24,1
32,8,1
28,2,1
28,8,1
-300,1,0
43,7,1
35,12,1
45,14,1
-302,2,0
-291,10,0
31,6,1
56,27,1
28,2,1
25,1,1
-297,5,0
61,30,1
29,4,1
23,2,1
27,3,1
34,4,1
-300,1,0
25,1,1
46,22,1
-295,4,0
53,21,1
-297,14,0
25,1,1
41,16,1
31,3,1
62,51,1
52,25,1
34,4,1
-300,1,0
29,8,1
23,2,1
-306,23,0
28,2,1
28,13,1
44,28,1
50,38,1
39,7,1
31,3,1
25,1,1
-285,10,0
45,11,1
44,10,1
38,12,1
104,108,1
34,7,1
31,3,1
33,5,1
37,20,1
31,3,1
25,1,1
55,25,1
-301,2,0
28,5,1
36,8,1
25,1,1
25,1,1
41,8,1
25,1,1
28,8,1
28,2,1
-279,27,0
32,5,1
41,11,1
28,2,1
25,1,1
37,5,1
39,7,1
26,3,1
-286,18,0
37,5,1
37,5,1
25,1,1
27,6,1
25,1,1
24,2,1
-300,1,0
-294,3,0
24,2,1
28,2,1
73,55,1
41,12,1
27,8,1
-296,19,0
25,7,1
25,1,1
46,20,1
-299,6,0
38,11,1
34,7,1
74,42,1
25,1,1
49,20,1
28,2,1
36,8,1
27,5,1
40,9,1
40,6,1
44,10,1
25,1,1
-280,31,0
36,9,1
35,9,1
-306,7,0
25,1,1
-286,7,0
41,15,1
33,8,1
23,3,1
-301,11,0
23,2,1
25,1,1
33,5,1
72,57,1
41,9,1
-295,4,0
41,9,1
28,2,1
45,13,1
24,2,1
-279,11,0
31,3,1
-300,1,0
29,4,1
62,54,1
38,8,1
37,12,1
-303,18,0
59,38,1
25,1,1
28,2,1
-300,4,0
34,4,1
34,4,1
-300,1,0
25,1,1
-298,9,0
28,2,1
31,3,1
67,34,1
41,11,1
-300,1,0
37,5,1
49,22,1
25,1,1
32,6,1
37,5,1
-298,3,0
-295,4,0
37,5,1
25,1,1
25,1,1
34,7,1
49,34,1
32,5,1
40,6,1
-302,2,0
25,1,1
64,33,1
-297,13,0
57,32,1
23,3,1
31,3,1
25,1,1
25,1,1
35,7,1
45,25,1
25,1,1
30,6,1
38,7,1
-288,12,0
28,2,1
-293,8,0
25,1,1
40,9,1
25,1,1
-289,6,0
-290,33,0
61,91,1
25,1,1
31,3,1
47,10,1
33,5,1
41,9,1
34,8,1
37,5,1
31,6,1
19,5,1
-303,3,0
28,2,1
23,2,1
24,2,1
28,2,1
40,10,1
25,1,1
25,1,1
28,2,1
37,5,1
-285,25,0
28,2,1
28,2,1
31,3,1
28,2,1
39,12,1
27,11,1
36,8,1
28,11,1
-293,11,0
40,12,1
30,4,1
-284,25,0
-305,76,0
25,1,1
28,2,1
31,3,1
39,7,1
25,1,1
41,8,1
-287,35,0
32,5,1
39,7,1
43,16,1
25,1,1
36,8,1
31,3,1
37,5,1
40,18,1
25,1,1
25,1,1
44,24,1
45,24,1
-285,31,0
31,3,1
34,4,1
34,7,1
-301,4,0
28,2,1
37,5,1
-300,1,0
29,5,1
30,4,1
31,3,1
25,1,1
28,2,1
31,3,1
34,8,1
37,5,1
35,6,1
39,15,1
42,39,1
25,1,1
45,13,1
-283,18,0
37,8,1
-266,68,0
49,22,1
32,5,1
26,3,1
-272,39,0
-282,16,0
24,2,1
28,2,1
-292,38,0
31,3,1
40,14,1
-300,1,0
34,4,1
-301,2,0
60,43,1
23,2,1
26,27,1
45,15,1
25,1,1
-280,55,0
-293,15,0
34,4,1
-301,5,0
-284,36,0
-276,35,0
34,12,1
25,1,1
51,32,1
25,1,1
40,6,1
45,15,1
36,8,1
38,10,1
25,1,1
-284,9,0
25,1,1
-288,8,0
37,18,1
31,10,1
25,1,1
25,1,1
51,33,1
44,28,1
44,10,1
63,35,1
40,10,1
30,7,1
27,3,1
-299,6,0
26,3,1
25,1,1
34,4,1
-300,1,0
34,7,1
25,1,1
50,24,1
25,1,1
-291,4,0
-287,17,0
28,2,1
34,7,1
44,12,1
28,2,1
47,22,1
-300,1,0
28,2,1
25,1,1
25,1,1
36,6,1
-305,4,0
-296,7,0
31,3,1
38,13,1
28,2,1
23,2,1
30,4,1
30,7,1
29,4,1
-296,7,0
29,5,1
49,33,1
30,6,1
47,10,1
50,18,1
41,8,1
24,2,1
37,11,1
25,1,1
45,12,1
49,13,1
32,5,1
36,6,1
46,19,1
25,1,1
23,2,1
32,6,1
25,1,1
38,8,1
33,5,1
25,1,1
53,16,1
41,29,1
28,2,1
25,1,1
36,10,1
32,6,1
28,2,1
32,11,1
37,16,1
31,3,1
35,6,1
24,2,1
49,12,1
25,1,1
28,5,1
35,19,1
25,1,1
25,1,1
24,2,1
46,11,1
52,25,1
46,17,1
39,13,1
25,9,1
25,7,1
-282,11,0
28,2,1
52,25,1
33,5,1
-278,21,0
35,6,1
30,4,1
32,6,1
47,14,1
-296,14,0
63,40,1
49,22,1
25,1,1
31,3,1
49,23,1
-300,1,0
25,1,1
27,5,1
32,5,1
47,20,1
25,1,1
-302,5,0
40,16,1
44,20,1
41,19,1
28,2,1
-285,16,0
28,2,1
24,2,1
31,3,1
-291,27,0
42,14,1
-299,3,0
-272,64,0
29,11,1
-296,7,0
23,16,1
43,7,1
42,15,1
29,13,1
-295,4,0
33,5,1
77,62,1
41,8,1
25,1,1
37,23,1
31,3,1
25,1,1
25,1,1
-293,8,0
30,4,1
28,2,1
55,24,1
43,11,1
25,6,1
36,8,1
-297,2,0
26,3,1
44,18,1
25,1,1
27,3,1
31,3,1
-302,2,0
47,16,1
-288,11,0
40,30,1
-300,1,0
-292,5,0
-296,4,0
39,10,1
40,6,1
25,4,1
33,5,1
47,14,1
-279,21,0
42,10,1
29,4,1
-299,6,0
31,6,1
24,2,1
-297,2,0
25,1,1
25,1,1
25,1,1
43,7,1
56,42,1
31,3,1
30,7,1
55,38,1
27,3,1
44,16,1
28,2,1
28,2,1
35,11,1
41,16,1
32,5,1
25,1,1
-303,3,0
33,5,1
42,11,1
25,1,1
41,9,1
27,3,1
41,24,1
45,9,1
47,14,1
45,12,1
51,14,1
-302,2,0
-297,5,0
25,1,1
36,16,1
33,5,1
-275,21,0
49,18,1
32,5,1
48,18,1
28,2,1
37,5,1
28,2,1
27,3,1
49,20,1
-299,3,0
42,11,1
-299,6,0
42,17,1
-307,23,0
27,3,1
47,13,1
-300,1,0
21,3,1
33,8,1
42,17,1
32,5,1
26,3,1
38,7,1
32,6,1
21,8,1
25,1,1
-304,4,0
43,10,1
40,13,1
-303,3,0
45,13,1
-291,11,0
-296,14,0
29,4,1
25,1,1
36,6,1
40,12,1
44,10,1
35,6,1
41,12,1
25,1,1
26,9,1
35,6,1
31,3,1
-311,18,0
34,4,1
37,11,1
25,1,1
-294,10,0
25,1,1
31,3,1
42,8,1
31,3,1
39,23,1
31,6,1
28,2,1
34,8,1
25,1,1
25,1,1
69,56,1
26,4,1
-288,12,0
-300,1,0
32,5,1
43,33,1
40,9,1
31,3,1
53,13,1
25,1,1
34,7,1
26,4,1
40,9,1
-301,2,0
44,18,1
48,27,1
38,8,1
-299,4,0
37,5,1
34,4,1
25,1,1
25,1,1
-259,45,0
36,6,1
-302,5,0
28,2,1
59,27,1
-292,5,0
26,3,1
-280,28,0
28,2,1
-279,23,0
-296,10,0
-291,9,0
31,3,1
41,12,1
25,1,1
25,1,1
25,1,1
47,14,1
-298,3,0
-300,1,0
-266,68,0
28,2,1
-301,2,0
34,7,1
28,2,1
-299,21,0
30,4,1
25,1,1
24,2,1
37,5,1
37,9,1
-301,2,0
-270,39,0
41,16,1
42,12,1
58,21,1
-303,5,0
-297,2,0
41,8,1
37,22,1
38,10,1
31,6,1
23,9,1
-284,12,0
37,11,1
31,3,1
30,4,1
34,7,1
38,10,1
45,9,1
26,9,1
25,1,1
25,1,1
44,13,1
-301,2,0
33,10,1
31,6,1
24,2,1
37,8,1
39,10,1
31,6,1
-289,9,0
28,2,1
29,17,1
-300,1,0
-296,5,0
37,8,1
33,7,1
34,7,1
31,3,1
25,1,1
34,4,1
41,8,1
29,4,1
-279,16,0
-297,2,0
-293,21,0
28,2,1
25,1,1
44,24,1
-300,1,0
30,7,1
32,5,1
-300,1,0
47,22,1
-302,3,0
28,2,1
-300,1,0
46,21,1
60,23,1
31,3,1
34,4,1
23,2,1
54,16,1
25,1,1
42,13,1
25,1,1
25,4,1
25,1,1
35,14,1
44,12,1
45,22,1
25,1,1
28,12,1
36,10,1
25,1,1
28,2,1
47,14,1
50,24,1
47,43,1
88,116,1
50,14,1
28,2,1
-295,4,0
50,18,1
-298,5,0
39,12,1
37,17,1
37,5,1
46,15,1
34,7,1
39,15,1
24,2,1
35,10,1
37,28,1
28,2,1
38,10,1
45,30,1
25,1,1
51,26,1
34,18,1
-298,5,0
30,6,1
34,4,1
30,4,1
25,1,1
33,8,1
28,2,1
30,4,1
48,23,1
25,1,1
31,3,1
34,16,1
31,3,1
25,7,1
44,10,1
23,2,1
43,15,1
24,4,1
31,3,1
31,3,1
-301,23,0
52,37,1
-278,40,0
23,2,1
44,10,1
-293,8,0
-304,7,0
32,5,1
-293,6,0
37,8,1
46,15,1
28,2,1
25,1,1
25,1,1
24,4,1
28,2,1
30,7,1
-293,5,0
28,2,1
43,16,1
25,1,1
25,1,1
39,7,1
48,16,1
28,2,1
55,34,1
25,1,1
71,44,1
30,4,1
40,16,1
38,14,1
42,13,1
34,4,1
25,1,1
42,13,1
50,38,1
47,15,1
57,23,1
37,5,1
28,5,1
55,21,1
41,23,1
39,10,1
30,6,1
23,3,1
39,7,1
31,3,1
47,20,1
-302,2,0
49,21,1
25,1,1
-294,6,0
34,4,1
43,17,1
25,1,1
29,4,1
26,4,1
44,13,1
-302,2,0
24,2,1
36,8,1
35,7,1
-265,39,0
31,3,1
44,10,1
37,18,1
28,2,1
29,5,1
38,11,1
-293,5,0
45,20,1
28,2,1
48,34,1
32,5,1
28,2,1
25,1,1
34,4,1
25,1,1
45,36,1
-274,24,0
31,3,1
44,30,1
32,5,1
24,2,1
30,4,1
43,14,1
34,4,1
36,6,1
40,12,1
42,15,1
25,1,1
32,5,1
-292,28,0
37,13,1
38,10,1
-300,1,0
51,21,1
31,3,1
36,6,1
-291,4,0
-300,1,0
34,7,1
25,1,1
51,19,1
-289,6,0
25,1,1
52,28,1
25,1,1
60,35,1
25,1,1
27,3,1
36,9,1
40,18,1
28,2,1
34,4,1
49,16,1
25,1,1
42,14,1
34,11,1
-299,3,0
28,2,1
33,26,1
38,42,1
46,12,1
65,46,1
25,1,1
-284,22,0
26,6,1
47,16,1
31,6,1
25,1,1
28,2,1
31,13,1
26,6,1
34,4,1
-298,5,0
25,1,1
75,45,1
25,1,1
55,26,1
45,15,1
-302,2,0
37,5,1
25,1,1
25,1,1
34,4,1
44,51,1
38,16,1
37,8,1
42,8,1
36,25,1
29,4,1
43,11,1
28,2,1
43,10,1
44,10,1
31,3,1
25,1,1
37,20,1
59,32,1
25,1,1
31,3,1
25,14,1
25,1,1
25,1,1
24,2,1
55,27,1
48,13,1
28,2,1
44,13,1
23,2,1
-297,2,0
42,8,1
-295,4,0
33,5,1
42,8,1
25,1,1
53,17,1
-295,4,0
52,20,1
24,2,1
31,3,1
-290,6,0
25,1,1
36,9,1
33,5,1
44,13,1
38,7,1
-289,9,0
43,14,1
28,2,1
47,22,1
40,9,1
28,8,1
34,7,1
25,1,1
28,2,1
45,24,1
29,4,1
-303,3,0
28,2,1
31,6,1
59,32,1
52,32,1
31,3,1
26,3,1
28,2,1
63,39,1
28,2,1
47,17,1
28,2,1
35,7,1
39,9,1
-297,8,0
24,2,1
36,6,1
-273,18,0
34,4,1
25,1,1
30,4,1
32,5,1
25,1,1
29,4,1
61,34,1
34,4,1
51,13,1
25,1,1
-287,14,0
23,2,1
26,3,1
43,10,1
31,3,1
32,5,1
28,2,1
25,1,1
36,6,1
59,29,1
42,8,1
-307,12,0
25,1,1
33,5,1
48,28,1
31,6,1
28,2,1
45,9,1
25,1,1
25,1,1
47,10,1
-301,17,0
37,15,1
25,4,1
34,4,1
25,1,1
31,3,1
25,1,1
-285,6,0
31,3,1
29,5,1
-295,4,0
25,1,1
39,10,1
39,10,1
39,32,1
-304,4,0
33,7,1
-299,3,0
31,6,1
41,13,1
32,21,1
25,1,1
51,32,1
44,16,1
25,1,1
-286,9,0
26,3,1
58,27,1
30,4,1
30,4,1
23,2,1
25,1,1
40,9,1
54,32,1
34,10,1
28,6,1
37,5,1
25,1,1
67,33,1
25,1,1
-302,2,0
-280,17,0
31,3,1
34,10,1
25,1,1
49,15,1
25,1,1
55,20,1
25,1,1
-296,4,0
35,6,1
28,2,1
33,21,1
25,1,1
55,26,1
49,15,1
-294,3,0
34,4,1
34,4,1
40,13,1
25,7,1
25,1,1
25,1,1
28,5,1
48,16,1
36,6,1
25,1,1
28,2,1
42,14,1
-296,9,0
39,7,1
-293,10,0
36,6,1
40,9,1
-300,1,0
39,7,1
34,4,1
45,13,1
25,1,1
31,6,1
28,2,1
-312,59,0
40,9,1
28,2,1
-291,4,0
22,12,1
37,9,1
43,30,1
39,10,1
32,6,1
47,21,1
53,27,1
29,4,1
31,3,1
28,2,1
25,1,1
25,1,1
51,24,1
30,4,1
28,2,1
25,1,1
34,8,1
39,7,1
47,20,1
36,9,1
55,48,1
42,12,1
31,3,1
33,5,1
25,1,1
31,3,1
36,6,1
51,27,1
48,19,1
25,1,1
-300,7,0
28,2,1
39,7,1
25,1,1
53,32,1
45,9,1
25,1,1
24,2,1
30,7,1
25,1,1
34,4,1
25,1,1
30,6,1
34,10,1
43,17,1
44,17,1
29,4,1
31,3,1
-298,3,0
34,4,1
32,6,1
-297,2,0
25,1,1
28,2,1
25,1,1
25,1,1
33,5,1
56,27,1
28,2,1
36,9,1
37,13,1
39,9,1
-300,1,0
47,14,1
42,12,1
45,23,1
40,9,1
45,14,1
39,10,1
-300,1,0
-303,3,0
38,8,1
41,8,1
33,5,1
37,8,1
49,26,1
48,34,1
24,4,1
54,23,1
46,8,1
92,66,1
59,35,1
31,3,1
49,23,1
55,26,1
55,24,1
35,9,1
28,10,1
27,3,1
-301,2,0
32,5,1
-297,2,0
27,3,1
31,3,1
23,2,1
31,3,1
-298,5,0
39,13,1
-284,9,0
42,16,1
24,5,1
40,10,1
31,3,1
25,4,1
42,8,1
47,10,1
38,14,1
38,14,1
29,4,1
-299,3,0
36,12,1
44,19,1
25,1,1
28,2,1
50,22,1
31,3,1
25,1,1
55,24,1
25,1,1
28,2,1
28,2,1
25,1,1
34,4,1
47,18,1
36,6,1
46,13,1
39,13,1
54,60,1
28,2,1
-302,2,0
35,7,1
40,16,1
29,7,1
35,9,1
25,1,1
28,2,1
38,23,1
57,30,1
25,1,1
54,25,1
28,2,1
40,30,1
25,1,1
25,1,1
-289,13,0
38,8,1
28,2,1
-276,22,0
31,3,1
34,7,1
-301,5,0
30,6,1
-300,1,0
30,4,1
35,9,1
-300,1,0
-297,2,0
25,1,1
25,4,1
41,9,1
37,20,1
31,3,1
25,1,1
34,4,1
37,8,1
33,11,1
49,20,1
35,7,1
53,26,1
48,16,1
58,24,1
-300,1,0
47,15,1
-270,32,0
32,5,1
44,10,1
36,6,1
33,7,1
31,3,1
41,11,1
48,17,1
39,7,1
44,10,1
22,3,1
27,11,1
23,2,1
-291,7,0
41,8,1
-300,1,0
58,30,1
40,23,1
27,3,1
25,1,1
25,1,1
23,2,1
49,17,1
-297,22,0
35,7,1
46,22,1
39,15,1
29,7,1
23,2,1
38,13,1
39,13,1
32,8,1
34,4,1
34,9,1
30,4,1
27,5,1
36,6,1
-288,25,0
32,9,1
-299,3,0
38,10,1
34,4,1
43,17,1
34,8,1
35,9,1
33,5,1
48,10,1
39,10,1
-295,11,0
25,1,1
-305,4,0
69,31,1
55,22,1
24,2,1
39,7,1
38,15,1
25,1,1
30,4,1
36,9,1
75,57,1
29,4,1
-302,23,0
-298,3,0
37,14,1
25,1,1
25,1,1
-303,13,0
41,19,1
55,25,1
-290,10,0
26,3,1
25,1,1
25,1,1
27,6,1
40,6,1
55,26,1
-285,14,0
30,4,1
51,18,1
52,24,1
51,53,1
49,28,1
36,14,1
38,13,1
47,25,1
25,1,1
41,15,1
30,4,1
28,2,1
28,2,1
43,34,1
28,2,1
25,1,1
37,8,1
-288,17,0
34,16,1
32,5,1
44,12,1
33,10,1
38,7,1
27,13,1
45,12,1
-302,2,0
28,2,1
26,6,1
28,2,1
25,1,1
34,7,1
37,5,1
41,12,1
28,2,1
40,9,1
-296,7,0
37,8,1
31,3,1
25,1,1
37,8,1
32,5,1
29,7,1
49,12,1
41,12,1
37,5,1
30,13,1
25,1,1
-300,4,0
25,1,1
37,5,1
34,4,1
32,5,1
34,7,1
39,12,1
-298,3,0
-306,14,0
49,22,1
31,3,1
52,17,1
28,2,1
44,10,1
35,7,1
37,30,1
31,3,1
38,11,1
27,5,1
53,30,1
38,7,1
25,1,1
31,6,1
32,17,1
28,2,1
34,4,1
23,2,1
-300,1,0
41,8,1
40,10,1
41,8,1
37,8,1
36,19,1
46,13,1
28,2,1
32,5,1
32,5,1
31,3,1
32,5,1
82,55,1
-283,14,0
28,2,1
24,4,1
25,1,1
28,2,1
36,6,1
26,3,1
25,1,1
40,12,1
25,1,1
25,1,1
-290,9,0
36,6,1
28,2,1
25,1,1
29,4,1
45,11,1
49,13,1
47,15,1
24,2,1
25,1,1
25,1,1
-283,10,0
40,9,1
29,4,1
-296,4,0
-300,1,0
-280,23,0
-292,8,0
46,14,1
38,18,1
24,2,1
38,7,1
-292,5,0
34,4,1
40,6,1
25,1,1
-291,4,0
38,25,1
-290,10,0
-300,1,0
25,1,1
33,5,1
47,17,1
-296,10,0
63,50,1
29,5,1
47,11,1
25,1,1
37,5,1
31,3,1
27,3,1
28,7,1
25,1,1
-289,6,0
31,3,1
41,14,1
25,1,1
31,3,1
33,5,1
43,7,1
40,12,1
42,13,1
34,4,1
28,2,1
43,11,1
45,13,1
61,34,1
34,4,1
38,8,1
23,2,1
-300,7,0
38,8,1
55,24,1
30,4,1
-262,30,0
61,38,1
31,3,1
31,3,1
34,4,1
36,6,1
31,3,1
32,5,1
-277,29,0
60,45,1
25,1,1
-294,3,0
28,2,1
25,1,1
31,7,1
25,1,1
43,18,1
39,10,1
34,10,1
40,9,1
32,15,1
31,3,1
42,14,1
30,4,1
39,7,1
24,2,1
47,14,1
38,11,1
-283,17,0
27,3,1
38,20,1
38,14,1
25,1,1
-302,2,0
36,11,1
52,30,1
36,15,1
42,8,1
31,3,1
34,4,1
25,1,1
48,23,1
32,5,1
31,3,1
43,11,1
28,2,1
33,5,1
23,2,1
33,12,1
28,2,1
46,27,1
25,1,1
25,1,1
36,6,1
49,16,1
34,4,1
38,14,1
62,62,1
28,2,1
-306,10,0
45,12,1
35,6,1
43,10,1
48,16,1
35,6,1
28,2,1
49,12,1
25,1,1
-296,4,0
38,11,1
31,3,1
26,6,1
25,1,1
25,1,1
-290,14,0
54,23,1
55,18,1
28,2,1
-307,5,0
-300,1,0
47,11,1
-289,9,0
55,22,1
39,7,1
52,21,1
31,3,1
25,1,1
37,5,1
36,16,1
23,2,1
41,8,1
28,2,1
25,1,1
37,5,1
28,2,1
29,4,1
26,3,1
50,15,1
35,6,1
25,1,1
28,2,1
42,21,1
31,3,1
-293,9,0
25,1,1
25,1,1
25,1,1
33,8,1
39,7,1
47,11,1
41,19,1
24,2,1
23,2,1
25,1,1
-288,8,0
31,6,1
38,21,1
28,2,1
37,8,1
38,7,1
25,1,1
34,4,1
30,4,1
25,1,1
34,7,1
-279,34,0
39,10,1
28,2,1
39,12,1
-302,3,0
41,21,1
-302,12,0
65,29,1
38,11,1
27,6,1
36,9,1
25,1,1
46,16,1
44,19,1
49,20,1
27,3,1
30,7,1
25,1,1
-297,11,0
31,3,1
38,8,1
25,1,1
-291,35,0
31,3,1
33,5,1
39,10,1
25,1,1
-288,36,0
25,1,1
24,2,1
36,9,1
-297,12,0
-300,1,0
33,5,1
54,27,1
25,1,1
45,18,1
24,2,1
28,2,1
37,5,1
37,5,1
26,3,1
33,5,1
28,2,1
37,15,1
55,23,1
-296,4,0
49,24,1
-296,5,0
34,4,1
-291,17,0
-295,4,0
38,15,1
28,2,1
35,6,1
25,1,1
25,1,1
43,7,1
38,7,1
31,3,1
37,11,1
40,17,1
25,1,1
39,9,1
30,4,1
36,8,1
25,4,1
33,5,1
75,54,1
31,7,1
32,5,1
24,4,1
32,6,1
25,1,1
50,18,1
28,2,1
50,22,1
37,11,1
-302,2,0
34,4,1
-300,1,0
25,1,1
40,13,1
48,14,1
25,1,1
36,9,1
29,4,1
25,1,1
34,4,1
-290,23,0
25,1,1
25,1,1
28,2,1
24,2,1
37,5,1
40,6,1
24,2,1
46,14,1
34,8,1
33,10,1
47,14,1
31,3,1
25,1,1
41,15,1
28,2,1
38,8,1
25,1,1
46,17,1
25,1,1
-304,6,0
43,10,1
25,1,1
30,4,1
39,15,1
-300,1,0
-300,1,0
-301,2,0
60,48,1
31,3,1
44,13,1
-257,58,0
39,7,1
47,35,1
-273,27,0
31,3,1
46,27,1
28,2,1
46,30,1
25,1,1
43,7,1
28,2,1
40,6,1
-303,10,0
44,14,1
45,16,1
35,18,1
28,2,1
46,12,1
52,24,1
25,1,1
25,1,1
34,7,1
28,2,1
-295,7,0
49,42,1
45,16,1
35,20,1
25,1,1
35,7,1
26,3,1
41,9,1
52,28,1
25,1,1
-300,1,0
28,2,1
25,1,1
46,20,1
25,1,1
45,13,1
36,8,1
25,1,1
31,3,1
25,1,1
-294,11,0
32,6,1
29,4,1
30,4,1
35,14,1
37,10,1
34,7,1
32,9,1
45,21,1
-300,4,0
28,2,1
-294,18,0
25,1,1
48,20,1
34,9,1
49,18,1
30,4,1
52,14,1
32,5,1
40,15,1
-296,10,0
25,1,1
33,5,1
41,12,1
53,20,1
37,5,1
49,46,1
52,29,1
31,3,1
34,4,1
25,1,1
39,7,1
28,2,1
63,29,1
48,16,1
37,5,1
-300,1,0
38,11,1
36,6,1
25,1,1
25,1,1
29,4,1
47,11,1
39,13,1
-294,7,0
65,42,1
25,1,1
35,14,1
36,10,1
-287,7,0
-300,1,0
25,1,1
31,6,1
28,6,1
42,11,1
35,7,1
25,1,1
-299,10,0
26,3,1
28,2,1
39,18,1
-284,12,0
-290,10,0
74,45,1
27,3,1
29,7,1
-300,1,0
67,35,1
25,1,1
-277,21,0
31,3,1
25,1,1
37,9,1
28,2,1
33,5,1
42,11,1
41,9,1
-303,3,0
31,9,1
35,18,1
34,4,1
31,3,1
28,2,1
71,48,1
30,4,1
35,13,1
40,9,1
24,2,1
33,7,1
39,7,1
34,4,1
25,1,1
28,2,1
-284,9,0
25,1,1
34,4,1
27,11,1
43,16,1
40,6,1
36,6,1
31,6,1
44,13,1
25,1,1
39,10,1
25,1,1
37,11,1
-297,2,0
40,9,1
32,6,1
25,1,1
32,5,1
28,2,1
31,3,1
44,16,1
-294,24,0
28,2,1
25,1,1
38,7,1
47,15,1
40,16,1
43,13,1
42,23,1
24,2,1
29,5,1
33,5,1
37,5,1
44,25,1
31,3,1
36,8,1
40,11,1
28,2,1
37,5,1
-302,2,0
25,1,1
49,25,1
37,8,1
33,5,1
43,20,1
37,8,1
24,2,1
25,1,1
34,4,1
47,20,1
25,1,1
35,11,1
25,1,1
43,13,1
-297,8,0
25,1,1
61,30,1
-297,11,0
38,20,1
39,14,1
36,11,1
23,2,1
31,6,1
28,2,1
34,12,1
28,2,1
23,2,1
38,11,1
25,1,1
-302,2,0
-305,4,0
40,10,1
32,5,1
38,7,1
33,5,1
26,4,1
30,4,1
47,46,1
37,11,1
31,3,1
25,1,1
30,4,1
47,11,1
38,7,1
38,7,1
-283,8,0
25,1,1
30,7,1
32,5,1
50,15,1
53,28,1
32,11,1
25,1,1
41,14,1
28,2,1
25,4,1
-286,7,0
-300,1,0
38,7,1
41,12,1
31,3,1
40,6,1
43,19,1
-301,2,0
25,1,1
25,1,1
41,8,1
25,1,1
43,13,1
37,5,1
42,16,1
-296,11,0
36,11,1
23,2,1
39,13,1
24,2,1
38,8,1
29,4,1
31,3,1
25,1,1
40,31,1
34,4,1
-300,1,0
25,1,1
46,14,1
31,3,1
55,37,1
-301,7,0
54,20,1
48,36,1
42,12,1
25,1,1
31,3,1
-300,1,0
65,52,1
-300,1,0
-293,13,0
25,1,1
41,14,1
28,2,1
23,2,1
50,43,1
46,30,1
45,9,1
31,14,1
28,5,1
33,8,1
40,12,1
28,2,1
36,8,1
32,5,1
34,14,1
-300,1,0
37,9,1
39,13,1
25,1,1
28,2,1
36,6,1
33,5,1
32,5,1
35,7,1
34,7,1
-282,11,0
25,1,1
-302,6,0
-269,40,0
-299,23,0
38,14,1
25,1,1
25,1,1
35,11,1
-297,2,0
57,38,1
24,2,1
33,12,1
25,1,1
44,16,1
32,12,1
34,4,1
25,1,1
35,12,1
39,7,1
28,2,1
31,3,1
49,25,1
25,1,1
34,7,1
28,2,1
36,6,1
33,8,1
32,6,1
27,5,1
-297,7,0
25,1,1
31,3,1
36,6,1
-300,1,0
33,5,1
25,1,1
52,40,1
25,1,1
24,2,1
32,6,1
34,11,1
30,9,1
25,1,1
30,4,1
40,9,1
30,7,1
25,1,1
36,9,1
30,4,1
41,12,1
58,36,1
34,4,1
54,36,1
37,8,1
50,22,1
-300,1,0
25,1,1
35,7,1
31,9,1
53,35,1
35,7,1
-291,13,0
49,16,1
29,4,1
-302,2,0
47,13,1
25,1,1
35,6,1
46,14,1
35,6,1
31,3,1
25,1,1
39,9,1
28,2,1
27,6,1
25,1,1
35,9,1
34,7,1
31,3,1
28,2,1
25,1,1
54,25,1
25,1,1
23,2,1
60,53,1
30,6,1
33,5,1
53,22,1
25,1,1
-297,2,0
39,7,1
49,20,1
34,4,1
40,23,1
-284,9,0
25,1,1
34,15,1
36,6,1
48,12,1
41,17,1
31,3,1
28,2,1
25,1,1
-302,2,0
-283,13,0
25,1,1
35,7,1
28,2,1
29,4,1
23,2,1
31,3,1
-293,9,0
42,21,1
34,4,1
28,2,1
33,8,1
25,1,1
34,8,1
31,3,1
40,9,1
-300,1,0
-283,12,0
33,5,1
36,6,1
33,5,1
36,6,1
34,10,1
-285,14,0
25,1,1
26,4,1
35,9,1
38,7,1
45,11,1
31,3,1
25,1,1
25,1,1
25,1,1
25,1,1
43,13,1
34,4,1
36,6,1
25,1,1
27,3,1
28,2,1
34,4,1
25,1,1
-297,5,0
-282,17,0
25,1,1
25,1,1
-293,12,0
34,7,1
-300,1,0
51,39,1
50,14,1
28,2,1
35,10,1
34,4,1
25,1,1
37,10,1
24,2,1
42,11,1
31,6,1
-302,3,0
36,17,1
64,33,1
38,10,1
25,1,1
-274,42,0
-249,110,0
25,1,1
49,19,1
25,1,1
23,2,1
23,2,1
34,4,1
25,1,1
40,16,1
31,3,1
53,16,1
30,6,1
25,1,1
37,5,1
38,7,1
61,49,1
28,5,1
53,13,1
25,1,1
39,10,1
28,2,1
34,7,1
22,29,1
-300,1,0
41,12,1
43,15,1
23,2,1
59,34,1
24,2,1
44,13,1
25,1,1
-297,2,0
33,11,1
-297,5,0
32,5,1
31,3,1
-298,3,0
51,11,1
63,22,1
28,2,1
29,4,1
32,6,1
31,9,1
35,7,1
25,1,1
35,14,1
32,11,1
33,7,1
-296,4,0
46,15,1
31,3,1
-256,49,0
28,2,1
30,4,1
26,3,1
29,4,1
30,28,1
40,9,1
25,1,1
36,6,1
51,22,1
25,1,1
25,1,1
25,1,1
25,1,1
37,5,1
41,15,1
43,7,1
-296,5,0
56,26,1
36,12,1
36,12,1
42,11,1
57,61,1
49,33,1
25,1,1
36,6,1
31,3,1
25,1,1
35,7,1
34,4,1
37,5,1
45,22,1
28,2,1
31,3,1
29,4,1
-285,14,0
42,11,1
25,1,1
23,2,1
39,7,1
31,3,1
48,13,1
28,2,1
25,1,1
42,8,1
39,9,1
25,1,1
33,5,1
51,22,1
34,4,1
41,16,1
39,12,1
45,20,1
58,19,1
36,6,1
-300,20,0
25,1,1
23,3,1
28,2,1
-301,2,0
30,4,1
25,1,1
27,6,1
30,7,1
52,18,1
34,4,1
42,23,1
29,8,1
32,15,1
31,3,1
45,20,1
59,33,1
47,10,1
40,9,1
60,37,1
25,1,1
55,34,1
-300,1,0
37,8,1
-297,28,0
41,9,1
36,6,1
31,3,1
25,1,1
25,1,1
35,7,1
29,4,1
25,1,1
-285,20,0
-273,15,0
55,23,1
28,2,1
45,23,1
26,3,1
32,5,1
-297,2,0
40,9,1
34,7,1
25,1,1
28,2,1
38,10,1
25,1,1
25,4,1
52,30,1
-297,2,0
30,4,1
26,3,1
37,15,1
32,6,1
30,4,1
31,18,1
36,14,1
46,12,1
28,2,1
42,18,1
-300,1,0
38,8,1
-287,14,0
25,1,1
34,11,1
31,3,1
40,6,1
35,7,1
38,11,1
25,1,1
31,3,1
28,2,1
28,2,1
32,5,1
35,15,1
25,1,1
40,6,1
34,17,1
25,1,1
25,1,1
31,3,1
37,5,1
32,5,1
36,6,1
34,4,1
31,3,1
36,11,1
-282,33,0
25,1,1
57,23,1
23,2,1
52,23,1
35,7,1
28,2,1
28,2,1
23,2,1
29,4,1
25,1,1
32,8,1
48,21,1
36,6,1
31,12,1
24,2,1
41,11,1
45,13,1
34,4,1
25,1,1
25,1,1
44,28,1
31,3,1
34,7,1
25,1,1
25,1,1
25,1,1
25,1,1
-294,10,0
25,1,1
28,2,1
41,20,1
-296,11,0
31,12,1
28,2,1
29,7,1
47,20,1
-293,5,0
25,1,1
38,8,1
25,1,1
50,22,1
55,41,1
42,11,1
20,4,1
50,12,1
31,3,1
38,7,1
25,1,1
49,22,1
31,3,1
27,3,1
38,7,1
39,10,1
38,8,1
41,14,1
49,20,1
39,7,1
-282,7,0
-284,24,0
24,2,1
34,4,1
38,11,1
28,2,1
32,5,1
52,17,1
28,2,1
28,2,1
41,15,1
30,4,1
25,1,1
35,15,1
48,10,1
30,4,1
-293,8,0
33,5,1
28,2,1
-296,8,0
45,19,1
45,13,1
34,4,1
28,2,1
42,36,1
41,14,1
34,4,1
45,17,1
25,1,1
35,6,1
28,2,1
25,1,1
30,11,1
30,4,1
36,6,1
28,2,1
33,5,1
36,6,1
42,25,1
34,4,1
36,12,1
47,11,1
31,3,1
-291,4,0
28,2,1
34,4,1
25,1,1
35,9,1
25,1,1
29,4,1
60,33,1
35,9,1
31,3,1
34,4,1
51,23,1
41,14,1
25,1,1
23,2,1
33,18,1
34,4,1
48,20,1
-298,6,0
52,19,1
25,1,1
31,3,1
33,5,1
25,1,1
25,1,1
25,1,1
32,6,1
38,8,1
40,13,1
28,2,1
35,6,1
33,8,1
45,18,1
37,14,1
56,18,1
25,1,1
25,1,1
-287,11,0
-287,17,0
-266,39,0
24,2,1
34,4,1
29,4,1
30,4,1
36,9,1
39,23,1
40,15,1
32,6,1
35,7,1
28,2,1
24,2,1
41,16,1
25,1,1
41,8,1
58,29,1
41,8,1
31,3,1
31,3,1
24,2,1
49,16,1
55,26,1
56,42,1
29,4,1
33,5,1
33,5,1
25,1,1
43,16,1
24,2,1
25,1,1
28,5,1
-297,2,0
38,11,1
28,2,1
25,1,1
49,19,1
-297,2,0
32,10,1
25,1,1
32,55,1
34,4,1
47,14,1
44,31,1
39,11,1
32,5,1
25,1,1
39,15,1
25,1,1
30,10,1
28,2,1
38,15,1
33,23,1
34,4,1
-302,2,0
42,15,1
32,6,1
33,7,1
36,9,1
45,30,1
26,4,1
31,3,1
28,7,1
41,11,1
40,12,1
-303,3,0
30,4,1
36,6,1
37,5,1
30,4,1
28,2,1
39,10,1
28,2,1
40,6,1
36,6,1
-290,13,0
43,10,1
-304,4,0
48,15,1
63,39,1
34,4,1
32,5,1
26,15,1
31,3,1
-299,4,0
34,4,1
25,1,1
25,1,1
40,15,1
25,1,1
28,5,1
-301,2,0
33,16,1
28,2,1
39,41,1
34,7,1
48,22,1
38,14,1
41,9,1
34,9,1
48,36,1
38,13,1
65,31,1
26,7,1
-297,2,0
23,2,1
34,4,1
-297,2,0
32,5,1
31,3,1
25,1,1
-301,2,0
25,1,1
25,1,1
30,4,1
-250,44,0
81,60,1
53,13,1
43,10,1
25,1,1
48,23,1
20,11,1
-289,15,0
28,2,1
25,1,1
-300,1,0
25,1,1
28,2,1
40,9,1
31,3,1
-302,2,0
28,2,1
42,31,1
26,3,1
25,1,1
28,2,1
28,2,1
-281,10,0
24,2,1
50,18,1
31,3,1
39,7,1
-296,5,0
34,4,1
31,3,1
31,3,1
25,1,1
36,6,1
27,3,1
41,8,1
34,4,1
24,2,1
-300,1,0
24,2,1
-300,1,0
52,33,1
28,2,1
34,4,1
35,6,1
36,8,1
31,3,1
28,2,1
46,15,1
41,13,1
34,4,1
-299,3,0
43,17,1
-303,5,0
34,4,1
31,3,1
59,27,1
25,1,1
40,9,1
29,4,1
25,1,1
40,9,1
34,16,1
31,3,1
42,12,1
43,13,1
60,34,1
25,1,1
28,2,1
25,1,1
-300,1,0
39,10,1
42,11,1
25,1,1
35,6,1
35,7,1
25,1,1
28,2,1
30,4,1
-295,6,0
28,10,1
25,1,1
27,5,1
33,5,1
32,5,1
25,1,1
40,17,1
34,10,1
52,17,1
29,4,1
-299,3,0
25,1,1
25,1,1
-302,5,0
39,7,1
31,3,1
46,11,1
37,10,1
31,3,1
31,12,1
25,1,1
30,4,1
28,2,1
37,9,1
28,5,1
25,1,1
46,25,1
24,2,1
25,1,1
38,10,1
29,4,1
36,8,1
44,13,1
34,7,1
47,18,1
28,2,1
56,19,1
35,6,1
28,2,1
-300,1,0
37,5,1
32,8,1
-294,3,0
28,2,1
25,1,1
28,2,1
74,49,1
-305,6,0
-303,12,0
40,13,1
25,1,1
28,2,1
58,39,1
46,18,1
25,1,1
45,13,1
42,16,1
31,3,1
36,6,1
46,25,1
-281,13,0
24,21,1
49,18,1
51,26,1
-291,4,0
-298,8,0
28,2,1
32,5,1
28,2,1
40,52,1
-299,9,0
34,4,1
34,7,1
28,2,1
25,1,1
25,1,1
49,20,1
34,7,1
28,2,1
25,1,1
60,31,1
23,2,1
40,6,1
31,3,1
37,5,1
25,1,1
-300,1,0
-286,24,0
25,1,1
-297,5,0
31,8,1
28,2,1
31,3,1
25,1,1
25,1,1
43,19,1
-296,18,0
25,1,1
53,37,1
38,11,1
28,2,1
34,4,1
47,44,1
-299,3,0
25,1,1
33,5,1
40,12,1
31,3,1
-304,3,0
25,1,1
31,3,1
24,2,1
48,35,1
43,10,1
32,5,1
40,9,1
23,2,1
37,5,1
41,11,1
50,12,1
31,3,1
46,20,1
23,2,1
33,5,1
38,7,1
43,10,1
32,5,1
28,2,1
31,3,1
49,13,1
30,6,1
34,13,1
32,5,1
27,3,1
45,18,1
25,1,1
30,4,1
37,8,1
-286,15,0
39,7,1
30,4,1
28,2,1
33,5,1
25,1,1
49,22,1
25,1,1
37,5,1
54,35,1
24,2,1
49,16,1
25,1,1
-278,33,0
28,2,1
33,5,1
48,26,1
25,1,1
31,6,1
35,6,1
39,7,1
34,4,1
37,5,1
37,8,1
25,1,1
23,2,1
33,5,1
25,1,1
45,12,1
-284,14,0
24,2,1
44,9,1
25,1,1
37,18,1
24,2,1
34,4,1
28,2,1
-290,13,0
42,11,1
31,3,1
45,11,1
28,2,1
39,7,1
25,1,1
39,7,1
43,16,1
28,2,1
28,2,1
44,22,1
28,2,1
25,1,1
23,2,1
31,3,1
34,4,1
-309,14,0
31,3,1
28,2,1
-297,2,0
34,7,1
28,2,1
66,31,1
31,6,1
25,1,1
-298,6,0
-293,9,0
37,9,1
-302,7,0
23,2,1
25,1,1
30,6,1
-300,1,0
37,5,1
-281,13,0
23,2,1
-293,5,0
42,11,1
28,5,1
-298,5,0
23,2,1
33,5,1
35,6,1
36,6,1
34,7,1
24,2,1
-300,1,0
33,8,1
26,3,1
38,15,1
51,22,1
25,1,1
57,35,1
43,13,1
31,3,1
38,11,1
-285,46,0
60,26,1
41,11,1
41,11,1
25,1,1
39,7,1
28,2,1
38,8,1
33,5,1
27,6,1
34,4,1
49,32,1
35,10,1
31,3,1
25,1,1
40,15,1
34,4,1
37,9,1
25,1,1
41,12,1
41,9,1
24,2,1
-298,6,0
37,5,1
-305,7,0
31,18,1
28,2,1
41,8,1
41,17,1
28,2,1
42,11,1
37,5,1
25,1,1
34,7,1
39,7,1
24,6,1
33,8,1
34,4,1
27,3,1
-293,8,0
33,5,1
31,3,1
40,26,1
31,3,1
25,1,1
36,6,1
30,4,1
42,19,1
37,8,1
-294,3,0
33,5,1
39,13,1
25,1,1
36,8,1
31,3,1
50,33,1
24,2,1
37,8,1
42,14,1
31,3,1
38,7,1
35,17,1
37,5,1
40,12,1
35,6,1
25,1,1
37,5,1
34,9,1
31,3,1
-289,23,0
27,3,1
24,2,1
34,4,1
31,6,1
50,12,1
34,14,1
-292,14,0
33,5,1
25,1,1
32,8,1
-287,13,0
51,30,1
34,4,1
28,2,1
37,5,1
23,2,1
25,1,1
25,1,1
28,2,1
31,3,1
32,5,1
28,2,1
25,4,1
63,71,1
25,1,1
45,15,1
34,4,1
25,4,1
36,6,1
25,1,1
58,26,1
37,5,1
47,14,1
40,19,1
35,7,1
34,7,1
31,3,1
37,8,1
46,11,1
34,4,1
43,19,1
37,9,1
-300,4,0
25,1,1
31,3,1
44,15,1
-300,1,0
58,26,1
33,5,1
24,2,1
46,12,1
49,21,1
35,6,1
26,3,1
34,4,1
33,7,1
52,25,1
23,2,1
39,10,1
39,7,1
28,2,1
25,1,1
25,1,1
47,25,1
39,11,1
-295,21,0
31,3,1
69,46,1
28,2,1
23,2,1
42,14,1
31,3,1
53,20,1
42,11,1
34,7,1
27,6,1
28,2,1
41,9,1
23,2,1
27,3,1
-300,1,0
46,12,1
28,2,1
34,8,1
25,1,1
51,28,1
31,3,1
24,4,1
41,8,1
25,1,1
34,14,1
40,11,1
37,5,1
25,1,1
-297,2,0
32,5,1
-304,7,0
25,1,1
-284,12,0
24,2,1
25,1,1
25,1,1
-300,1,0
25,1,1
-299,20,0
31,3,1
31,3,1
28,2,1
31,3,1
49,13,1
25,1,1
25,1,1
28,2,1
46,25,1
40,6,1
39,7,1
39,7,1
31,3,1
31,6,1
34,13,1
46,23,1
25,1,1
33,18,1
40,17,1
47,28,1
34,4,1
23,3,1
38,7,1
23,2,1
25,1,1
31,3,1
-305,4,0
38,13,1
25,1,1
36,11,1
58,46,1
52,25,1
41,12,1
27,5,1
39,7,1
25,1,1
40,9,1
25,4,1
37,5,1
45,22,1
33,5,1
-276,28,0
31,3,1
25,1,1
44,16,1
35,7,1
43,7,1
25,1,1
32,5,1
39,22,1
34,7,1
28,2,1
27,3,1
34,4,1
32,12,1
34,4,1
52,28,1
-292,14,0
-294,9,0
25,1,1
39,7,1
28,2,1
25,1,1
35,10,1
34,4,1
48,17,1
31,6,1
31,6,1
25,1,1
33,7,1
25,1,1
42,11,1
34,10,1
-299,14,0
47,11,1
24,2,1
25,1,1
-307,5,0
54,20,1
-296,8,0
25,1,1
45,12,1
25,1,1
43,11,1
33,7,1
33,5,1
31,10,1
-300,1,0
27,3,1
35,6,1
34,4,1
42,11,1
44,13,1
-278,21,0
42,11,1
28,8,1
28,2,1
25,1,1
34,4,1
50,20,1
26,4,1
25,1,1
40,6,1
31,3,1
31,3,1
44,9,1
27,3,1
34,4,1
-299,3,0
33,5,1
33,8,1
-303,5,0
33,8,1
44,15,1
-300,1,0
25,1,1
-308,6,0
36,6,1
39,10,1
49,19,1
33,22,1
53,26,1
25,1,1
37,5,1
33,5,1
31,3,1
34,4,1
30,4,1
28,2,1
31,3,1
-298,3,0
33,5,1
24,4,1
50,31,1
25,1,1
-293,17,0
26,3,1
28,2,1
34,4,1
-291,7,0
25,1,1
34,4,1
25,1,1
23,8,1
44,9,1
-305,4,0
25,1,1
56,21,1
51,11,1
40,13,1
36,6,1
46,20,1
25,1,1
24,2,1
37,11,1
30,9,1
37,11,1
49,12,1
33,5,1
32,5,1
25,1,1
28,2,1
29,4,1
31,6,1
28,2,1
23,2,1
31,3,1
47,14,1
45,15,1
36,14,1
-288,21,0
-289,6,0
43,7,1
30,6,1
-297,36,0
38,10,1
35,19,1
40,6,1
28,2,1
25,1,1
-296,5,0
47,14,1
31,21,1
29,7,1
23,2,1
42,8,1
-283,24,0
34,4,1
34,4,1
25,1,1
29,4,1
28,2,1
25,1,1
-290,16,0
-303,4,0
28,2,1
88,55,1
45,14,1
33,7,1
27,9,1
43,7,1
28,2,1
25,1,1
28,2,1
69,37,1
25,1,1
25,1,1
33,5,1
34,4,1
25,1,1
69,50,1
38,14,1
40,10,1
39,7,1
24,2,1
28,2,1
37,38,1
-294,12,0
-302,2,0
43,28,1
31,3,1
43,14,1
-300,1,0
44,14,1
31,3,1
-297,7,0
33,5,1
29,5,1
31,3,1
31,11,1
34,15,1
32,5,1
25,1,1
28,8,1
34,7,1
44,13,1
37,8,1
41,9,1
30,4,1
57,27,1
35,9,1
25,1,1
27,3,1
28,2,1
25,1,1
38,7,1
34,4,1
31,3,1
31,11,1
55,30,1
32,5,1
38,10,1
34,4,1
27,10,1
25,1,1
25,1,1
25,1,1
25,1,1
36,6,1
41,18,1
32,5,1
-275,52,0
28,2,1
28,2,1
35,7,1
25,1,1
43,7,1
40,13,1
-300,1,0
39,7,1
34,4,1
43,16,1
31,3,1
28,2,1
32,6,1
31,3,1
-294,7,0
28,2,1
53,26,1
40,10,1
-297,2,0
25,1,1
28,2,1
28,2,1
29,13,1
-302,2,0
23,2,1
35,7,1
34,4,1
43,11,1
62,34,1
23,2,1
31,16,1
25,1,1
42,14,1
25,1,1
25,1,1
23,2,1
52,24,1
38,11,1
35,13,1
24,2,1
-300,1,0
29,9,1
31,3,1
26,10,1
43,11,1
36,6,1
89,57,1
-300,1,0
25,1,1
52,13,1
40,24,1
31,3,1
25,1,1
29,4,1
25,1,1
32,5,1
-291,28,0
25,1,1
54,22,1
25,1,1
31,3,1
37,8,1
43,10,1
25,1,1
38,11,1
-292,8,0
46,17,1
35,17,1
37,9,1
29,5,1
34,4,1
49,30,1
25,1,1
28,2,1
55,44,1
31,3,1
47,19,1
21,3,1
29,4,1
35,6,1
40,6,1
31,3,1
37,13,1
36,6,1
43,7,1
35,6,1
25,1,1
37,9,1
25,1,1
31,3,1
25,1,1
57,33,1
25,1,1
42,28,1
31,3,1
39,13,1
28,2,1
-301,4,0
43,7,1
28,2,1
32,5,1
47,16,1
28,2,1
33,5,1
-294,13,0
31,9,1
41,11,1
49,16,1
-301,2,0
40,6,1
44,17,1
35,6,1
25,1,1
30,6,1
38,7,1
-286,10,0
33,5,1
-300,1,0
31,3,1
62,19,1
-280,34,0
31,3,1
35,6,1
25,1,1
40,6,1
34,4,1
37,5,1
25,1,1
29,5,1
34,4,1
29,5,1
42,10,1
39,10,1
34,4,1
-291,7,0
45,9,1
48,14,1
32,8,1
23,2,1
35,7,1
57,33,1
25,4,1
42,11,1
24,2,1
43,32,1
34,4,1
62,42,1
25,1,1
25,1,1
39,10,1
35,13,1
25,1,1
47,23,1
38,13,1
25,1,1
55,23,1
37,11,1
48,10,1
42,10,1
-293,12,0
31,3,1
25,1,1
28,2,1
51,20,1
41,9,1
28,7,1
-302,2,0
28,8,1
42,31,1
23,2,1
31,3,1
28,2,1
31,3,1
59,30,1
25,1,1
25,1,1
25,1,1
34,4,1
-300,1,0
33,8,1
45,22,1
25,1,1
45,17,1
-295,4,0
28,2,1
26,3,1
-296,5,0
53,17,1
28,2,1
25,1,1
34,4,1
55,32,1
61,29,1
41,9,1
-295,4,0
29,11,1
25,1,1
38,19,1
34,4,1
25,1,1
34,4,1
-295,4,0
27,3,1
28,2,1
-297,2,0
-300,1,0
28,2,1
30,4,1
37,8,1
22,3,1
34,4,1
25,1,1
38,8,1
25,1,1
26,4,1
65,59,1
-295,6,0
44,12,1
24,2,1
-297,2,0
55,18,1
25,1,1
32,5,1
-297,11,0
33,7,1
-303,3,0
39,7,1
-301,11,0
25,1,1
40,9,1
40,6,1
29,4,1
28,2,1
41,11,1
31,3,1
46,22,1
42,8,1
34,4,1
-290,6,0
31,6,1
29,4,1
46,11,1
41,8,1
52,13,1
39,19,1
25,1,1
24,4,1
-293,5,0
34,4,1
25,1,1
23,2,1
31,3,1
38,7,1
35,12,1
34,4,1
43,24,1
32,5,1
44,18,1
31,10,1
49,15,1
37,8,1
25,1,1
36,9,1
25,1,1
34,4,1
41,8,1
41,9,1
25,1,1
50,24,1
-276,34,0
28,2,1
25,1,1
34,4,1
36,9,1
25,1,1
34,4,1
25,4,1
45,12,1
42,12,1
24,2,1
37,11,1
35,19,1
31,6,1
28,2,1
56,25,1
28,2,1
28,2,1
29,4,1
31,3,1
30,8,1
31,3,1
25,1,1
30,7,1
28,2,1
-276,19,0
-300,1,0
-295,4,0
30,14,1
38,11,1
-300,1,0
28,2,1
33,5,1
31,6,1
38,8,1
25,1,1
31,3,1
23,2,1
-285,14,0
-300,1,0
25,1,1
31,3,1
51,15,1
25,1,1
35,6,1
37,5,1
28,2,1
30,4,1
26,22,1
32,6,1
-300,1,0
44,18,1
38,7,1
56,20,1
41,9,1
30,4,1
28,2,1
31,3,1
25,1,1
31,3,1
42,12,1
38,7,1
38,14,1
30,13,1
25,1,1
33,9,1
50,18,1
44,25,1
52,16,1
28,2,1
52,34,1
24,2,1
23,11,1
49,13,1
25,1,1
-301,11,0
42,8,1
25,1,1
-288,16,0
25,1,1
25,1,1
-270,26,0
32,5,1
31,3,1
31,3,1
38,10,1
28,2,1
28,2,1
35,7,1
31,3,1
25,1,1
28,2,1
39,7,1
28,2,1
-281,19,0
27,15,1
26,4,1
34,4,1
44,13,1
34,4,1
43,14,1
-288,22,0
-300,1,0
48,21,1
29,15,1
28,2,1
30,4,1
34,4,1
42,14,1
47,15,1
-301,4,0
38,8,1
25,1,1
-296,8,0
42,12,1
40,6,1
25,1,1
32,5,1
31,3,1
24,2,1
53,29,1
43,11,1
37,18,1
25,1,1
25,1,1
40,6,1
34,4,1
23,2,1
37,5,1
36,12,1
39,7,1
28,2,1
33,5,1
34,4,1
34,4,1
38,8,1
31,3,1
28,2,1
24,2,1
25,1,1
23,2,1
32,5,1
28,2,1
34,4,1
31,3,1
50,14,1
28,2,1
38,7,1
28,2,1
26,3,1
53,23,1
37,5,1
31,7,1
31,3,1
28,2,1
40,15,1
45,11,1
25,1,1
25,1,1
47,14,1
25,1,1
28,2,1
31,3,1
41,9,1
26,3,1
27,3,1
34,4,1
31,3,1
38,10,1
51,14,1
-297,2,0
56,33,1
46,26,1
36,6,1
34,16,1
41,9,1
33,18,1
45,15,1
39,14,1
-295,7,0
25,1,1
25,1,1
58,24,1
27,13,1
47,18,1
42,10,1
24,2,1
25,1,1
34,4,1
25,1,1
25,1,1
-300,1,0
25,1,1
25,1,1
33,11,1
25,1,1
36,17,1
48,15,1
24,2,1
38,11,1
-296,11,0
30,4,1
37,23,1
31,3,1
47,14,1
24,2,1
23,2,1
25,1,1
23,2,1
30,4,1
29,7,1
31,3,1
33,5,1
37,5,1
30,4,1
56,26,1
48,13,1
37,10,1
-300,1,0
41,9,1
-289,8,0
38,7,1
43,10,1
49,33,1
-297,18,0
-294,8,0
25,1,1
25,1,1
37,10,1
33,5,1
34,4,1
32,6,1
-294,10,0
32,5,1
48,14,1
43,7,1
25,1,1
51,31,1
25,1,1
-300,1,0
33,5,1
38,7,1
25,1,1
32,6,1
33,5,1
-273,29,0
34,4,1
-297,2,0
49,15,1
39,7,1
42,8,1
26,8,1
25,1,1
23,2,1
28,2,1
36,6,1
34,4,1
31,3,1
41,13,1
34,4,1
25,1,1
25,1,1
43,21,1
51,21,1
43,10,1
25,1,1
38,7,1
52,24,1
35,9,1
56,27,1
37,12,1
28,2,1
39,20,1
-305,9,0
45,9,1
25,1,1
-300,1,0
47,11,1
-300,1,0
39,16,1
25,1,1
43,16,1
31,3,1
-284,11,0
48,34,1
25,4,1
30,4,1
40,10,1
40,6,1
56,17,1
70,44,1
25,1,1
25,1,1
45,19,1
25,1,1
-301,2,0
35,6,1
28,2,1
36,9,1
25,1,1
48,14,1
52,26,1
57,28,1
34,4,1
-294,18,0
40,6,1
27,3,1
-297,2,0
27,5,1
34,4,1
31,3,1
28,2,1
41,12,1
51,24,1
40,6,1
36,9,1
48,10,1
25,1,1
41,18,1
52,14,1
36,6,1
36,6,1
25,7,1
-289,6,0
25,1,1
25,1,1
28,2,1
33,5,1
33,8,1
36,6,1
28,2,1
31,3,1
36,8,1
34,4,1
25,1,1
28,2,1
35,9,1
33,5,1
43,16,1
35,7,1
-305,7,0
57,21,1
25,1,1
31,3,1
23,2,1
28,2,1
48,21,1
35,6,1
30,4,1
51,13,1
36,16,1
25,1,1
43,7,1
29,5,1
43,13,1
41,9,1
53,22,1
43,15,1
45,12,1
28,2,1
42,14,1
43,10,1
25,1,1
24,2,1
48,31,1
25,1,1
30,4,1
28,2,1
33,8,1
38,17,1
44,14,1
55,23,1
31,3,1
21,3,1
31,3,1
42,11,1
28,6,1
23,2,1
28,5,1
-294,3,0
45,11,1
39,7,1
28,2,1
28,2,1
50,18,1
-294,15,0
35,6,1
28,2,1
34,4,1
-292,11,0
31,3,1
60,32,1
28,2,1
35,7,1
39,7,1
28,2,1
25,1,1
45,12,1
31,3,1
41,29,1
25,1,1
29,4,1
97,65,1
25,1,1
-297,2,0
31,3,1
31,3,1
35,6,1
25,1,1
34,4,1
23,2,1
44,14,1
29,4,1
28,2,1
23,2,1
38,8,1
46,21,1
38,13,1
37,8,1
41,18,1
28,2,1
31,3,1
25,1,1
23,2,1
28,2,1
41,15,1
25,1,1
34,4,1
28,2,1
31,3,1
31,3,1
36,6,1
34,4,1
44,12,1
28,2,1
23,2,1
37,25,1
50,27,1
38,10,1
32,5,1
-303,3,0
37,5,1
28,2,1
38,12,1
34,12,1
39,13,1
25,1,1
34,4,1
24,2,1
31,3,1
25,1,1
34,4,1
38,7,1
25,1,1
28,2,1
36,6,1
25,1,1
53,24,1
24,2,1
56,25,1
34,4,1
25,1,1
26,3,1
40,10,1
-299,3,0
42,17,1
-305,6,0
-273,40,0
28,2,1
25,1,1
28,2,1
34,4,1
36,6,1
44,13,1
-301,17,0
56,25,1
25,1,1
39,7,1
23,2,1
-300,1,0
31,3,1
25,1,1
33,8,1
31,3,1
25,1,1
42,11,1
44,16,1
46,20,1
-305,11,0
61,36,1
44,9,1
38,7,1
21,8,1
35,10,1
25,1,1
37,5,1
46,12,1
27,5,1
28,2,1
37,5,1
-301,5,0
31,3,1
32,5,1
32,5,1
23,2,1
38,13,1
37,16,1
26,3,1
33,5,1
41,12,1
40,9,1
37,5,1
31,3,1
31,20,1
37,5,1
38,8,1
31,13,1
37,5,1
25,1,1
31,3,1
32,21,1
25,1,1
42,8,1
35,7,1
25,1,1
49,25,1
28,2,1
36,6,1
42,8,1
54,29,1
37,5,1
40,6,1
80,64,1
39,7,1
-276,26,0
31,3,1
37,12,1
31,6,1
35,7,1
61,30,1
30,4,1
26,3,1
36,6,1
36,6,1
43,11,1
25,1,1
27,3,1
25,1,1
-281,19,0
24,2,1
29,7,1
26,4,1
31,6,1
30,4,1
46,8,1
31,3,1
33,5,1
38,23,1
34,4,1
31,3,1
28,2,1
47,19,1
25,1,1
36,6,1
34,10,1
28,2,1
31,3,1
50,22,1
49,16,1
42,8,1
47,14,1
37,8,1
34,4,1
28,2,1
40,16,1
50,18,1
36,8,1
51,20,1
31,3,1
47,19,1
39,9,1
67,40,1
-295,4,0
25,1,1
26,3,1
35,15,1
47,18,1
25,1,1
26,3,1
58,26,1
-295,10,0
-300,4,0
34,10,1
25,1,1
25,1,1
33,5,1
30,4,1
25,1,1
33,10,1
34,4,1
25,1,1
-302,5,0
24,2,1
49,13,1
46,26,1
25,1,1
36,6,1
31,3,1
36,6,1
25,1,1
40,16,1
31,3,1
53,22,1
25,1,1
34,4,1
47,14,1
34,7,1
28,2,1
42,14,1
43,15,1
28,2,1
42,23,1
53,29,1
25,4,1
38,8,1
43,17,1
-299,3,0
65,36,1
31,3,1
52,19,1
44,17,1
35,7,1
28,2,1
40,10,1
25,1,1
37,11,1
-300,1,0
37,14,1
23,2,1
74,61,1
40,12,1
36,6,1
25,1,1
31,3,1
34,14,1
25,1,1
31,3,1
25,1,1
30,4,1
25,1,1
25,1,1
51,20,1
33,5,1
25,1,1
31,6,1
42,10,1
25,1,1
34,7,1
42,15,1
44,17,1
33,7,1
-304,3,0
51,27,1
50,15,1
42,11,1
28,2,1
28,5,1
25,1,1
25,1,1
47,19,1
-300,1,0
26,3,1
25,4,1
34,4,1
28,2,1
48,10,1
-300,1,0
50,22,1
25,1,1
43,30,1
34,8,1
34,20,1
39,25,1
25,1,1
-297,2,0
30,7,1
31,3,1
40,6,1
28,5,1
25,1,1
25,1,1
49,20,1
40,6,1
31,3,1
31,3,1
25,1,1
33,7,1
31,3,1
