25,1,1
-234,83,0
-284,33,0
-298,3,0
76,62,1
-297,30,0
-298,7,0
-243,96,0
-288,37,0
246,256,1
197,205,1
-234,111,0
25,1,1
-254,63,0
27,3,1
-300,1,0
83,63,1
28,2,1
-289,14,0
-282,23,0
-280,21,0
-210,119,0
25,1,1
71,35,1
62,36,1
35,7,1
185,185,1
-290,7,0
39,23,1
-291,8,0
85,69,1
52,18,1
49,13,1
48,10,1
-206,107,0
-248,77,0
-251,48,0
59,31,1
-292,13,0
41,13,1
85,49,1
-208,117,0
-266,23,0
-272,41,0
-262,43,0
-147,236,0
25,1,1
-250,47,0
-258,51,0
24,2,1
32,6,1
-255,52,0
103,99,1
-299,8,0
46,20,1
72,62,1
-251,80,0
100,66,1
-249,58,0
41,21,1
-293,22,0
-280,21,0
-262,63,0
99,87,1
37,9,1
36,10,1
-226,131,0
-255,68,0
-278,43,0
-288,9,0
102,92,1
38,16,1
-291,12,0
-284,25,0
-306,7,0
-275,36,0
62,36,1
-226,83,0
-211,104,0
53,25,1
-301,2,0
120,122,1
176,182,1
39,11,1
-292,9,0
25,1,1
-289,14,0
-302,3,0
29,9,1
25,1,1
40,26,1
31,3,1
78,60,1
117,113,1
-293,18,0
-144,213,0
54,24,1
83,59,1
70,48,1
-232,93,0
-69,310,0
-302,3,0
-291,8,0
-263,88,0
47,51,1
-301,2,0
-295,24,0
-293,14,0
-184,113,0
-303,4,0
24,2,1
-270,47,0
-236,93,0
30,8,1
-264,85,0
45,17,1
-257,42,0
-296,9,0
-300,1,0
41,17,1
-302,3,0
-291,8,0
52,26,1
69,37,1
-233,66,0
25,1,1
-247,72,0
55,35,1
-273,14,0
28,6,1
-283,12,0
-221,130,0
-290,15,0
52,22,1
-282,23,0
124,114,1
122,116,1
-238,83,0
28,2,1
32,6,1
-295,8,0
59,19,1
-293,6,0
41,13,1
40,10,1
54,40,1
-249,78,0
-288,9,0
124,142,1
72,38,1
-242,67,0
153,161,1
-288,21,0
28,2,1
-295,4,0
25,1,1
-273,30,0
-233,78,0
-294,3,0
153,137,1
28,2,1
31,3,1
83,91,1
-259,52,0
-290,7,0
-263,36,0
25,1,1
89,77,1
38,12,1
82,48,1
-300,1,0
-237,78,0
-235,68,0
97,93,1
-263,52,0
73,53,1
49,21,1
28,2,1
-286,19,0
44,14,1
-292,9,0
-284,33,0
76,54,1
113,101,1
-288,9,0
-257,54,0
-244,89,0
98,80,1
37,13,1
24,2,1
73,49,1
-300,1,0
82,64,1
108,86,1
-249,62,0
25,1,1
-298,7,0
-256,49,0
76,50,1
25,1,1
-301,2,0
62,48,1
-297,6,0
106,88,1
-261,58,0
-285,10,0
-205,114,0
-241,62,0
25,1,1
25,1,1
-217,94,0
64,34,1
-238,71,0
44,30,1
-268,33,0
89,53,1
-280,17,0
-260,37,0
-254,43,0
-216,109,0
178,184,1
-237,74,0
-253,42,0
48,18,1
100,74,1
-296,9,0
-285,18,0
73,57,1
26,4,1
49,21,1
52,22,1
-302,3,0
-268,45,0
-292,9,0
48,50,1
-166,167,0
-285,22,0
36,10,1
-275,24,0
-295,4,0
27,3,1
-307,12,0
-278,27,0
-292,13,0
-294,7,0
-271,28,0
55,23,1
29,5,1
-283,16,0
-305,10,0
64,30,1
-282,15,0
-272,45,0
-257,42,0
25,1,1
-292,9,0
33,5,1
-279,44,0
66,40,1
323,347,1
27,3,1
90,64,1
-276,41,0
-261,50,0
-291,8,0
-195,136,0
-273,30,0
-300,1,0
69,49,1
-295,4,0
-299,12,0
-299,4,0
79,51,1
-291,8,0
-231,68,0
49,17,1
89,65,1
-266,51,0
-301,6,0
-260,49,0
-279,20,0
69,53,1
-297,6,0
-284,37,0
-269,34,0
-276,33,0
-233,62,0
-291,8,0
25,1,1
-277,34,0
-280,37,0
-292,9,0
-268,49,0
78,96,1
28,2,1
-298,7,0
-270,47,0
25,1,1
41,9,1
25,1,1
25,1,1
25,1,1
31,11,1
33,5,1
-208,129,0
43,23,1
215,263,1
-300,1,0
-300,1,0
-127,228,0
30,8,1
-160,209,0
-298,23,0
25,1,1
-280,13,0
30,4,1
-209,94,0
-281,22,0
105,69,1
-252,53,0
-296,13,0
-192,149,0
24,2,1
-250,43,0
-300,1,0
43,7,1
49,13,1
25,1,1
-276,17,0
44,18,1
-192,149,0
-281,46,0
-262,31,0
48,22,1
66,44,1
90,68,1
-266,75,0
115,95,1
-289,10,0
78,72,1
168,150,1
-296,5,0
-291,12,0
-272,49,0
-232,89,0
-264,61,0
-247,56,0
25,1,1
-274,27,0
26,8,1
-293,14,0
-299,4,0
32,6,1
47,31,1
-220,109,0
62,28,1
41,17,1
-298,3,0
-278,23,0
33,5,1
-294,3,0
-280,25,0
-307,12,0
87,63,1
-284,17,0
-297,10,0
-297,2,0
-188,165,0
-296,5,0
-286,19,0
-202,103,0
60,22,1
-300,9,0
-257,58,0
66,72,1
25,1,1
-300,5,0
76,58,1
-281,18,0
55,31,1
31,3,1
-297,6,0
-262,39,0
31,7,1
-257,66,0
47,11,1
-297,2,0
-288,21,0
-259,56,0
-249,90,0
210,204,1
-300,9,0
32,6,1
-286,15,0
25,1,1
25,1,1
-154,195,0
-248,57,0
103,131,1
33,5,1
-204,121,0
-286,11,0
39,19,1
-305,10,0
-274,43,0
-283,16,0
64,34,1
-283,24,0
-300,1,0
59,43,1
86,68,1
26,4,1
38,8,1
-274,27,0
-276,29,0
-301,6,0
-225,98,0
-291,12,0
-273,18,0
-186,147,0
77,45,1
76,66,1
-218,103,0
167,171,1
49,33,1
-273,22,0
33,5,1
-279,24,0
-297,2,0
-289,42,0
-281,38,0
-274,35,0
-297,6,0
28,2,1
25,1,1
37,5,1
95,99,1
32,6,1
53,25,1
-303,4,0
-271,56,0
-208,109,0
-202,103,0
-297,2,0
104,82,1
-276,33,0
25,1,1
-286,23,0
-284,17,0
39,11,1
81,53,1
31,15,1
-271,36,0
-283,16,0
47,15,1
-283,16,0
-255,60,0
-296,5,0
37,5,1
-265,42,0
-300,1,0
-257,30,0
-301,2,0
50,24,1
13,25,1
-257,74,0
-224,93,0
-291,16,0
24,2,1
-302,3,0
36,6,1
55,31,1
219,243,1
-110,235,0
85,73,1
-289,10,0
-260,65,0
-169,158,0
42,24,1
-297,2,0
47,15,1
89,53,1
-302,3,0
25,1,1
25,1,1
25,1,1
-301,2,0
-290,11,0
-257,54,0
-292,17,0
-299,4,0
38,12,1
27,3,1
-200,137,0
-296,9,0
-282,47,0
29,5,1
-276,41,0
44,14,1
22,4,1
-268,37,0
46,28,1
65,53,1
-218,99,0
-275,52,0
-297,2,0
45,17,1
29,5,1
51,35,1
30,4,1
98,72,1
30,4,1
-293,14,0
-228,161,0
63,23,1
-298,3,0
-273,42,0
45,29,1
-286,11,0
-277,18,0
-296,9,0
87,83,1
-278,19,0
33,13,1
31,3,1
50,24,1
25,1,1
24,2,1
-288,25,0
-302,11,0
-272,37,0
40,10,1
76,50,1
93,89,1
44,18,1
72,26,1
-296,9,0
53,37,1
-301,6,0
-295,4,0
-293,10,0
-296,5,0
-294,7,0
25,1,1
-172,225,0
58,28,1
-287,12,0
52,50,1
-208,105,0
-292,13,0
-283,12,0
-299,12,0
-214,99,0
-300,1,0
78,44,1
115,87,1
-270,31,0
28,6,1
43,23,1
25,1,1
83,127,1
123,103,1
-221,94,0
45,17,1
24,2,1
-290,15,0
-294,11,0
-283,24,0
36,6,1
-299,8,0
-300,1,0
-298,3,0
65,33,1
34,8,1
36,6,1
79,71,1
-243,68,0
-283,12,0
-294,3,0
-272,53,0
-300,1,0
-233,94,0
-286,19,0
109,93,1
-227,96,0
-281,42,0
-257,46,0
-298,3,0
-252,37,0
-252,37,0
-233,78,0
-280,25,0
-269,18,0
-296,5,0
-300,1,0
-296,5,0
61,45,1
35,11,1
-282,31,0
-219,104,0
-295,8,0
-234,75,0
103,55,1
-302,7,0
-301,14,0
-226,75,0
-238,103,0
-182,167,0
-280,29,0
81,61,1
46,28,1
-268,37,0
-273,54,0
38,8,1
40,14,1
54,20,1
-292,13,0
-253,70,0
-280,25,0
-269,22,0
124,118,1
47,19,1
-269,86,0
-291,16,0
-170,167,0
-293,6,0
-241,86,0
-297,2,0
-293,22,0
-223,68,0
-276,37,0
-301,2,0
-283,12,0
-295,4,0
86,56,1
28,2,1
-305,6,0
34,12,1
-272,29,0
78,52,1
-281,34,0
-264,37,0
108,94,1
25,1,1
-284,25,0
38,8,1
55,31,1
38,8,1
80,46,1
24,2,1
-278,23,0
68,30,1
31,3,1
-298,3,0
-197,146,0
-207,120,0
-295,4,0
-192,137,0
-285,18,0
66,36,1
28,2,1
-213,118,0
-278,35,0
-281,26,0
-253,50,0
24,2,1
54,20,1
35,7,1
-264,41,0
25,1,1
-297,2,0
-266,39,0
-220,125,0
40,10,1
106,76,1
34,16,1
-251,72,0
26,4,1
-302,3,0
25,1,1
-297,2,0
24,2,1
-281,22,0
25,1,1
-250,43,0
31,7,1
-277,14,0
42,16,1
46,20,1
-270,39,0
34,8,1
42,12,1
28,2,1
27,3,1
-271,28,0
-278,23,0
-222,103,0
139,123,1
-258,39,0
-300,1,0
-285,14,0
42,12,1
-272,29,0
103,111,1
123,95,1
-247,60,0
34,8,1
25,1,1
-302,7,0
-215,108,0
-249,58,0
-294,19,0
-289,14,0
55,47,1
38,20,1
47,27,1
157,165,1
-279,28,0
-296,5,0
-294,7,0
23,3,1
-284,17,0
-244,89,0
25,1,1
25,1,1
-251,68,0
25,1,1
71,35,1
-263,68,0
-275,36,0
-279,36,0
-292,37,0
61,41,1
55,35,1
-254,67,0
-295,4,0
122,132,1
-189,178,0
36,10,1
-253,42,0
-166,203,0
30,4,1
-189,150,0
-301,2,0
-217,78,0
-287,20,0
-300,1,0
-241,62,0
-284,13,0
-288,13,0
-281,10,0
-207,124,0
28,2,1
46,16,1
44,10,1
-270,35,0
-304,5,0
-301,2,0
35,7,1
63,39,1
-281,30,0
38,12,1
34,8,1
-286,11,0
-249,54,0
-270,31,0
46,24,1
-230,83,0
25,1,1
30,4,1
-285,30,0
-273,62,0
-282,11,0
117,101,1
-252,49,0
58,40,1
25,1,1
-264,53,0
37,13,1
-283,20,0
-228,89,0
25,1,1
-298,7,0
98,60,1
-278,31,0
-194,143,0
44,30,1
26,16,1
35,7,1
66,32,1
-299,4,0
34,8,1
-297,22,0
25,1,1
57,33,1
68,34,1
31,3,1
-296,9,0
-230,87,0
-289,22,0
36,10,1
43,19,1
-294,15,0
47,15,1
33,5,1
-296,13,0
25,1,1
58,36,1
-296,5,0
-294,23,0
-283,16,0
-303,4,0
-257,66,0
-216,117,0
60,46,1
-303,8,0
-285,14,0
24,2,1
-299,4,0
112,110,1
-277,62,0
25,1,1
25,1,1
-138,211,0
-278,23,0
-295,8,0
-289,10,0
48,22,1
-280,21,0
47,11,1
24,2,1
86,56,1
-249,58,0
-301,2,0
89,81,1
-297,14,0
28,6,1
-258,39,0
32,6,1
-230,91,0
-289,18,0
112,78,1
-293,6,0
156,154,1
-265,42,0
57,45,1
107,95,1
49,29,1
62,36,1
48,18,1
32,14,1
43,15,1
34,8,1
-297,2,0
-296,13,0
36,10,1
-298,3,0
25,1,1
-271,24,0
35,11,1
-290,7,0
29,13,1
-287,12,0
31,3,1
-212,129,0
-220,109,0
-260,41,0
31,7,1
-261,30,0
-151,212,0
-273,58,0
-299,12,0
-166,183,0
-300,5,0
72,54,1
-296,9,0
-161,170,0
-300,1,0
-277,22,0
39,7,1
30,4,1
145,157,1
-287,16,0
-295,20,0
-302,3,0
-134,199,0
-287,16,0
27,3,1
37,17,1
28,2,1
37,5,1
-295,8,0
-259,52,0
28,2,1
-282,15,0
27,3,1
-266,35,0
91,59,1
34,8,1
-302,3,0
-275,24,0
64,70,1
-292,33,0
34,20,1
-222,91,0
57,29,1
-245,94,0
25,1,1
-300,1,0
71,35,1
27,3,1
-300,1,0
102,80,1
-247,60,0
46,16,1
-165,150,0
-283,20,0
31,3,1
-281,30,0
-276,21,0
-268,33,0
-165,166,0
33,9,1
-276,17,0
-204,125,0
25,1,1
61,33,1
-276,69,0
24,2,1
-283,20,0
-247,68,0
-300,1,0
55,23,1
25,1,1
-250,67,0
-258,31,0
-299,4,0
28,2,1
133,121,1
-253,62,0
-293,14,0
87,67,1
37,9,1
43,23,1
-207,144,0
-231,96,0
-274,35,0
25,1,1
77,45,1
25,1,1
-272,33,0
30,4,1
71,39,1
-225,94,0
69,53,1
110,96,1
41,25,1
-288,9,0
35,31,1
-301,2,0
25,5,1
25,1,1
35,7,1
-300,1,0
-292,13,0
-301,2,0
25,1,1
-205,162,0
48,22,1
-233,90,0
61,41,1
25,1,1
46,16,1
32,6,1
82,68,1
32,10,1
26,4,1
-296,5,0
147,139,1
42,12,1
-276,25,0
35,7,1
-297,14,0
45,25,1
-261,54,0
-278,31,0
-300,1,0
-276,69,0
35,7,1
-270,39,0
25,1,1
48,14,1
-271,32,0
25,1,1
-194,123,0
-210,107,0
45,25,1
-299,4,0
74,56,1
-282,27,0
25,1,1
-226,87,0
31,3,1
-300,5,0
-300,1,0
-273,30,0
63,35,1
51,23,1
-281,14,0
-220,105,0
-275,20,0
-295,4,0
-282,23,0
-240,81,0
-279,16,0
50,20,1
24,2,1
-298,3,0
-295,4,0
44,14,1
-235,72,0
-303,4,0
-246,79,0
75,47,1
39,15,1
25,1,1
53,21,1
-298,11,0
-264,49,0
120,94,1
34,8,1
-276,41,0
184,178,1
-302,3,0
65,29,1
31,7,1
-286,11,0
-287,16,0
-270,39,0
25,1,1
-199,164,0
-288,37,0
-246,71,0
24,2,1
-203,132,0
-300,1,0
66,52,1
25,1,1
-152,185,0
-298,3,0
33,9,1
24,2,1
-197,118,0
53,29,1
-247,64,0
-261,42,0
63,31,1
27,3,1
-250,67,0
31,3,1
31,3,1
-280,37,0
89,61,1
61,41,1
-300,1,0
34,8,1
-258,59,0
-290,15,0
65,41,1
-284,21,0
36,6,1
-189,130,0
25,1,1
-291,8,0
-246,63,0
-284,13,0
-302,3,0
-163,156,0
44,10,1
-289,14,0
33,5,1
-186,139,0
-283,16,0
39,11,1
-265,58,0
-257,42,0
-243,72,0
25,1,1
-300,1,0
25,1,1
50,32,1
27,3,1
-303,20,0
-301,6,0
25,1,1
-281,30,0
-281,26,0
101,97,1
-303,4,0
-196,105,0
-303,4,0
-193,134,0
-287,24,0
-271,32,0
46,32,1
-294,7,0
25,1,1
-269,26,0
120,126,1
-294,11,0
143,147,1
-298,3,0
-301,2,0
25,1,1
-276,13,0
33,9,1
53,21,1
28,2,1
-148,181,0
-277,34,0
-266,35,0
57,21,1
114,132,1
-291,16,0
-245,78,0
70,44,1
-265,34,0
-275,24,0
94,72,1
-287,12,0
32,6,1
-296,13,0
-297,2,0
-248,61,0
-292,5,0
35,7,1
33,5,1
31,3,1
141,121,1
29,5,1
-235,92,0
51,23,1
55,35,1
48,18,1
35,11,1
34,8,1
58,28,1
-261,46,0
-283,16,0
-299,4,0
30,4,1
-292,9,0
-296,9,0
35,11,1
-276,25,0
-301,14,0
33,5,1
30,4,1
95,83,1
-228,89,0
-252,57,0
49,29,1
38,8,1
-262,39,0
117,101,1
59,51,1
-88,221,0
28,2,1
112,106,1
-212,113,0
-298,3,0
41,9,1
28,2,1
-268,49,0
-193,162,0
-278,31,0
-267,28,0
127,127,1
45,13,1
-291,12,0
-249,50,0
-267,24,0
-292,5,0
25,1,1
-294,7,0
-294,7,0
25,1,1
-294,3,0
28,2,1
76,38,1
-297,14,0
39,7,1
-270,31,0
53,25,1
25,1,1
25,1,1
-302,3,0
-232,109,0
41,13,1
-294,3,0
53,25,1
25,1,1
-300,1,0
-302,7,0
-301,2,0
53,21,1
25,1,1
47,19,1
84,66,1
-270,31,0
-264,61,0
-222,119,0
-286,35,0
-274,27,0
24,2,1
42,24,1
53,21,1
-305,6,0
105,97,1
66,56,1
-294,3,0
-300,1,0
25,1,1
-283,56,0
26,8,1
-290,27,0
-284,17,0
-276,33,0
-248,77,0
-295,12,0
31,11,1
25,1,1
162,156,1
-259,48,0
52,38,1
-269,50,0
72,42,1
28,2,1
-297,2,0
-305,6,0
243,275,1
66,28,1
-299,4,0
25,1,1
38,12,1
-298,3,0
-260,37,0
51,15,1
37,9,1
31,7,1
-300,5,0
24,2,1
-230,75,0
-250,59,0
28,2,1
28,2,1
40,10,1
32,10,1
-290,15,0
36,6,1
-268,45,0
53,25,1
34,16,1
-299,4,0
67,51,1
32,10,1
-190,171,0
-230,79,0
-301,2,0
64,30,1
-261,50,0
-266,59,0
-275,20,0
-285,14,0
81,61,1
-298,31,0
-293,10,0
-301,2,0
31,7,1
-229,98,0
-284,29,0
-300,1,0
-300,1,0
48,18,1
-218,99,0
56,30,1
-302,11,0
-294,7,0
57,29,1
-291,12,0
-263,36,0
-227,108,0
122,108,1
35,7,1
25,1,1
68,58,1
32,6,1
-256,37,0
42,12,1
28,2,1
-290,39,0
25,1,1
-269,34,0
25,1,1
28,2,1
-243,60,0
-256,53,0
64,34,1
29,5,1
63,51,1
-291,16,0
-193,130,0
39,11,1
-233,90,0
56,26,1
131,119,1
-251,36,0
-284,13,0
26,4,1
61,37,1
53,25,1
-300,1,0
39,7,1
-298,7,0
-295,12,0
-258,83,0
33,9,1
-297,2,0
60,50,1
25,1,1
25,1,1
109,93,1
-289,6,0
-241,66,0
-286,19,0
27,11,1
-281,18,0
77,53,1
-289,22,0
38,12,1
39,15,1
-289,26,0
25,1,1
-214,87,0
-188,129,0
25,1,1
-197,138,0
37,9,1
-298,3,0
-233,86,0
55,31,1
-287,8,0
-288,13,0
60,30,1
-246,67,0
-225,98,0
-275,44,0
92,58,1
44,14,1
25,1,1
-255,52,0
-277,14,0
47,11,1
103,83,1
78,36,1
97,77,1
63,39,1
-266,35,0
-291,16,0
27,3,1
-288,13,0
55,23,1
-298,3,0
24,2,1
-288,9,0
38,12,1
40,6,1
49,21,1
-255,104,0
-299,4,0
-235,84,0
47,23,1
50,40,1
-300,5,0
53,29,1
25,1,1
-208,117,0
-298,11,0
27,3,1
25,1,1
-305,26,0
76,46,1
-235,68,0
-292,9,0
-288,17,0
-279,24,0
65,37,1
-274,31,0
48,30,1
42,12,1
-289,10,0
42,16,1
25,1,1
-294,7,0
42,20,1
25,1,1
71,39,1
-262,39,0
30,16,1
-301,6,0
-298,11,0
31,7,1
-277,26,0
25,1,1
37,29,1
-244,53,0
55,27,1
-281,10,0
49,29,1
143,111,1
-278,23,0
-277,18,0
69,53,1
-293,10,0
44,14,1
47,31,1
100,86,1
31,19,1
-252,69,0
-287,28,0
-290,11,0
-284,29,0
53,29,1
25,1,1
43,7,1
-300,1,0
82,52,1
59,23,1
-291,20,0
-299,8,0
49,25,1
-268,37,0
-297,10,0
-289,10,0
-302,3,0
-302,3,0
72,54,1
-290,23,0
67,31,1
-230,91,0
25,1,1
49,17,1
-297,10,0
-285,18,0
-291,8,0
62,32,1
-224,93,0
-291,12,0
-300,1,0
25,1,1
94,64,1
28,2,1
43,15,1
36,22,1
43,27,1
28,14,1
-286,7,0
59,39,1
94,88,1
90,60,1
25,1,1
52,22,1
-271,24,0
64,50,1
54,20,1
-285,10,0
-297,2,0
67,67,1
-191,172,0
-255,64,0
-289,14,0
-271,24,0
164,202,1
-282,15,0
-262,39,0
-223,148,0
-289,10,0
-296,13,0
-285,26,0
65,33,1
-297,2,0
41,9,1
-296,13,0
67,35,1
76,50,1
-270,43,0
78,48,1
25,1,1
44,14,1
34,8,1
-277,18,0
-289,10,0
-298,11,0
59,27,1
-300,1,0
57,37,1
-267,28,0
42,16,1
-300,1,0
-272,53,0
44,14,1
100,74,1
-207,144,0
-235,72,0
25,1,1
-298,11,0
-271,32,0
-264,41,0
-299,8,0
-283,24,0
25,1,1
65,29,1
-283,36,0
-285,14,0
34,8,1
28,2,1
-291,12,0
30,4,1
-283,12,0
89,53,1
46,16,1
42,12,1
-303,8,0
-286,11,0
68,38,1
-285,18,0
34,4,1
-266,47,0
35,7,1
25,1,1
-265,62,0
-291,4,0
-264,49,0
-286,11,0
40,10,1
64,30,1
28,6,1
25,1,1
46,16,1
-293,10,0
-257,50,0
-257,66,0
33,5,1
-292,17,0
-203,112,0
43,11,1
33,17,1
-297,2,0
-256,53,0
55,35,1
-284,21,0
-298,3,0
-291,44,0
51,19,1
-260,41,0
-296,5,0
-179,140,0
-293,10,0
47,11,1
35,11,1
25,1,1
98,92,1
-293,14,0
-294,15,0
-282,15,0
-166,147,0
38,16,1
145,121,1
31,3,1
-284,17,0
50,24,1
-302,3,0
42,20,1
-274,39,0
57,25,1
-290,11,0
-210,131,0
-304,5,0
160,150,1
33,5,1
113,81,1
-248,49,0
96,82,1
52,22,1
-281,14,0
-296,13,0
-285,10,0
-300,1,0
-244,57,0
-287,12,0
31,3,1
-256,41,0
25,1,1
-293,18,0
-259,24,0
-296,5,0
-276,25,0
-291,8,0
-283,24,0
-279,16,0
55,27,1
25,1,1
27,3,1
25,1,1
-293,6,0
81,53,1
-278,19,0
83,67,1
38,8,1
-278,19,0
-288,9,0
-258,31,0
-255,52,0
-300,1,0
-303,36,0
33,5,1
-275,32,0
-124,233,0
130,112,1
-293,18,0
-294,3,0
61,45,1
36,6,1
98,80,1
45,29,1
-275,48,0
-270,35,0
-287,16,0
-300,1,0
-242,123,0
-280,33,0
-280,33,0
54,24,1
-214,99,0
39,15,1
-187,136,0
28,2,1
45,17,1
-264,33,0
60,34,1
66,32,1
39,11,1
69,33,1
-304,5,0
45,17,1
-213,102,0
57,61,1
-303,8,0
28,14,1
77,49,1
-297,2,0
-281,30,0
-280,37,0
-251,52,0
-216,85,0
-272,25,0
108,126,1
27,3,1
54,24,1
26,4,1
-275,20,0
51,31,1
29,5,1
33,9,1
33,5,1
34,12,1
-289,22,0
-296,21,0
88,74,1
-277,34,0
22,4,1
-250,103,0
-294,3,0
28,2,1
-250,59,0
24,2,1
25,1,1
-301,2,0
85,65,1
-288,17,0
-269,26,0
-239,84,0
48,14,1
97,85,1
-230,123,0
58,28,1
-280,37,0
-301,10,0
-301,6,0
-261,34,0
68,46,1
-300,1,0
47,15,1
-292,9,0
45,17,1
104,70,1
-263,44,0
31,3,1
-266,43,0
-297,2,0
-243,60,0
-264,57,0
25,1,1
111,91,1
52,30,1
-294,3,0
33,5,1
-290,7,0
-248,57,0
-283,24,0
25,1,1
-277,38,0
-243,72,0
25,1,1
47,23,1
85,53,1
-271,36,0
-288,21,0
54,24,1
-272,33,0
-301,6,0
33,13,1
-140,205,0
-260,45,0
-272,33,0
25,1,1
-233,102,0
-297,6,0
38,12,1
-299,4,0
-240,69,0
-280,25,0
-292,13,0
-295,4,0
-292,25,0
36,14,1
-280,21,0
-276,29,0
-291,12,0
-284,29,0
-169,170,0
69,37,1
-265,42,0
-288,9,0
-300,1,0
30,4,1
25,1,1
40,14,1
97,85,1
34,4,1
28,6,1
-261,42,0
-269,30,0
45,13,1
33,9,1
-287,32,0
-263,44,0
61,33,1
97,73,1
-300,1,0
-287,20,0
-281,22,0
-195,128,0
-224,73,0
28,2,1
30,4,1
-244,69,0
-298,3,0
-292,17,0
35,23,1
42,16,1
36,14,1
28,2,1
-287,12,0
31,7,1
-186,143,0
50,20,1
-300,5,0
-278,15,0
70,48,1
-294,7,0
-290,15,0
-284,9,0
30,4,1
82,56,1
-282,15,0
-300,1,0
-206,107,0
58,28,1
-300,1,0
34,4,1
119,91,1
-224,93,0
32,6,1
41,13,1
-242,63,0
-300,1,0
99,67,1
30,4,1
24,2,1
-277,26,0
82,72,1
-295,4,0
-251,52,0
-262,35,0
31,7,1
-270,59,0
-297,14,0
-290,11,0
33,5,1
25,1,1
34,12,1
27,3,1
25,1,1
30,4,1
48,18,1
-302,3,0
-273,34,0
-298,7,0
-295,4,0
38,8,1
-286,15,0
34,12,1
-234,75,0
28,2,1
-256,69,0
25,1,1
-290,15,0
48,18,1
25,1,1
-269,26,0
-302,3,0
27,3,1
-257,46,0
-258,51,0
25,1,1
28,2,1
-292,5,0
-295,4,0
25,1,1
94,60,1
75,63,1
-300,29,0
-282,27,0
40,18,1
-222,111,0
44,10,1
81,53,1
54,28,1
-21,350,0
-232,73,0
-297,2,0
-256,37,0
-295,8,0
-272,45,0
27,3,1
-261,62,0
74,40,1
28,2,1
-248,81,0
39,11,1
-283,16,0
102,116,1
45,13,1
60,34,1
102,80,1
-271,36,0
33,13,1
-291,12,0
38,8,1
79,55,1
25,1,1
95,79,1
-300,5,0
-286,19,0
-268,33,0
-300,1,0
-285,14,0
-300,1,0
114,88,1
57,29,1
-290,7,0
-291,12,0
52,18,1
43,11,1
40,14,1
-264,65,0
55,31,1
-236,85,0
31,7,1
91,59,1
25,1,1
-291,20,0
-289,6,0
24,2,1
-223,68,0
58,20,1
60,18,1
-289,34,0
-276,41,0
-262,47,0
42,8,1
-273,42,0
-303,8,0
-277,34,0
25,1,1
-298,3,0
27,3,1
25,1,1
-291,4,0
-281,22,0
47,19,1
67,43,1
-284,21,0
51,19,1
53,29,1
101,89,1
-292,5,0
-240,89,0
-285,14,0
98,72,1
-300,1,0
91,83,1
-285,14,0
-263,48,0
-300,1,0
39,11,1
58,28,1
-289,18,0
-243,88,0
72,34,1
27,3,1
34,4,1
25,1,1
36,10,1
38,12,1
-294,15,0
-279,48,0
27,3,1
71,31,1
-266,47,0
93,77,1
25,1,1
-192,105,0
-296,5,0
96,82,1
-227,84,0
61,25,1
46,20,1
-294,7,0
-261,38,0
47,27,1
64,26,1
-298,3,0
76,46,1
-300,1,0
-300,1,0
-255,40,0
-276,29,0
27,3,1
-195,160,0
-190,107,0
60,42,1
50,20,1
-229,98,0
83,51,1
78,68,1
119,83,1
40,10,1
24,2,1
-280,37,0
-276,21,0
63,35,1
36,10,1
53,21,1
59,51,1
-260,45,0
62,28,1
-219,100,0
40,6,1
-300,1,0
-286,19,0
25,1,1
-290,7,0
55,27,1
-279,20,0
-293,10,0
-238,51,0
46,24,1
-267,32,0
-272,25,0
-284,13,0
40,26,1
45,17,1
-259,44,0
38,8,1
49,25,1
-261,50,0
-301,2,0
100,70,1
-242,51,0
-260,29,0
53,21,1
85,53,1
86,88,1
-293,18,0
-291,8,0
-292,33,0
56,38,1
-267,36,0
46,16,1
39,7,1
48,14,1
-298,7,0
-245,74,0
-273,42,0
107,119,1
-274,23,0
-284,33,0
27,3,1
25,1,1
-273,38,0
31,7,1
50,24,1
48,22,1
-300,1,0
-276,29,0
69,37,1
-300,1,0
135,95,1
50,28,1
35,7,1
106,120,1
47,11,1
38,16,1
37,9,1
74,40,1
-300,1,0
34,12,1
40,6,1
63,31,1
-290,7,0
79,55,1
-291,16,0
25,1,1
136,154,1
-252,65,0
-276,45,0
41,13,1
38,12,1
51,23,1
-267,40,0
-303,8,0
-288,21,0
46,12,1
-294,15,0
31,3,1
-234,83,0
31,7,1
70,40,1
30,4,1
53,21,1
49,21,1
-300,1,0
-300,1,0
-227,80,0
28,6,1
24,2,1
25,1,1
-259,52,0
-274,35,0
37,13,1
25,1,1
-298,3,0
-290,15,0
29,5,1
45,13,1
-288,49,0
52,22,1
-212,97,0
25,1,1
-297,6,0
-268,29,0
-294,19,0
-223,72,0
76,58,1
77,45,1
126,112,1
24,2,1
62,32,1
37,9,1
-220,105,0
-267,20,0
38,8,1
-287,24,0
24,2,1
-220,109,0
-301,2,0
-288,45,0
-265,34,0
-274,19,0
-292,5,0
46,24,1
-282,19,0
29,17,1
28,2,1
-281,18,0
51,27,1
24,2,1
33,17,1
26,4,1
-275,24,0
28,2,1
85,57,1
48,38,1
28,22,1
-300,1,0
31,3,1
44,14,1
37,13,1
92,82,1
-271,32,0
83,59,1
-278,19,0
-162,163,0
-293,6,0
58,48,1
32,6,1
255,287,1
24,2,1
-295,20,0
148,166,1
-279,12,0
69,37,1
-299,4,0
-218,139,0
-214,115,0
-272,25,0
-304,13,0
-262,43,0
-299,4,0
-248,65,0
-238,99,0
36,6,1
97,65,1
23,3,1
-297,6,0
115,91,1
-292,9,0
-198,151,0
-301,2,0
-300,1,0
28,2,1
25,1,1
42,20,1
99,95,1
-276,57,0
27,3,1
-230,67,0
46,16,1
-263,28,0
84,66,1
50,20,1
44,10,1
-295,12,0
109,85,1
28,2,1
112,86,1
31,7,1
33,5,1
-297,6,0
25,1,1
-288,17,0
68,34,1
-293,6,0
-252,45,0
44,18,1
32,10,1
108,86,1
-251,64,0
-290,7,0
35,11,1
-278,35,0
32,6,1
52,18,1
-301,6,0
33,9,1
47,15,1
26,4,1
-293,14,0
51,23,1
28,2,1
-292,21,0
-300,1,0
37,9,1
25,1,1
41,17,1
35,7,1
35,7,1
115,95,1
93,77,1
53,21,1
-300,1,0
87,75,1
25,1,1
42,12,1
34,8,1
-300,1,0
-300,1,0
-280,21,0
83,67,1
28,2,1
-280,33,0
52,22,1
30,4,1
-277,26,0
25,1,1
49,29,1
-267,28,0
35,7,1
59,19,1
63,35,1
-280,13,0
36,10,1
-251,64,0
145,145,1
-300,1,0
35,7,1
-299,20,0
71,39,1
-299,4,0
-280,29,0
56,22,1
30,4,1
95,83,1
-217,102,0
48,14,1
35,11,1
57,21,1
25,1,1
-267,32,0
69,45,1
94,80,1
-293,22,0
-287,12,0
27,3,1
-287,12,0
33,5,1
-275,20,0
88,90,1
44,18,1
-273,46,0
-299,4,0
24,2,1
-238,71,0
46,16,1
28,6,1
49,25,1
-263,40,0
129,117,1
51,47,1
47,19,1
55,31,1
-294,19,0
-273,22,0
52,26,1
49,41,1
69,65,1
82,60,1
45,21,1
27,3,1
49,17,1
-205,114,0
42,24,1
-275,28,0
86,64,1
-243,44,0
28,2,1
-299,4,0
-195,152,0
109,101,1
-285,14,0
25,1,1
25,1,1
-277,38,0
-279,20,0
-298,7,0
-274,27,0
-272,53,0
54,20,1
83,55,1
24,2,1
-114,203,0
-242,91,0
-286,19,0
35,7,1
25,1,1
60,34,1
27,3,1
44,14,1
33,5,1
52,18,1
24,2,1
27,7,1
-281,18,0
87,59,1
-298,11,0
-288,17,0
-300,9,0
-303,4,0
-285,14,0
-300,1,0
76,46,1
38,8,1
45,9,1
-290,7,0
-265,38,0
25,1,1
33,5,1
46,24,1
-290,19,0
25,1,1
-280,17,0
25,1,1
-293,6,0
97,77,1
100,98,1
25,1,1
-273,34,0
-284,13,0
-275,28,0
53,25,1
70,36,1
28,2,1
-292,5,0
-295,8,0
-252,53,0
-221,106,0
43,19,1
-278,43,0
54,24,1
45,13,1
-220,73,0
-290,27,0
51,35,1
33,5,1
33,5,1
-264,33,0
-269,50,0
33,17,1
64,42,1
-292,9,0
24,2,1
-301,10,0
25,1,1
60,34,1
-295,12,0
-283,20,0
-257,46,0
66,28,1
56,38,1
48,18,1
-295,4,0
-291,20,0
33,5,1
31,3,1
41,9,1
108,86,1
81,61,1
-300,1,0
36,14,1
43,15,1
-299,4,0
-275,24,0
31,7,1
-276,41,0
25,1,1
-215,100,0
-300,1,0
-297,6,0
24,2,1
-292,9,0
51,23,1
43,23,1
41,17,1
28,6,1
25,1,1
-245,78,0
-283,24,0
165,161,1
-293,14,0
38,12,1
84,58,1
25,1,1
90,76,1
39,7,1
-288,5,0
-289,14,0
-250,59,0
38,8,1
35,7,1
36,6,1
71,51,1
-268,33,0
34,4,1
24,2,1
54,32,1
69,29,1
55,19,1
37,9,1
44,30,1
-276,25,0
-263,40,0
-220,93,0
-300,1,0
31,3,1
63,51,1
85,69,1
29,5,1
183,199,1
25,1,1
61,37,1
-269,30,0
-292,13,0
47,15,1
77,53,1
-286,19,0
55,23,1
-295,4,0
79,79,1
-290,7,0
40,14,1
44,14,1
28,2,1
41,21,1
25,1,1
-259,92,0
47,15,1
73,65,1
-302,3,0
25,1,1
58,52,1
-283,16,0
-242,75,0
57,37,1
57,21,1
-287,8,0
34,12,1
28,2,1
-300,1,0
-300,1,0
-295,8,0
116,114,1
-239,60,0
67,39,1
65,33,1
-254,87,0
50,28,1
50,20,1
31,7,1
-293,18,0
96,78,1
-289,14,0
-272,37,0
46,24,1
105,77,1
28,2,1
25,1,1
86,52,1
-278,19,0
52,38,1
68,58,1
67,39,1
28,2,1
76,42,1
-263,44,0
50,32,1
-286,11,0
-284,17,0
-284,17,0
-289,22,0
37,9,1
101,81,1
50,12,1
25,1,1
76,58,1
35,11,1
-297,2,0
25,1,1
59,43,1
25,1,1
-300,1,0
29,5,1
-284,17,0
46,12,1
42,12,1
-298,3,0
-305,6,0
77,53,1
-294,23,0
58,28,1
48,18,1
48,18,1
85,49,1
37,17,1
-262,31,0
-245,62,0
-281,38,0
35,11,1
49,17,1
66,44,1
-281,26,0
25,1,1
50,20,1
-268,33,0
62,76,1
29,5,1
50,20,1
25,1,1
-283,20,0
-293,6,0
36,26,1
-223,96,0
82,48,1
50,16,1
-275,16,0
24,2,1
40,14,1
29,5,1
25,1,1
-297,2,0
-246,59,0
69,53,1
-300,13,0
28,2,1
36,6,1
25,1,1
42,12,1
38,20,1
-277,30,0
73,69,1
-273,38,0
-295,4,0
55,23,1
25,1,1
39,11,1
58,36,1
157,173,1
31,3,1
111,103,1
48,30,1
38,8,1
48,14,1
53,37,1
-282,31,0
52,22,1
25,1,1
-298,3,0
36,10,1
-252,69,0
-274,55,0
31,7,1
-276,41,0
25,1,1
32,6,1
25,1,1
59,31,1
34,4,1
-206,123,0
58,28,1
56,30,1
-284,29,0
86,56,1
-291,16,0
34,12,1
44,10,1
66,32,1
-296,5,0
-291,20,0
-271,36,0
56,42,1
34,12,1
25,1,1
42,8,1
27,3,1
59,35,1
-297,10,0
40,14,1
46,12,1
-245,70,0
42,16,1
-283,28,0
33,9,1
49,17,1
76,50,1
-298,15,0
-221,102,0
-256,49,0
-244,77,0
-300,1,0
28,2,1
-222,107,0
-270,47,0
49,17,1
59,27,1
152,182,1
123,131,1
-297,6,0
24,2,1
28,2,1
25,1,1
25,1,1
50,12,1
104,86,1
-299,8,0
29,9,1
-280,21,0
-288,5,0
-290,31,0
78,56,1
-296,21,0
25,1,1
-301,6,0
34,12,1
28,2,1
-205,94,0
24,2,1
-282,19,0
35,7,1
25,1,1
41,17,1
63,51,1
50,16,1
30,4,1
-275,20,0
42,20,1
92,58,1
98,124,1
40,14,1
-257,38,0
31,3,1
-235,92,0
-300,1,0
-216,113,0
45,9,1
-269,34,0
32,6,1
-299,4,0
-285,22,0
-169,218,0
-296,5,0
47,11,1
25,1,1
-300,1,0
25,1,1
-173,146,0
-289,10,0
38,20,1
-290,7,0
47,27,1
-254,51,0
-291,16,0
70,40,1
25,1,1
-293,6,0
24,2,1
-224,89,0
41,17,1
-228,109,0
42,16,1
-248,61,0
-294,11,0
73,61,1
-291,40,0
44,14,1
63,19,1
-303,4,0
55,27,1
38,8,1
33,13,1
-262,39,0
-228,93,0
38,12,1
138,96,1
-302,35,0
25,1,1
-253,74,0
24,2,1
-283,16,0
25,1,1
24,2,1
-306,31,0
35,15,1
25,1,1
44,22,1
-275,16,0
84,54,1
32,6,1
50,20,1
-231,96,0
91,47,1
-269,34,0
25,1,1
178,164,1
64,38,1
-293,6,0
-298,3,0
44,10,1
-259,44,0
51,31,1
-283,28,0
-270,23,0
-296,9,0
109,85,1
-277,14,0
-249,58,0
58,32,1
40,10,1
38,12,1
-300,1,0
45,13,1
-294,11,0
43,11,1
97,69,1
88,90,1
70,48,1
48,14,1
-292,21,0
-179,132,0
25,1,1
37,9,1
-281,38,0
50,20,1
57,33,1
25,1,1
-255,60,0
32,10,1
43,15,1
-291,8,0
-291,20,0
-160,165,0
89,53,1
-280,33,0
-251,68,0
64,42,1
25,1,1
68,42,1
41,9,1
85,57,1
38,12,1
24,2,1
24,2,1
-287,8,0
-294,3,0
-293,10,0
64,26,1
49,21,1
51,27,1
-272,29,0
-301,2,0
56,22,1
-179,152,0
66,60,1
-251,68,0
-280,21,0
-236,61,0
43,11,1
-296,5,0
-294,15,0
-252,65,0
-286,11,0
51,19,1
-255,40,0
-239,52,0
23,7,1
41,9,1
41,13,1
137,105,1
-263,32,0
-282,23,0
25,1,1
131,99,1
28,6,1
27,3,1
-271,32,0
-279,32,0
90,76,1
25,1,1
74,44,1
-298,3,0
88,78,1
73,65,1
-297,2,0
-292,9,0
33,9,1
25,1,1
32,10,1
33,5,1
68,38,1
-301,10,0
171,211,1
66,28,1
48,18,1
47,15,1
-283,12,0
-287,24,0
63,43,1
35,7,1
-219,96,0
42,8,1
-300,5,0
40,14,1
66,28,1
42,12,1
-297,6,0
-295,28,0
-280,17,0
69,53,1
38,12,1
25,1,1
28,10,1
-254,47,0
-300,1,0
-301,2,0
-234,55,0
114,80,1
87,63,1
-156,189,0
-291,12,0
28,2,1
25,1,1
31,3,1
49,21,1
46,24,1
24,2,1
-230,87,0
25,1,1
25,1,1
25,1,1
-287,12,0
31,3,1
103,75,1
-298,3,0
-231,80,0
-248,45,0
90,72,1
29,5,1
25,1,1
88,62,1
32,6,1
-289,14,0
103,71,1
104,90,1
-301,10,0
34,4,1
-296,5,0
25,1,1
-309,22,0
72,42,1
-258,55,0
31,3,1
-257,46,0
25,1,1
68,42,1
75,51,1
-297,18,0
-293,6,0
24,2,1
-278,19,0
66,28,1
-262,55,0
32,6,1
-302,3,0
24,2,1
-269,38,0
40,10,1
36,6,1
-264,33,0
-299,4,0
103,79,1
25,1,1
-280,13,0
33,9,1
57,41,1
-280,17,0
-101,230,0
45,17,1
34,4,1
66,56,1
49,13,1
-282,27,0
35,11,1
-267,40,0
135,115,1
56,26,1
52,18,1
25,1,1
-292,25,0
43,15,1
41,9,1
40,14,1
73,37,1
-251,44,0
-272,65,0
129,109,1
-300,5,0
-267,28,0
25,1,1
-267,52,0
41,9,1
39,7,1
132,102,1
23,3,1
61,29,1
88,66,1
25,1,1
-288,9,0
49,21,1
98,68,1
34,8,1
108,90,1
-300,1,0
50,379,0
43,11,1
-279,16,0
50,20,1
64,38,1
-293,6,0
50,20,1
40,10,1
49,17,1
58,32,1
-297,2,0
43,11,1
-254,79,0
-277,18,0
-227,84,0
-228,77,0
25,1,1
-286,19,0
-271,40,0
37,9,1
-289,6,0
66,32,1
-279,20,0
-244,81,0
-291,16,0
31,3,1
-293,6,0
38,12,1
84,50,1
-289,18,0
30,4,1
43,15,1
-280,21,0
30,4,1
47,15,1
85,45,1
-247,64,0
-298,11,0
-297,14,0
-290,7,0
-288,9,0
93,57,1
80,62,1
53,65,1
37,9,1
-291,12,0
40,10,1
65,33,1
54,20,1
25,1,1
-261,46,0
94,80,1
62,20,1
24,2,1
25,1,1
75,59,1
34,8,1
43,31,1
55,27,1
-299,4,0
-280,17,0
25,1,1
-295,4,0
-291,8,0
30,4,1
35,7,1
67,47,1
25,1,1
99,111,1
101,81,1
37,5,1
30,16,1
-291,4,0
-241,62,0
-296,13,0
59,27,1
28,2,1
32,6,1
-298,3,0
-274,23,0
55,35,1
59,27,1
44,10,1
49,21,1
96,74,1
-294,7,0
42,16,1
-268,29,0
-296,5,0
37,9,1
53,25,1
64,34,1
79,43,1
34,8,1
25,1,1
31,3,1
41,25,1
-276,33,0
26,4,1
56,34,1
73,37,1
-267,40,0
-300,1,0
64,46,1
-291,4,0
25,1,1
25,1,1
-289,10,0
-205,122,0
31,7,1
76,66,1
-197,154,0
50,32,1
26,4,1
63,31,1
-287,12,0
-239,100,0
41,17,1
28,2,1
-297,2,0
-296,5,0
-266,23,0
-299,4,0
-279,28,0
52,18,1
-304,9,0
-280,25,0
-266,27,0
48,18,1
82,48,1
25,1,1
-300,9,0
27,3,1
-296,9,0
44,14,1
61,29,1
-297,2,0
-301,2,0
-290,23,0
-269,50,0
-300,1,0
-298,3,0
-258,47,0
66,36,1
75,39,1
-304,13,0
33,5,1
38,8,1
49,21,1
37,13,1
30,4,1
64,50,1
-254,59,0
31,3,1
-281,22,0
-255,52,0
26,4,1
-285,18,0
89,53,1
24,2,1
42,16,1
-294,11,0
104,78,1
114,76,1
53,25,1
43,19,1
106,72,1
59,35,1
-300,1,0
68,38,1
-257,46,0
50,16,1
95,59,1
-277,42,0
-279,20,0
-301,10,0
-272,33,0
-260,41,0
28,2,1
42,8,1
-301,6,0
36,6,1
-280,41,0
-186,127,0
65,29,1
-300,1,0
-260,49,0
125,105,1
37,13,1
59,27,1
-271,28,0
25,1,1
34,12,1
38,8,1
-297,2,0
112,86,1
25,1,1
22,4,1
-263,40,0
29,5,1
30,8,1
37,5,1
-276,29,0
25,1,1
34,8,1
28,2,1
-301,2,0
-219,84,0
-176,141,0
47,31,1
81,53,1
108,90,1
-232,61,0
-295,12,0
-206,111,0
-285,14,0
112,126,1
36,10,1
-300,5,0
154,128,1
57,33,1
24,2,1
54,24,1
55,15,1
-293,6,0
31,7,1
-272,49,0
332,334,1
36,6,1
48,14,1
28,2,1
84,54,1
41,9,1
61,57,1
25,1,1
-270,63,0
-254,59,0
50,12,1
86,52,1
-295,8,0
-291,4,0
25,1,1
-292,17,0
65,49,1
-289,10,0
77,45,1
-272,49,0
41,17,1
80,58,1
47,31,1
-264,53,0
-291,12,0
25,1,1
-244,49,0
-291,16,0
-279,24,0
-297,14,0
34,4,1
-297,2,0
32,6,1
25,1,1
83,39,1
70,40,1
25,1,1
127,103,1
-261,38,0
27,3,1
24,2,1
27,3,1
28,6,1
-298,3,0
76,50,1
25,1,1
33,5,1
28,2,1
84,62,1
-294,3,0
25,1,1
-292,9,0
-275,20,0
40,10,1
-291,12,0
-288,25,0
-227,108,0
-274,31,0
78,48,1
-301,6,0
-295,4,0
108,74,1
28,2,1
-279,36,0
-275,36,0
25,1,1
25,1,1
-300,1,0
55,23,1
25,1,1
45,13,1
-220,81,0
25,1,1
41,9,1
-279,28,0
38,8,1
-276,37,0
-246,59,0
-291,16,0
50,32,1
25,1,1
84,54,1
32,14,1
-240,77,0
53,49,1
-298,3,0
53,21,1
-280,37,0
-282,15,0
-286,7,0
24,2,1
-246,47,0
227,259,1
31,3,1
-274,31,0
-283,20,0
-297,6,0
27,3,1
-258,55,0
-262,31,0
43,11,1
-230,71,0
-302,3,0
33,5,1
108,94,1
43,11,1
65,57,1
45,13,1
44,14,1
36,6,1
54,16,1
64,26,1
56,42,1
33,5,1
94,72,1
73,37,1
25,1,1
-176,161,0
-303,4,0
-282,11,0
38,8,1
44,14,1
-282,31,0
25,1,1
83,83,1
-279,16,0
-293,14,0
81,45,1
-256,53,0
38,8,1
25,1,1
-243,88,0
54,24,1
99,63,1
-286,11,0
89,65,1
63,31,1
-290,19,0
-214,99,0
-295,4,0
-254,43,0
51,27,1
28,2,1
30,4,1
69,45,1
-294,3,0
-302,3,0
44,14,1
50,28,1
54,16,1
77,49,1
43,11,1
-293,18,0
51,27,1
68,50,1
34,4,1
-248,45,0
229,281,1
73,49,1
-291,8,0
-280,29,0
45,13,1
25,1,1
-254,39,0
58,28,1
30,20,1
24,2,1
-286,19,0
-300,1,0
-301,2,0
44,14,1
-62,275,0
52,22,1
-295,8,0
56,34,1
-266,31,0
37,13,1
28,2,1
25,1,1
45,17,1
110,108,1
28,2,1
36,6,1
36,6,1
45,17,1
-304,5,0
38,8,1
-296,9,0
90,76,1
25,1,1
45,13,1
39,7,1
28,2,1
-300,1,0
28,2,1
106,92,1
27,3,1
25,1,1
67,31,1
58,36,1
-251,44,0
-293,6,0
39,19,1
65,45,1
-291,12,0
84,42,1
28,2,1
108,78,1
-291,12,0
40,10,1
53,21,1
46,20,1
54,16,1
41,17,1
30,4,1
53,29,1
-284,13,0
25,1,1
57,25,1
28,2,1
114,96,1
-297,2,0
-305,6,0
-305,10,0
105,93,1
41,17,1
100,74,1
27,3,1
-299,4,0
-270,19,0
53,25,1
-300,1,0
-291,12,0
40,14,1
-273,22,0
117,105,1
53,21,1
30,4,1
-293,18,0
-283,16,0
44,10,1
71,59,1
-294,19,0
54,24,1
-262,47,0
-265,50,0
55,31,1
95,79,1
35,7,1
101,77,1
42,8,1
33,9,1
110,80,1
24,2,1
66,48,1
-273,22,0
28,2,1
57,21,1
83,79,1
65,53,1
25,1,1
-300,1,0
45,9,1
94,64,1
-266,51,0
54,28,1
-297,10,0
48,14,1
-270,43,0
64,26,1
-279,16,0
-297,2,0
34,12,1
83,95,1
56,22,1
42,16,1
-284,17,0
25,1,1
-271,28,0
-189,118,0
85,57,1
42,16,1
57,21,1
-272,49,0
-225,102,0
57,33,1
60,22,1
25,1,1
137,121,1
51,15,1
-301,14,0
36,6,1
-292,13,0
114,96,1
32,6,1
36,10,1
122,104,1
24,2,1
25,1,1
40,14,1
31,7,1
25,1,1
96,66,1
34,8,1
49,45,1
31,3,1
146,172,1
30,4,1
47,27,1
78,36,1
47,19,1
-283,16,0
25,1,1
-286,15,0
56,30,1
-290,7,0
-298,3,0
39,11,1
139,135,1
-291,8,0
-291,4,0
51,15,1
68,34,1
37,9,1
-280,13,0
43,11,1
-300,1,0
28,2,1
47,15,1
30,4,1
36,6,1
-270,35,0
-286,15,0
-300,1,0
37,5,1
-274,35,0
30,4,1
32,6,1
60,34,1
-277,26,0
-290,15,0
61,29,1
24,2,1
-283,16,0
32,6,1
90,60,1
31,3,1
-266,19,0
34,8,1
50,16,1
36,10,1
67,27,1
33,5,1
-301,2,0
28,2,1
31,7,1
-300,1,0
63,35,1
-290,31,0
46,24,1
57,29,1
44,14,1
-298,15,0
-281,22,0
-281,14,0
46,12,1
24,2,1
-245,58,0
58,24,1
25,1,1
29,5,1
32,6,1
35,15,1
-293,10,0
41,13,1
48,18,1
-288,5,0
38,12,1
46,20,1
-267,56,0
38,28,1
-290,15,0
-258,43,0
28,2,1
35,7,1
-300,1,0
51,35,1
76,46,1
-252,73,0
25,1,1
60,34,1
79,51,1
-293,10,0
-290,11,0
63,39,1
-245,70,0
31,3,1
78,72,1
38,16,1
109,97,1
25,1,1
-293,38,0
81,45,1
25,1,1
50,12,1
70,32,1
30,4,1
25,1,1
48,22,1
27,3,1
33,5,1
-279,40,0
25,1,1
-298,3,0
76,42,1
33,9,1
-256,65,0
50,16,1
36,6,1
36,6,1
53,33,1
150,128,1
142,152,1
28,2,1
70,40,1
86,48,1
80,50,1
47,15,1
45,17,1
-292,17,0
33,9,1
31,3,1
80,50,1
28,2,1
46,12,1
-287,12,0
37,13,1
69,37,1
85,61,1
26,4,1
-296,9,0
-290,15,0
46,20,1
-298,3,0
-298,7,0
57,21,1
77,41,1
48,26,1
77,45,1
51,23,1
25,1,1
-269,54,0
60,30,1
37,5,1
-126,183,0
69,33,1
56,26,1
64,30,1
71,35,1
-286,15,0
38,8,1
31,7,1
82,52,1
-300,1,0
-280,21,0
25,1,1
72,50,1
25,1,1
37,13,1
-295,12,0
25,1,1
30,4,1
-285,10,0
28,2,1
31,3,1
-295,4,0
-295,12,0
-291,12,0
-300,1,0
-283,32,0
45,13,1
28,2,1
82,52,1
27,3,1
36,6,1
31,3,1
30,4,1
-289,6,0
-273,34,0
24,2,1
35,7,1
38,16,1
25,1,1
-275,44,0
-272,21,0
68,30,1
-287,12,0
49,25,1
-291,24,0
-288,21,0
-274,19,0
48,26,1
-238,79,0
25,1,1
24,2,1
50,20,1
65,29,1
-277,18,0
-301,2,0
-291,16,0
52,26,1
-297,2,0
25,1,1
-298,7,0
-288,13,0
-242,59,0
56,26,1
-298,3,0
80,50,1
28,10,1
146,164,1
64,22,1
-223,88,0
55,39,1
37,5,1
25,1,1
40,10,1
25,1,1
24,2,1
-278,11,0
76,54,1
-207,100,0
41,13,1
-261,34,0
41,9,1
28,2,1
24,2,1
47,23,1
38,20,1
24,2,1
61,29,1
38,16,1
40,6,1
47,15,1
-287,20,0
38,8,1
-252,65,0
30,4,1
25,1,1
25,1,1
-289,10,0
48,26,1
52,30,1
25,1,1
28,2,1
-293,18,0
72,54,1
28,2,1
48,26,1
129,133,1
69,53,1
-262,39,0
31,3,1
30,8,1
-301,6,0
44,14,1
60,26,1
37,5,1
39,7,1
24,2,1
-300,1,0
44,18,1
43,11,1
28,2,1
38,8,1
-271,40,0
24,2,1
47,15,1
25,1,1
58,32,1
-291,20,0
-294,15,0
87,71,1
25,1,1
-300,1,0
-298,7,0
79,51,1
25,1,1
-290,19,0
77,49,1
49,37,1
33,5,1
54,28,1
28,2,1
33,13,1
31,3,1
-300,1,0
80,62,1
40,10,1
37,9,1
112,78,1
37,5,1
27,7,1
42,12,1
25,1,1
25,1,1
51,23,1
82,52,1
43,15,1
-295,24,0
-288,9,0
50,16,1
-289,26,0
-278,27,0
60,26,1
30,4,1
-297,6,0
90,56,1
50,20,1
-269,46,0
-293,10,0
25,1,1
-282,15,0
38,12,1
-297,6,0
30,4,1
44,18,1
63,31,1
-256,45,0
-249,66,0
89,49,1
31,7,1
66,32,1
-301,2,0
63,59,1
164,142,1
196,170,1
59,27,1
44,10,1
39,7,1
-286,39,0
-300,1,0
31,3,1
31,3,1
48,10,1
25,1,1
47,19,1
111,87,1
-285,18,0
59,23,1
35,15,1
-226,75,0
25,1,1
28,2,1
-300,5,0
57,29,1
25,1,1
40,6,1
-290,19,0
-259,44,0
25,1,1
44,18,1
25,1,1
-297,2,0
28,2,1
26,4,1
35,7,1
59,27,1
44,18,1
75,35,1
27,3,1
-284,17,0
37,5,1
-247,64,0
28,6,1
25,1,1
33,5,1
-259,36,0
31,3,1
-267,20,0
25,1,1
25,1,1
90,72,1
-298,3,0
47,15,1
-291,20,0
-302,3,0
76,42,1
107,95,1
25,1,1
25,1,1
-289,14,0
51,15,1
-279,24,0
-279,20,0
-302,3,0
30,4,1
59,31,1
-271,28,0
-283,24,0
-288,9,0
36,6,1
88,78,1
59,31,1
78,44,1
98,76,1
-266,55,0
-270,39,0
39,15,1
31,7,1
31,3,1
-300,1,0
42,12,1
32,6,1
-278,15,0
64,34,1
25,1,1
51,19,1
-235,92,0
38,8,1
-258,43,0
34,4,1
-296,5,0
30,12,1
72,46,1
-285,14,0
63,39,1
35,7,1
77,57,1
28,2,1
28,2,1
30,4,1
197,189,1
68,46,1
-280,41,0
25,1,1
45,13,1
80,66,1
46,20,1
49,13,1
31,19,1
-300,1,0
-295,4,0
-295,16,0
55,19,1
75,63,1
61,33,1
46,32,1
28,2,1
37,9,1
49,13,1
49,17,1
39,11,1
37,9,1
130,152,1
107,63,1
33,13,1
38,8,1
25,1,1
25,1,1
-234,71,0
67,31,1
28,6,1
49,17,1
25,1,1
53,17,1
45,13,1
39,15,1
37,5,1
28,2,1
63,31,1
38,12,1
112,82,1
44,18,1
42,12,1
-271,24,0
-266,43,0
83,51,1
25,1,1
-276,29,0
79,75,1
55,23,1
50,16,1
-257,42,0
-281,22,0
151,131,1
37,5,1
60,34,1
58,24,1
67,59,1
40,14,1
-278,35,0
59,51,1
28,2,1
25,1,1
102,88,1
146,144,1
-263,48,0
34,8,1
42,24,1
33,17,1
34,4,1
-227,84,0
-298,3,0
29,5,1
28,2,1
182,160,1
108,94,1
28,2,1
48,30,1
24,2,1
-252,61,0
40,26,1
25,1,1
24,2,1
-297,2,0
41,17,1
70,32,1
35,7,1
37,9,1
108,70,1
28,2,1
25,1,1
33,9,1
25,1,1
70,44,1
48,30,1
-287,8,0
59,27,1
25,1,1
28,2,1
-293,6,0
30,4,1
25,1,1
44,10,1
-254,43,0
49,25,1
124,94,1
46,16,1
97,117,1
-282,19,0
38,8,1
39,7,1
-265,38,0
25,1,1
37,13,1
85,41,1
46,12,1
-277,18,0
29,5,1
-235,100,0
31,3,1
27,3,1
39,7,1
25,1,1
-290,11,0
-295,4,0
-169,138,0
56,26,1
25,1,1
39,7,1
73,37,1
-295,8,0
52,30,1
-300,1,0
76,38,1
25,1,1
71,31,1
-290,19,0
48,14,1
24,2,1
-298,7,0
-221,66,0
40,10,1
112,114,1
60,38,1
59,35,1
64,50,1
-297,2,0
-269,34,0
-261,34,0
-300,1,0
-305,6,0
-277,18,0
-281,38,0
36,6,1
54,20,1
56,14,1
36,6,1
34,8,1
-299,4,0
-243,76,0
33,5,1
27,3,1
33,5,1
-257,66,0
44,14,1
69,41,1
-299,4,0
57,25,1
-295,8,0
51,23,1
-300,1,0
52,14,1
57,21,1
-289,10,0
136,114,1
-269,22,0
76,38,1
34,4,1
-220,81,0
28,2,1
-240,81,0
30,4,1
-303,4,0
57,25,1
25,1,1
27,3,1
46,16,1
-300,1,0
-300,1,0
28,6,1
140,114,1
28,2,1
28,2,1
-278,19,0
38,12,1
-290,19,0
45,25,1
36,10,1
40,6,1
36,10,1
89,69,1
-276,65,0
28,2,1
-300,1,0
32,6,1
-288,9,0
25,1,1
24,2,1
76,42,1
76,58,1
50,20,1
-301,2,0
59,23,1
31,3,1
85,53,1
38,8,1
41,17,1
28,2,1
41,9,1
-201,106,0
49,17,1
-296,17,0
-230,79,0
-280,33,0
61,25,1
-296,5,0
-293,6,0
-294,11,0
48,22,1
-297,2,0
34,4,1
50,20,1
-280,21,0
69,49,1
49,13,1
39,11,1
25,1,1
-254,63,0
-279,20,0
-290,7,0
61,45,1
-266,39,0
47,15,1
25,1,1
28,2,1
47,11,1
28,2,1
124,118,1
28,2,1
-233,86,0
60,26,1
-286,35,0
91,51,1
-297,38,0
34,8,1
-296,5,0
83,59,1
-282,23,0
32,14,1
78,52,1
-292,9,0
-289,6,0
55,15,1
59,35,1
-216,85,0
47,15,1
-300,1,0
84,50,1
80,46,1
31,3,1
-300,1,0
55,19,1
46,16,1
118,104,1
-287,12,0
47,11,1
-301,2,0
61,33,1
-286,15,0
31,3,1
-300,5,0
60,26,1
-260,65,0
64,30,1
24,2,1
-273,34,0
25,1,1
50,16,1
-300,1,0
62,28,1
30,4,1
30,4,1
59,35,1
25,1,1
59,43,1
90,64,1
-258,67,0
82,60,1
30,4,1
65,25,1
-293,18,0
31,7,1
-230,83,0
25,1,1
57,29,1
-271,24,0
24,2,1
28,2,1
69,45,1
25,1,1
-304,9,0
67,39,1
84,62,1
65,33,1
49,13,1
68,30,1
36,6,1
-277,18,0
67,31,1
38,12,1
-251,56,0
33,5,1
-276,17,0
108,78,1
55,27,1
-251,84,0
38,8,1
-298,3,0
53,17,1
227,215,1
-239,56,0
69,37,1
55,19,1
40,14,1
28,2,1
52,26,1
36,6,1
46,20,1
-269,26,0
45,17,1
52,26,1
25,1,1
41,25,1
47,19,1
40,10,1
32,6,1
30,4,1
81,57,1
64,30,1
68,42,1
60,22,1
36,6,1
-280,17,0
46,8,1
25,1,1
-280,21,0
28,2,1
35,7,1
94,72,1
58,32,1
-295,16,0
33,5,1
27,3,1
42,12,1
96,62,1
25,1,1
36,6,1
-270,27,0
-288,13,0
77,53,1
-226,83,0
52,18,1
-270,23,0
47,15,1
39,19,1
38,12,1
-290,31,0
98,68,1
43,19,1
-257,46,0
32,6,1
59,27,1
-293,18,0
30,4,1
96,70,1
-286,15,0
32,6,1
-300,1,0
30,8,1
76,54,1
-288,9,0
29,5,1
33,5,1
-300,1,0
65,33,1
65,29,1
37,13,1
-271,40,0
47,19,1
34,4,1
-300,1,0
45,21,1
-263,44,0
32,6,1
37,9,1
25,1,1
-301,6,0
27,3,1
-279,24,0
28,10,1
-279,44,0
-266,47,0
59,39,1
30,4,1
42,20,1
28,2,1
62,36,1
79,51,1
31,3,1
62,16,1
72,38,1
33,5,1
83,47,1
-263,40,0
37,9,1
-286,11,0
-298,3,0
-293,6,0
41,13,1
31,15,1
122,140,1
-297,6,0
-244,45,0
-269,34,0
75,55,1
28,2,1
-284,13,0
62,24,1
-296,5,0
38,8,1
-289,6,0
-233,58,0
25,1,1
28,2,1
25,1,1
29,5,1
43,15,1
-190,135,0
-300,1,0
-283,16,0
-229,66,0
33,9,1
36,6,1
33,5,1
34,4,1
-293,10,0
-290,19,0
64,34,1
-269,34,0
73,41,1
28,2,1
48,14,1
-276,17,0
64,26,1
86,56,1
62,44,1
31,3,1
32,26,1
55,23,1
28,6,1
-285,10,0
103,75,1
24,2,1
-274,27,0
37,9,1
25,1,1
-283,12,0
-278,39,0
24,2,1
-300,1,0
-288,5,0
61,25,1
40,10,1
25,1,1
-300,1,0
-257,38,0
-262,43,0
25,1,1
25,1,1
-292,9,0
31,3,1
-263,40,0
63,23,1
23,11,1
-223,76,0
32,6,1
25,1,1
53,41,1
-284,13,0
27,3,1
61,25,1
25,1,1
50,16,1
-295,8,0
64,50,1
28,2,1
51,15,1
94,88,1
-268,17,0
40,22,1
-287,12,0
48,14,1
65,45,1
64,26,1
52,26,1
65,33,1
-267,40,0
-244,65,0
-266,47,0
41,13,1
77,37,1
131,123,1
64,38,1
61,25,1
28,2,1
61,29,1
-254,67,0
-302,7,0
24,2,1
-286,11,0
27,3,1
-300,1,0
-292,9,0
-294,7,0
-259,44,0
-298,7,0
62,36,1
52,22,1
-279,32,0
35,7,1
28,2,1
40,18,1
57,33,1
38,8,1
-300,1,0
29,5,1
124,94,1
28,2,1
36,6,1
47,15,1
40,10,1
44,14,1
-290,15,0
25,1,1
26,4,1
62,20,1
-270,27,0
-298,7,0
55,27,1
114,88,1
31,3,1
39,7,1
25,1,1
68,42,1
27,3,1
30,4,1
72,42,1
-227,76,0
-298,3,0
26,4,1
-298,3,0
55,19,1
25,1,1
25,1,1
41,13,1
-298,3,0
35,7,1
-301,2,0
-287,12,0
-301,2,0
144,118,1
61,21,1
-305,14,0
-286,27,0
43,19,1
38,8,1
56,26,1
55,19,1
38,12,1
-300,9,0
28,2,1
30,4,1
79,63,1
59,23,1
-287,16,0
-273,50,0
51,31,1
77,77,1
-269,30,0
59,55,1
-291,4,0
39,11,1
-278,15,0
68,34,1
47,19,1
33,5,1
34,4,1
-292,5,0
36,6,1
-295,4,0
89,73,1
34,4,1
28,2,1
24,2,1
25,1,1
40,10,1
27,3,1
32,6,1
40,10,1
31,3,1
39,7,1
87,47,1
108,102,1
-268,33,0
-295,4,0
38,8,1
66,32,1
44,18,1
37,9,1
-279,24,0
60,26,1
59,35,1
27,11,1
40,14,1
38,12,1
28,2,1
30,4,1
34,4,1
25,1,1
71,39,1
-298,7,0
-302,3,0
-286,7,0
25,1,1
60,42,1
79,79,1
-297,6,0
-289,10,0
60,30,1
-242,75,0
43,27,1
82,48,1
39,11,1
35,7,1
35,7,1
60,22,1
31,7,1
60,34,1
82,56,1
46,16,1
-279,24,0
36,6,1
63,43,1
-275,40,0
-300,5,0
39,7,1
104,66,1
-254,47,0
-296,5,0
61,29,1
-270,31,0
52,18,1
46,24,1
24,2,1
24,2,1
28,2,1
-258,39,0
24,2,1
-295,4,0
24,2,1
-267,32,0
41,9,1
33,5,1
107,87,1
65,37,1
-302,7,0
25,1,1
36,6,1
65,37,1
25,1,1
59,31,1
42,44,1
-282,11,0
40,14,1
32,6,1
30,4,1
82,52,1
49,13,1
31,3,1
35,23,1
-225,78,0
-274,15,0
52,34,1
68,30,1
41,13,1
39,7,1
31,3,1
25,1,1
57,29,1
28,2,1
-299,4,0
32,6,1
28,6,1
71,39,1
28,2,1
-295,4,0
112,94,1
39,11,1
36,6,1
42,12,1
-250,43,0
61,53,1
-290,11,0
47,11,1
25,1,1
28,2,1
25,1,1
33,13,1
40,14,1
58,32,1
38,8,1
-290,23,0
98,60,1
-283,16,0
-301,2,0
37,5,1
81,41,1
-280,17,0
44,14,1
48,26,1
52,22,1
25,1,1
74,44,1
40,10,1
53,29,1
59,19,1
48,14,1
54,28,1
109,81,1
34,16,1
50,16,1
48,18,1
215,235,1
30,4,1
92,82,1
81,45,1
29,5,1
30,4,1
55,31,1
33,9,1
25,1,1
60,22,1
-271,40,0
55,27,1
51,19,1
56,22,1
25,1,1
36,10,1
-245,58,0
25,1,1
45,21,1
34,4,1
-297,2,0
-297,6,0
98,72,1
-289,14,0
31,3,1
-265,34,0
33,9,1
54,20,1
-300,13,0
25,1,1
34,4,1
-300,1,0
34,4,1
-241,74,0
94,72,1
-222,83,0
52,18,1
25,1,1
29,5,1
-254,63,0
42,24,1
30,4,1
-294,3,0
24,2,1
45,13,1
152,142,1
91,67,1
67,51,1
28,6,1
39,11,1
56,18,1
103,79,1
-301,2,0
60,34,1
99,75,1
24,2,1
140,106,1
48,18,1
27,3,1
69,33,1
25,1,1
-297,2,0
25,1,1
25,1,1
25,1,1
28,2,1
25,1,1
-260,41,0
87,51,1
-289,18,0
61,37,1
-297,2,0
-228,81,0
-273,22,0
-286,27,0
-293,6,0
-300,1,0
25,1,1
56,38,1
-299,4,0
24,2,1
32,6,1
25,1,1
24,2,1
40,18,1
70,40,1
53,21,1
24,2,1
57,25,1
55,23,1
25,1,1
-289,14,0
91,55,1
48,18,1
84,46,1
-289,6,0
33,5,1
84,70,1
-286,19,0
57,33,1
-281,10,0
-294,7,0
30,4,1
44,14,1
77,41,1
39,11,1
61,33,1
28,2,1
36,6,1
72,34,1
35,7,1
50,16,1
80,62,1
31,3,1
42,12,1
40,6,1
25,1,1
-300,1,0
82,56,1
81,37,1
63,35,1
59,27,1
-250,71,0
30,4,1
-292,9,0
-299,4,0
25,1,1
57,25,1
85,49,1
83,47,1
-290,11,0
38,8,1
-265,30,0
33,5,1
27,7,1
26,4,1
38,20,1
28,2,1
26,4,1
59,19,1
-305,26,0
56,22,1
-285,14,0
111,83,1
25,1,1
53,21,1
32,6,1
25,1,1
77,61,1
25,1,1
56,26,1
-297,10,0
-284,17,0
26,4,1
25,1,1
-300,1,0
55,27,1
28,6,1
69,45,1
27,3,1
-299,12,0
36,6,1
-247,56,0
39,11,1
-276,21,0
40,6,1
43,11,1
24,2,1
31,7,1
73,45,1
-296,5,0
-295,12,0
-285,18,0
51,15,1
-300,1,0
31,3,1
48,22,1
55,19,1
56,30,1
60,22,1
37,5,1
36,6,1
42,20,1
34,8,1
34,4,1
26,4,1
-291,8,0
70,32,1
28,2,1
-300,1,0
51,19,1
51,23,1
25,1,1
25,1,1
53,21,1
55,15,1
122,84,1
40,6,1
31,3,1
47,23,1
-300,1,0
25,1,1
27,3,1
63,31,1
-295,4,0
31,3,1
65,37,1
-276,29,0
33,9,1
-294,3,0
63,31,1
54,24,1
25,1,1
-291,12,0
-301,6,0
120,102,1
25,1,1
-283,16,0
46,16,1
52,30,1
59,27,1
81,57,1
40,6,1
39,11,1
-271,76,0
54,28,1
30,4,1
38,12,1
41,13,1
31,3,1
54,20,1
28,2,1
51,15,1
24,2,1
-297,2,0
-288,13,0
30,4,1
-293,14,0
-261,58,0
-287,28,0
35,7,1
34,8,1
24,2,1
54,24,1
25,1,1
-274,31,0
-254,59,0
-295,4,0
48,14,1
41,9,1
28,2,1
39,11,1
48,42,1
86,56,1
-284,9,0
25,1,1
29,5,1
55,35,1
34,4,1
39,7,1
52,18,1
36,10,1
71,55,1
25,1,1
37,5,1
35,7,1
43,11,1
70,40,1
28,2,1
42,12,1
55,23,1
-266,31,0
-298,3,0
-271,60,0
69,37,1
-300,1,0
47,19,1
100,74,1
74,80,1
-299,4,0
72,46,1
60,34,1
-298,7,0
-300,1,0
37,9,1
37,9,1
-258,51,0
36,6,1
46,12,1
42,12,1
-263,40,0
90,56,1
39,7,1
31,3,1
-285,10,0
-253,54,0
63,23,1
28,10,1
-300,1,0
100,82,1
33,5,1
25,1,1
52,22,1
34,4,1
-244,49,0
-268,33,0
-289,26,0
46,24,1
-181,122,0
33,5,1
34,8,1
25,1,1
43,15,1
61,33,1
28,2,1
32,6,1
-207,92,0
66,32,1
74,52,1
124,118,1
-274,27,0
-279,24,0
-192,129,0
28,2,1
57,21,1
-300,1,0
27,3,1
34,4,1
-267,48,0
31,3,1
-291,16,0
85,53,1
72,46,1
31,3,1
-285,22,0
-295,8,0
39,15,1
29,5,1
25,1,1
-279,20,0
25,1,1
64,26,1
52,18,1
23,3,1
88,58,1
25,1,1
-278,15,0
51,15,1
38,12,1
-292,9,0
-294,15,0
33,5,1
53,25,1
49,13,1
-300,5,0
39,7,1
46,16,1
57,21,1
32,6,1
66,32,1
-272,29,0
109,73,1
59,23,1
28,2,1
82,40,1
53,29,1
108,78,1
47,15,1
-296,5,0
-279,12,0
37,5,1
43,15,1
-295,4,0
29,5,1
79,43,1
42,12,1
28,2,1
30,8,1
81,57,1
31,3,1
25,1,1
32,6,1
51,15,1
25,1,1
78,48,1
53,21,1
-251,60,0
74,32,1
-299,4,0
103,87,1
-258,35,0
65,29,1
45,9,1
-297,10,0
28,2,1
70,40,1
33,5,1
51,15,1
55,39,1
-295,4,0
-299,4,0
-302,3,0
25,1,1
72,54,1
36,6,1
70,32,1
39,7,1
51,15,1
25,1,1
-262,43,0
34,4,1
40,10,1
35,11,1
-248,57,0
25,1,1
58,24,1
25,1,1
-290,7,0
-289,6,0
35,7,1
-260,41,0
-281,46,0
44,14,1
-288,13,0
-295,4,0
35,7,1
-289,22,0
47,11,1
55,31,1
42,8,1
43,15,1
30,4,1
28,2,1
-295,4,0
-294,3,0
28,2,1
33,5,1
79,55,1
-286,7,0
-290,23,0
34,8,1
-277,18,0
34,4,1
53,21,1
119,91,1
31,3,1
102,72,1
42,8,1
-292,9,0
-281,26,0
30,4,1
-283,16,0
-279,28,0
45,37,1
-285,14,0
-298,3,0
58,32,1
25,1,1
38,12,1
-251,48,0
24,2,1
53,21,1
44,10,1
38,12,1
37,9,1
-258,51,0
24,2,1
34,8,1
-280,25,0
-287,8,0
95,87,1
-285,10,0
-271,24,0
24,2,1
45,9,1
-298,3,0
52,18,1
25,1,1
58,40,1
93,69,1
33,5,1
25,1,1
70,36,1
72,46,1
38,24,1
42,8,1
-296,9,0
71,39,1
69,37,1
-288,25,0
68,26,1
48,18,1
39,7,1
43,11,1
55,27,1
-288,17,0
25,1,1
50,24,1
38,8,1
32,6,1
-297,2,0
-268,29,0
98,76,1
52,38,1
28,2,1
74,36,1
36,10,1
54,20,1
-298,3,0
143,99,1
-302,7,0
34,4,1
86,72,1
-281,14,0
-288,17,0
59,31,1
31,7,1
55,23,1
27,3,1
46,16,1
32,10,1
41,9,1
58,56,1
33,9,1
76,46,1
-287,12,0
44,10,1
69,41,1
59,19,1
44,10,1
40,14,1
53,17,1
-290,15,0
63,31,1
95,75,1
-299,4,0
61,25,1
-272,17,0
51,43,1
-282,15,0
24,2,1
39,7,1
45,17,1
30,4,1
54,20,1
79,59,1
70,88,1
36,6,1
34,8,1
-295,4,0
-249,74,0
44,18,1
-291,12,0
31,7,1
123,95,1
56,38,1
-291,8,0
90,52,1
-272,33,0
44,10,1
42,16,1
28,2,1
66,28,1
28,2,1
59,23,1
41,9,1
25,1,1
31,3,1
39,11,1
62,36,1
71,47,1
39,7,1
61,33,1
32,6,1
25,1,1
25,1,1
32,6,1
-292,9,0
-300,1,0
-287,8,0
40,10,1
36,14,1
-288,9,0
32,6,1
65,61,1
28,2,1
35,7,1
-294,7,0
33,5,1
-294,11,0
24,2,1
25,1,1
29,5,1
61,29,1
-300,1,0
25,1,1
50,16,1
28,2,1
38,8,1
66,36,1
28,10,1
48,26,1
41,9,1
-299,4,0
41,9,1
51,19,1
-293,6,0
71,39,1
51,27,1
25,1,1
79,59,1
33,9,1
-272,21,0
31,3,1
-290,19,0
27,3,1
-287,8,0
-252,49,0
25,1,1
68,46,1
55,27,1
35,15,1
30,4,1
25,1,1
72,34,1
25,1,1
68,30,1
-171,164,0
75,51,1
-300,5,0
-189,134,0
118,108,1
83,51,1
33,9,1
63,31,1
49,13,1
44,18,1
84,70,1
64,34,1
68,34,1
-268,37,0
25,1,1
-282,23,0
27,3,1
28,2,1
68,38,1
34,4,1
25,1,1
-285,14,0
-300,1,0
-282,11,0
-246,51,0
-247,44,0
27,3,1
-250,43,0
29,5,1
48,14,1
-290,11,0
89,61,1
28,2,1
96,58,1
-301,2,0
81,69,1
53,21,1
-289,6,0
73,37,1
46,20,1
49,13,1
28,2,1
24,2,1
25,1,1
25,1,1
-297,6,0
25,1,1
-270,27,0
-295,4,0
183,195,1
48,10,1
-296,5,0
58,20,1
27,3,1
51,27,1
38,8,1
-245,78,0
25,1,1
77,53,1
25,1,1
44,14,1
-262,47,0
92,58,1
56,30,1
72,30,1
111,91,1
25,1,1
33,5,1
26,4,1
72,34,1
26,4,1
31,3,1
-293,6,0
-300,1,0
27,3,1
25,1,1
110,76,1
27,3,1
-300,1,0
40,14,1
25,1,1
68,42,1
60,30,1
69,49,1
31,3,1
28,2,1
-271,28,0
-217,110,0
35,11,1
34,8,1
27,3,1
-277,66,0
28,2,1
25,1,1
50,16,1
53,17,1
-252,41,0
31,3,1
30,4,1
-265,62,0
63,35,1
-229,82,0
79,39,1
-284,29,0
25,1,1
-276,25,0
31,3,1
48,26,1
65,33,1
45,21,1
50,32,1
41,9,1
47,19,1
62,36,1
25,1,1
30,4,1
44,14,1
-298,3,0
-260,37,0
46,12,1
61,33,1
25,1,1
25,1,1
42,16,1
34,4,1
40,10,1
32,10,1
-296,5,0
63,35,1
65,21,1
-290,11,0
41,13,1
-269,38,0
43,11,1
28,2,1
-269,30,0
63,31,1
59,27,1
57,17,1
-277,30,0
-166,151,0
40,6,1
56,18,1
48,30,1
93,53,1
28,2,1
40,6,1
57,21,1
-300,1,0
38,8,1
31,3,1
31,3,1
81,61,1
24,2,1
-216,113,0
-267,48,0
40,14,1
31,7,1
93,85,1
-298,3,0
24,2,1
47,11,1
82,40,1
-277,26,0
-227,84,0
25,1,1
28,2,1
95,83,1
60,42,1
25,1,1
25,1,1
-285,14,0
-292,9,0
28,6,1
31,3,1
66,40,1
69,61,1
51,19,1
65,29,1
-240,65,0
-297,6,0
33,5,1
36,10,1
49,17,1
73,41,1
25,1,1
39,11,1
-275,32,0
41,9,1
55,19,1
-251,52,0
86,48,1
-290,11,0
30,4,1
-280,21,0
61,25,1
-298,7,0
36,6,1
136,102,1
54,20,1
-297,2,0
-298,3,0
-277,14,0
59,31,1
62,36,1
51,19,1
25,1,1
-272,29,0
25,1,1
97,77,1
39,7,1
-269,30,0
65,29,1
-300,1,0
53,25,1
32,6,1
92,74,1
-302,7,0
42,16,1
-291,8,0
-235,72,0
40,22,1
28,2,1
109,109,1
-299,4,0
-264,33,0
83,51,1
29,9,1
68,30,1
28,2,1
38,8,1
-255,68,0
-287,16,0
48,14,1
33,5,1
131,107,1
71,43,1
25,1,1
-290,11,0
31,3,1
-278,31,0
72,54,1
95,83,1
-275,32,0
-296,5,0
-273,26,0
137,129,1
-266,87,0
65,45,1
30,8,1
136,126,1
57,29,1
34,4,1
55,19,1
-294,7,0
37,13,1
-260,53,0
65,29,1
80,50,1
37,9,1
-299,4,0
33,5,1
-298,3,0
38,8,1
31,3,1
55,19,1
39,7,1
-270,39,0
30,8,1
28,2,1
-288,13,0
24,2,1
-269,42,0
-291,8,0
79,47,1
71,55,1
-274,27,0
33,5,1
-290,11,0
45,17,1
25,1,1
-273,30,0
54,20,1
43,11,1
70,40,1
-287,20,0
42,12,1
43,11,1
30,12,1
28,2,1
86,56,1
-230,83,0
-283,12,0
-288,29,0
37,5,1
-296,9,0
-269,34,0
36,6,1
91,55,1
-260,33,0
103,79,1
64,22,1
-300,1,0
30,4,1
41,13,1
49,13,1
-300,1,0
-308,13,0
45,13,1
66,36,1
31,3,1
-249,86,0
28,2,1
55,23,1
-267,24,0
88,66,1
95,95,1
37,9,1
-297,2,0
78,56,1
27,3,1
44,26,1
-294,11,0
-260,29,0
-293,6,0
-291,4,0
-287,24,0
-277,34,0
48,18,1
31,3,1
25,1,1
35,7,1
-239,56,0
38,12,1
-295,12,0
24,2,1
67,43,1
81,53,1
-297,2,0
-245,50,0
45,13,1
77,33,1
96,66,1
77,57,1
28,2,1
47,19,1
35,15,1
77,37,1
24,2,1
80,42,1
41,13,1
-288,13,0
37,9,1
82,52,1
38,8,1
28,2,1
31,3,1
56,30,1
49,17,1
37,9,1
96,66,1
56,30,1
-216,85,0
-278,27,0
-276,21,0
30,4,1
27,3,1
-283,20,0
28,2,1
-282,47,0
34,4,1
152,130,1
24,2,1
50,16,1
-270,47,0
30,4,1
-282,27,0
37,9,1
-295,8,0
73,41,1
107,79,1
-241,74,0
31,3,1
69,25,1
25,1,1
-276,21,0
-300,1,0
25,1,1
73,33,1
38,8,1
34,4,1
45,13,1
42,16,1
37,5,1
-300,1,0
34,12,1
-290,7,0
66,24,1
38,8,1
-277,14,0
-273,30,0
27,7,1
-297,2,0
-273,58,0
-279,24,0
24,2,1
-275,16,0
-242,83,0
25,1,1
30,4,1
27,3,1
-275,20,0
-285,14,0
25,1,1
29,5,1
65,45,1
29,5,1
46,12,1
37,5,1
-295,12,0
50,16,1
35,11,1
-263,28,0
78,48,1
38,8,1
33,5,1
70,40,1
36,6,1
86,56,1
32,6,1
30,4,1
33,5,1
24,2,1
38,8,1
31,7,1
39,7,1
-260,37,0
70,36,1
25,1,1
67,35,1
31,3,1
-275,24,0
38,12,1
94,92,1
28,2,1
66,32,1
102,88,1
31,3,1
-267,32,0
47,11,1
-292,9,0
24,2,1
39,7,1
81,41,1
25,1,1
28,2,1
-289,42,0
25,1,1
77,49,1
33,9,1
-246,71,0
44,14,1
83,43,1
68,46,1
27,3,1
-300,1,0
45,21,1
38,44,1
64,34,1
48,18,1
24,2,1
57,33,1
59,27,1
59,19,1
43,7,1
25,1,1
-292,5,0
86,60,1
-297,2,0
60,38,1
58,36,1
-300,1,0
25,1,1
24,2,1
67,35,1
46,12,1
25,1,1
48,14,1
-300,5,0
160,146,1
30,4,1
51,23,1
45,9,1
33,5,1
-286,11,0
42,8,1
31,11,1
-246,39,0
24,2,1
34,4,1
34,8,1
-299,4,0
53,21,1
-189,114,0
-284,21,0
29,5,1
37,9,1
-231,88,0
58,20,1
39,11,1
56,18,1
41,17,1
61,29,1
105,57,1
-289,10,0
45,17,1
42,8,1
37,25,1
28,2,1
40,10,1
-284,29,0
31,3,1
54,40,1
-280,17,0
61,29,1
84,66,1
25,1,1
-257,54,0
35,11,1
42,16,1
37,5,1
-292,9,0
32,6,1
91,55,1
31,3,1
35,7,1
-298,7,0
48,14,1
-301,2,0
44,10,1
50,32,1
74,48,1
61,29,1
38,12,1
119,91,1
79,43,1
41,25,1
50,12,1
86,68,1
45,17,1
25,1,1
-278,23,0
25,1,1
-288,9,0
87,51,1
25,1,1
56,18,1
94,76,1
52,22,1
94,60,1
76,50,1
49,17,1
61,33,1
-294,3,0
-274,23,0
-270,39,0
64,30,1
31,3,1
39,7,1
-285,10,0
44,14,1
-292,9,0
-261,70,0
41,13,1
48,18,1
25,1,1
30,4,1
67,31,1
-301,2,0
37,5,1
-295,8,0
25,1,1
46,12,1
-297,2,0
-294,3,0
64,22,1
75,55,1
61,25,1
-297,6,0
79,51,1
53,17,1
-274,31,0
33,9,1
40,18,1
64,26,1
-267,32,0
70,40,1
31,3,1
-286,11,0
31,7,1
-293,6,0
39,7,1
25,1,1
86,60,1
51,19,1
-285,22,0
26,4,1
-284,17,0
-298,3,0
39,11,1
34,4,1
35,7,1
25,1,1
91,59,1
43,15,1
50,16,1
32,6,1
40,6,1
97,61,1
82,60,1
52,18,1
25,1,1
32,6,1
80,58,1
35,11,1
-249,58,0
30,4,1
-284,21,0
30,4,1
-299,4,0
47,15,1
55,43,1
41,17,1
87,63,1
-275,20,0
38,8,1
78,44,1
138,100,1
-290,11,0
25,1,1
43,15,1
-296,5,0
71,31,1
44,10,1
-300,1,0
-256,65,0
28,2,1
-304,5,0
36,10,1
25,1,1
53,21,1
52,14,1
68,42,1
36,10,1
-297,2,0
-300,1,0
31,3,1
-291,12,0
113,97,1
-297,2,0
61,25,1
-275,28,0
-280,13,0
41,9,1
25,1,1
60,22,1
-196,145,0
34,4,1
-285,18,0
-264,41,0
25,1,1
-280,9,0
73,49,1
25,1,1
60,34,1
30,4,1
57,21,1
37,13,1
88,46,1
69,29,1
37,9,1
66,28,1
40,6,1
25,1,1
32,10,1
25,1,1
25,1,1
38,12,1
28,2,1
-294,11,0
80,42,1
-293,14,0
58,32,1
25,1,1
-268,49,0
51,15,1
-259,48,0
-250,39,0
33,5,1
-283,8,0
-304,25,0
50,20,1
-259,40,0
44,22,1
42,24,1
45,17,1
61,29,1
62,44,1
77,41,1
77,49,1
26,4,1
48,14,1
25,1,1
25,1,1
25,1,1
-292,21,0
-264,33,0
34,4,1
62,28,1
55,19,1
73,69,1
28,2,1
128,94,1
-274,27,0
35,7,1
58,24,1
38,16,1
27,3,1
75,39,1
79,63,1
-284,13,0
59,27,1
37,9,1
-295,4,0
-296,9,0
-254,75,0
54,36,1
52,26,1
44,14,1
34,4,1
107,103,1
33,9,1
32,6,1
35,7,1
29,5,1
47,11,1
33,5,1
31,7,1
-295,8,0
-276,49,0
37,9,1
31,3,1
29,5,1
-300,1,0
31,3,1
72,30,1
32,6,1
64,22,1
42,16,1
-258,91,0
28,2,1
63,31,1
59,31,1
55,19,1
-290,11,0
72,42,1
25,1,1
-300,1,0
-294,7,0
59,19,1
25,1,1
35,7,1
-237,58,0
-211,88,0
27,3,1
62,24,1
-287,24,0
30,4,1
88,86,1
29,5,1
39,7,1
34,20,1
48,18,1
93,57,1
76,34,1
48,26,1
31,11,1
-283,12,0
49,17,1
47,23,1
42,8,1
-300,1,0
40,14,1
68,42,1
47,15,1
36,6,1
32,6,1
48,18,1
-288,9,0
43,11,1
26,4,1
-278,19,0
27,3,1
-295,12,0
73,45,1
64,30,1
185,181,1
51,19,1
25,1,1
35,7,1
24,2,1
27,3,1
96,58,1
25,1,1
85,53,1
54,16,1
-297,10,0
30,4,1
-280,21,0
48,14,1
97,65,1
37,5,1
67,43,1
-290,7,0
24,2,1
53,25,1
32,10,1
39,7,1
-292,9,0
28,2,1
73,33,1
75,35,1
86,48,1
53,17,1
33,5,1
-294,7,0
46,12,1
40,10,1
39,11,1
75,43,1
25,1,1
43,11,1
38,8,1
65,41,1
61,33,1
57,21,1
115,79,1
52,18,1
98,64,1
46,28,1
-296,9,0
58,20,1
25,1,1
-292,9,0
40,6,1
57,37,1
83,59,1
39,7,1
44,10,1
33,5,1
68,34,1
32,6,1
39,7,1
118,108,1
96,58,1
-300,1,0
25,1,1
63,27,1
49,17,1
-297,2,0
31,3,1
24,2,1
28,2,1
53,21,1
43,15,1
-261,42,0
61,29,1
-216,81,0
55,19,1
25,1,1
58,12,1
-269,70,0
34,4,1
53,21,1
-297,6,0
40,10,1
82,48,1
52,22,1
-293,10,0
70,32,1
46,12,1
61,25,1
50,16,1
-283,16,0
-288,9,0
25,1,1
-285,10,0
32,6,1
25,1,1
33,5,1
-284,13,0
41,13,1
85,53,1
84,46,1
25,1,1
-279,32,0
-302,7,0
41,9,1
42,12,1
43,15,1
61,29,1
45,25,1
80,38,1
91,47,1
31,3,1
63,27,1
24,2,1
81,45,1
38,8,1
35,7,1
31,3,1
44,14,1
31,3,1
-282,27,0
-249,70,0
49,21,1
-255,60,0
28,2,1
65,29,1
59,23,1
59,23,1
50,12,1
-259,40,0
43,15,1
30,4,1
-301,6,0
42,16,1
-300,1,0
41,13,1
25,1,1
-287,20,0
-298,3,0
47,19,1
25,1,1
39,15,1
27,3,1
28,2,1
-281,46,0
-158,151,0
33,9,1
52,22,1
55,23,1
-290,15,0
61,25,1
38,8,1
49,17,1
29,5,1
-296,5,0
42,12,1
-279,20,0
38,8,1
26,8,1
46,24,1
138,160,1
-265,42,0
75,59,1
66,28,1
49,21,1
80,50,1
76,34,1
25,1,1
37,9,1
36,6,1
-248,49,0
43,11,1
85,45,1
27,3,1
32,6,1
-293,10,0
-274,15,0
73,45,1
78,60,1
27,3,1
97,69,1
43,11,1
46,12,1
40,6,1
50,16,1
81,53,1
-287,28,0
84,50,1
-249,46,0
60,26,1
54,16,1
50,24,1
-286,19,0
-268,29,0
25,1,1
25,1,1
95,55,1
72,42,1
30,4,1
25,1,1
-300,1,0
52,18,1
50,44,1
29,9,1
99,71,1
52,18,1
31,7,1
63,31,1
61,29,1
34,8,1
43,7,1
40,6,1
45,9,1
31,3,1
66,32,1
64,38,1
38,8,1
28,2,1
31,3,1
46,52,1
75,43,1
-293,22,0
49,21,1
-289,14,0
30,4,1
-258,39,0
38,8,1
55,23,1
-301,22,0
-292,9,0
80,42,1
38,8,1
25,1,1
50,20,1
44,14,1
-300,1,0
-296,21,0
37,5,1
37,9,1
41,13,1
-300,1,0
89,57,1
48,14,1
25,1,1
-270,31,0
28,2,1
56,22,1
46,16,1
34,8,1
25,1,1
49,21,1
25,1,1
-283,32,0
118,88,1
83,39,1
-283,12,0
-300,1,0
30,4,1
-271,24,0
62,36,1
25,1,1
206,188,1
35,7,1
-280,37,0
66,32,1
-308,9,0
72,42,1
40,14,1
25,1,1
40,18,1
158,144,1
39,7,1
-300,1,0
42,12,1
-285,14,0
49,17,1
-301,2,0
44,14,1
72,54,1
54,16,1
47,15,1
-208,113,0
49,9,1
34,12,1
64,34,1
64,34,1
71,55,1
38,8,1
34,8,1
69,45,1
54,20,1
30,4,1
-276,25,0
-293,10,0
50,16,1
-300,1,0
34,16,1
-260,41,0
-297,2,0
-283,28,0
30,4,1
-292,9,0
-244,81,0
44,14,1
45,17,1
-297,2,0
53,25,1
44,10,1
42,12,1
32,6,1
25,1,1
40,10,1
-267,24,0
31,3,1
66,24,1
25,1,1
-275,20,0
28,2,1
42,8,1
46,8,1
28,2,1
47,19,1
39,11,1
59,23,1
40,14,1
36,6,1
-291,8,0
41,9,1
33,5,1
54,24,1
-298,7,0
58,40,1
72,46,1
31,7,1
33,5,1
25,1,1
-293,10,0
152,138,1
36,6,1
67,27,1
43,15,1
38,12,1
34,4,1
55,23,1
45,9,1
55,23,1
36,14,1
37,5,1
-271,24,0
60,34,1
24,2,1
36,6,1
-299,4,0
25,1,1
36,6,1
44,10,1
67,23,1
31,3,1
91,67,1
-245,70,0
41,17,1
-261,54,0
30,4,1
39,7,1
31,3,1
37,5,1
26,4,1
31,11,1
59,19,1
34,4,1
45,25,1
-297,2,0
41,9,1
25,1,1
-295,4,0
-297,2,0
24,2,1
71,39,1
34,4,1
127,103,1
42,12,1
25,1,1
80,42,1
48,18,1
24,2,1
61,25,1
48,26,1
31,3,1
45,13,1
25,1,1
50,24,1
39,11,1
25,1,1
30,4,1
49,21,1
-269,30,0
61,29,1
34,4,1
36,6,1
38,8,1
40,6,1
24,2,1
28,38,1
81,57,1
25,1,1
91,63,1
30,20,1
24,2,1
25,1,1
56,22,1
-283,16,0
-235,52,0
88,66,1
45,17,1
106,72,1
-277,38,0
31,3,1
130,96,1
73,37,1
40,6,1
64,34,1
85,53,1
39,15,1
25,1,1
24,2,1
101,89,1
39,7,1
-241,66,0
48,18,1
63,39,1
33,9,1
57,25,1
24,2,1
43,15,1
47,19,1
29,5,1
43,27,1
89,65,1
25,1,1
44,14,1
113,113,1
39,7,1
-266,35,0
-265,42,0
96,90,1
33,5,1
47,15,1
51,19,1
35,11,1
77,37,1
25,1,1
36,6,1
82,48,1
44,10,1
49,17,1
28,2,1
27,3,1
28,2,1
27,3,1
43,15,1
41,13,1
56,14,1
64,38,1
33,5,1
56,62,1
46,20,1
53,21,1
25,1,1
25,1,1
50,28,1
28,2,1
37,9,1
-292,17,0
33,5,1
36,6,1
45,21,1
50,20,1
92,62,1
79,51,1
30,4,1
28,2,1
28,2,1
-291,4,0
47,11,1
74,32,1
49,13,1
35,7,1
40,6,1
-300,33,0
37,9,1
36,6,1
-280,13,0
76,50,1
84,62,1
59,15,1
-289,14,0
-297,2,0
77,49,1
87,47,1
-297,2,0
50,16,1
-300,1,0
31,3,1
49,25,1
-279,24,0
67,31,1
25,1,1
72,38,1
37,5,1
50,28,1
63,27,1
28,2,1
44,14,1
28,2,1
24,2,1
-292,9,0
77,45,1
43,7,1
47,11,1
44,14,1
45,21,1
84,50,1
25,1,1
58,20,1
28,2,1
48,18,1
-263,48,0
28,2,1
41,13,1
43,15,1
-300,5,0
39,15,1
55,23,1
74,40,1
38,8,1
-294,19,0
75,39,1
28,2,1
53,25,1
66,28,1
45,25,1
25,1,1
48,22,1
43,15,1
53,17,1
84,50,1
31,7,1
-290,15,0
47,19,1
98,60,1
-266,27,0
34,8,1
69,41,1
28,2,1
31,3,1
40,10,1
30,4,1
34,4,1
25,1,1
64,26,1
40,10,1
57,21,1
33,5,1
45,13,1
-281,14,0
39,7,1
-297,14,0
30,8,1
40,10,1
99,83,1
103,71,1
160,186,1
30,4,1
25,1,1
44,14,1
52,18,1
-301,2,0
-268,33,0
53,21,1
48,10,1
-287,8,0
-248,45,0
39,11,1
70,32,1
-294,7,0
27,3,1
35,7,1
32,6,1
73,29,1
54,16,1
25,1,1
28,2,1
49,21,1
46,20,1
25,1,1
25,1,1
43,11,1
38,12,1
73,53,1
-299,24,0
47,19,1
-299,4,0
41,13,1
25,1,1
49,13,1
36,6,1
62,44,1
30,4,1
-250,47,0
58,24,1
66,28,1
50,40,1
74,44,1
-233,66,0
35,11,1
37,5,1
48,18,1
31,3,1
-285,50,0
-237,50,0
25,1,1
32,6,1
91,59,1
38,8,1
-308,9,0
-272,21,0
33,5,1
36,6,1
-283,12,0
-297,6,0
36,10,1
57,29,1
48,22,1
39,7,1
80,54,1
39,7,1
64,30,1
43,11,1
-281,18,0
34,8,1
50,16,1
41,9,1
66,28,1
33,5,1
38,8,1
33,9,1
-295,4,0
44,14,1
112,86,1
27,3,1
35,7,1
59,23,1
-285,10,0
25,1,1
34,4,1
25,1,1
-280,33,0
28,2,1
29,5,1
31,3,1
42,12,1
52,18,1
91,51,1
77,41,1
-287,20,0
36,6,1
25,1,1
34,4,1
-284,33,0
-251,36,0
48,18,1
81,49,1
25,1,1
53,25,1
-300,1,0
-278,47,0
69,25,1
25,1,1
86,56,1
24,2,1
-287,12,0
77,37,1
28,2,1
25,1,1
49,13,1
25,1,1
35,11,1
-251,64,0
61,25,1
25,1,1
25,1,1
-293,18,0
72,38,1
82,60,1
25,1,1
49,25,1
53,25,1
36,6,1
25,1,1
103,67,1
-253,46,0
59,27,1
25,1,1
119,91,1
44,10,1
-305,6,0
50,16,1
-299,4,0
-300,1,0
30,4,1
44,14,1
35,7,1
25,1,1
-285,18,0
25,1,1
-274,27,0
44,14,1
28,2,1
110,104,1
25,1,1
118,84,1
40,14,1
28,2,1
62,28,1
-299,24,0
25,1,1
28,2,1
28,2,1
-300,1,0
52,14,1
41,9,1
27,3,1
45,45,1
28,2,1
120,90,1
35,7,1
-297,2,0
34,4,1
73,33,1
-300,5,0
-177,122,0
89,57,1
-273,22,0
35,7,1
40,14,1
85,69,1
-295,4,0
25,1,1
28,2,1
30,4,1
49,17,1
63,27,1
42,16,1
25,1,1
73,49,1
51,19,1
-292,5,0
26,4,1
48,26,1
132,106,1
58,24,1
75,35,1
-295,8,0
55,27,1
29,5,1
-290,11,0
28,2,1
33,5,1
89,53,1
103,67,1
66,32,1
62,60,1
35,15,1
62,36,1
64,26,1
47,15,1
-289,10,0
87,51,1
28,2,1
28,2,1
-273,30,0
-309,22,0
37,9,1
49,13,1
51,23,1
41,9,1
59,23,1
37,9,1
81,65,1
-302,7,0
50,28,1
-293,22,0
99,67,1
66,24,1
41,13,1
34,4,1
25,1,1
31,3,1
30,4,1
31,3,1
48,26,1
28,2,1
28,2,1
66,36,1
25,1,1
28,2,1
73,33,1
-247,76,0
58,24,1
52,18,1
39,11,1
38,12,1
34,8,1
41,9,1
-261,62,0
142,120,1
44,10,1
24,2,1
25,1,1
53,17,1
-232,77,0
25,1,1
42,12,1
32,6,1
38,8,1
111,99,1
43,11,1
-304,5,0
-283,20,0
-269,42,0
28,2,1
58,28,1
-300,5,0
28,2,1
-293,10,0
47,23,1
46,12,1
43,11,1
53,45,1
-291,12,0
25,1,1
31,3,1
-300,1,0
67,35,1
35,7,1
52,22,1
28,2,1
45,13,1
25,1,1
32,6,1
50,16,1
25,1,1
-299,16,0
25,1,1
24,2,1
-296,5,0
88,62,1
28,2,1
25,1,1
55,23,1
73,45,1
44,14,1
35,7,1
25,1,1
-270,47,0
39,11,1
38,8,1
25,1,1
50,16,1
51,15,1
41,13,1
61,33,1
28,2,1
30,4,1
-300,1,0
-295,4,0
-297,2,0
30,4,1
77,41,1
31,3,1
24,2,1
83,79,1
31,3,1
95,63,1
43,11,1
44,10,1
24,2,1
44,10,1
69,45,1
-300,1,0
-292,9,0
-267,32,0
35,7,1
42,16,1
26,4,1
47,19,1
30,4,1
-294,7,0
31,3,1
81,53,1
41,17,1
76,50,1
77,33,1
-245,90,0
-297,10,0
46,16,1
35,7,1
39,27,1
46,16,1
48,14,1
30,20,1
45,13,1
91,63,1
58,24,1
57,29,1
31,3,1
63,23,1
28,6,1
80,50,1
61,29,1
46,12,1
41,13,1
35,7,1
34,4,1
28,2,1
30,4,1
28,2,1
-282,19,0
24,2,1
38,8,1
35,7,1
36,6,1
53,17,1
58,20,1
96,82,1
27,3,1
28,6,1
40,10,1
93,61,1
83,59,1
136,98,1
52,22,1
61,25,1
34,8,1
-296,5,0
-284,25,0
41,13,1
-288,17,0
-300,5,0
29,5,1
30,4,1
-282,11,0
41,9,1
100,98,1
54,28,1
69,29,1
-297,2,0
48,14,1
106,72,1
-298,3,0
57,25,1
52,22,1
32,10,1
34,4,1
28,2,1
148,154,1
43,47,1
62,20,1
55,23,1
44,10,1
61,29,1
45,9,1
-255,40,0
51,39,1
35,7,1
27,3,1
25,1,1
28,2,1
45,9,1
63,23,1
49,25,1
79,47,1
25,1,1
47,15,1
31,7,1
29,5,1
27,3,1
56,34,1
-298,3,0
30,16,1
38,8,1
-291,24,0
50,20,1
85,49,1
24,2,1
24,2,1
25,1,1
34,8,1
-296,21,0
65,29,1
-280,29,0
33,5,1
71,39,1
-279,16,0
108,66,1
46,12,1
31,3,1
28,2,1
34,4,1
28,2,1
80,38,1
82,44,1
-285,26,0
26,4,1
44,18,1
38,8,1
40,10,1
32,6,1
56,22,1
28,2,1
55,23,1
56,18,1
59,35,1
75,43,1
41,9,1
37,5,1
-290,15,0
-287,12,0
-231,108,0
45,21,1
58,32,1
47,15,1
62,40,1
66,32,1
45,33,1
43,11,1
-269,54,0
53,33,1
-274,19,0
24,2,1
28,2,1
43,11,1
-299,4,0
51,15,1
42,8,1
62,24,1
30,4,1
36,6,1
89,61,1
-283,16,0
99,67,1
24,2,1
50,16,1
39,11,1
-279,20,0
35,7,1
-293,6,0
-298,11,0
27,3,1
35,7,1
33,5,1
31,3,1
-287,20,0
27,3,1
-267,20,0
32,6,1
24,2,1
98,64,1
78,36,1
46,32,1
-300,1,0
-232,69,0
25,1,1
-287,12,0
45,13,1
47,15,1
36,10,1
45,13,1
34,4,1
50,32,1
55,23,1
91,47,1
48,14,1
69,33,1
-297,2,0
30,4,1
39,7,1
-297,6,0
64,42,1
31,3,1
45,29,1
-300,5,0
70,32,1
28,2,1
-296,21,0
29,5,1
-267,40,0
43,11,1
32,6,1
44,14,1
47,15,1
132,102,1
28,2,1
30,4,1
35,11,1
35,11,1
-297,2,0
-276,17,0
32,6,1
62,28,1
25,1,1
-285,10,0
39,11,1
34,4,1
25,1,1
40,14,1
28,2,1
45,17,1
76,54,1
37,13,1
-282,11,0
-291,8,0
30,4,1
31,3,1
31,3,1
45,17,1
28,2,1
42,12,1
28,2,1
-302,3,0
55,27,1
78,44,1
73,33,1
-301,6,0
26,4,1
33,9,1
63,35,1
28,2,1
-300,5,0
25,1,1
48,18,1
25,1,1
31,3,1
27,3,1
41,9,1
31,3,1
-286,15,0
25,1,1
33,5,1
58,24,1
56,18,1
35,11,1
78,44,1
28,2,1
28,2,1
28,2,1
50,16,1
28,2,1
25,1,1
25,1,1
44,18,1
39,11,1
-288,17,0
76,50,1
-276,33,0
89,73,1
-276,21,0
76,46,1
67,39,1
25,1,1
50,16,1
-303,12,0
53,25,1
25,1,1
112,70,1
25,1,1
36,6,1
36,6,1
45,17,1
49,17,1
44,14,1
29,9,1
25,1,1
57,25,1
33,5,1
-302,3,0
37,9,1
49,13,1
50,16,1
32,6,1
29,5,1
24,2,1
44,14,1
36,6,1
76,42,1
33,5,1
33,5,1
-242,59,0
52,18,1
31,3,1
54,24,1
29,5,1
54,28,1
79,55,1
22,4,1
47,31,1
87,47,1
-272,29,0
49,9,1
54,24,1
-300,1,0
-300,1,0
31,3,1
104,78,1
58,24,1
39,7,1
35,7,1
90,48,1
-239,72,0
54,16,1
46,8,1
43,19,1
41,9,1
36,10,1
25,1,1
87,55,1
58,24,1
37,13,1
85,49,1
63,31,1
91,55,1
-284,13,0
85,49,1
38,16,1
-271,32,0
24,2,1
34,12,1
25,1,1
97,65,1
-301,2,0
25,1,1
25,1,1
25,1,1
50,20,1
28,2,1
58,28,1
56,26,1
-300,1,0
38,12,1
28,2,1
25,1,1
64,42,1
51,19,1
49,13,1
25,1,1
54,24,1
109,77,1
-279,36,0
-265,26,0
58,48,1
50,24,1
49,17,1
-287,12,0
75,47,1
42,12,1
66,28,1
43,11,1
-281,22,0
32,6,1
-303,4,0
28,2,1
46,12,1
44,14,1
25,1,1
-297,18,0
69,33,1
72,46,1
-285,22,0
25,1,1
34,4,1
50,16,1
31,3,1
28,2,1
40,10,1
66,48,1
53,21,1
65,49,1
36,10,1
31,7,1
45,9,1
55,19,1
77,45,1
88,50,1
61,25,1
62,20,1
-301,2,0
25,1,1
31,3,1
-288,17,0
40,10,1
32,6,1
25,1,1
25,1,1
-298,3,0
40,22,1
54,28,1
92,74,1
81,41,1
-287,12,0
69,37,1
-296,21,0
34,4,1
-267,48,0
42,20,1
41,9,1
25,1,1
40,18,1
33,5,1
58,28,1
54,12,1
75,39,1
69,33,1
33,5,1
-301,6,0
41,9,1
-294,3,0
70,32,1
25,1,1
35,7,1
32,6,1
-279,12,0
25,1,1
39,7,1
-282,15,0
37,5,1
-274,31,0
-287,16,0
28,2,1
37,9,1
57,25,1
44,10,1
39,11,1
47,19,1
38,8,1
-298,7,0
-287,8,0
69,37,1
28,2,1
93,69,1
36,6,1
-300,1,0
30,4,1
43,15,1
28,2,1
24,2,1
54,16,1
60,34,1
48,14,1
102,84,1
41,17,1
-252,57,0
81,49,1
56,22,1
43,11,1
56,22,1
36,14,1
62,36,1
39,11,1
56,18,1
28,6,1
45,17,1
56,22,1
37,5,1
62,28,1
92,54,1
72,38,1
37,5,1
-286,19,0
-245,78,0
45,13,1
-293,14,0
-267,48,0
28,2,1
25,1,1
55,19,1
-221,102,0
-266,35,0
39,11,1
78,48,1
-300,1,0
-257,34,0
36,6,1
28,2,1
39,7,1
37,13,1
111,75,1
-303,4,0
57,33,1
-274,19,0
-245,54,0
59,27,1
40,10,1
64,34,1
25,1,1
-270,19,0
-300,1,0
34,8,1
34,8,1
28,2,1
-280,17,0
28,2,1
55,19,1
28,6,1
40,10,1
68,26,1
55,15,1
25,1,1
34,4,1
25,1,1
66,28,1
63,39,1
55,23,1
67,35,1
51,27,1
62,32,1
-282,23,0
25,1,1
93,57,1
31,3,1
85,61,1
41,13,1
-275,44,0
45,9,1
24,2,1
53,37,1
69,37,1
54,28,1
41,9,1
53,21,1
61,17,1
57,21,1
34,4,1
47,15,1
41,9,1
49,13,1
47,15,1
-290,15,0
-300,1,0
37,13,1
25,1,1
-291,12,0
27,3,1
42,8,1
37,9,1
28,2,1
34,4,1
-299,4,0
-291,24,0
25,1,1
-301,2,0
-300,1,0
-268,41,0
54,20,1
61,29,1
46,12,1
71,31,1
34,8,1
61,29,1
-275,36,0
25,1,1
28,2,1
39,11,1
35,7,1
61,33,1
60,18,1
-263,68,0
26,4,1
98,72,1
62,32,1
25,1,1
55,19,1
28,2,1
30,4,1
78,48,1
25,1,1
39,7,1
33,5,1
37,9,1
62,20,1
53,21,1
38,12,1
45,9,1
54,32,1
-300,5,0
41,9,1
24,2,1
33,9,1
-286,11,0
25,1,1
51,15,1
39,11,1
71,35,1
53,21,1
39,11,1
28,2,1
25,1,1
62,48,1
25,1,1
32,6,1
28,2,1
31,3,1
28,2,1
-293,6,0
53,21,1
24,2,1
-263,28,0
101,61,1
31,3,1
46,12,1
85,65,1
35,7,1
-296,5,0
34,4,1
31,7,1
49,21,1
-301,2,0
33,13,1
45,13,1
-292,5,0
25,1,1
28,2,1
58,24,1
28,2,1
30,4,1
64,30,1
57,21,1
59,31,1
41,9,1
25,1,1
25,1,1
64,22,1
89,57,1
28,2,1
42,16,1
50,20,1
25,1,1
35,7,1
71,39,1
47,15,1
34,4,1
57,21,1
30,4,1
62,24,1
-269,22,0
34,4,1
37,5,1
40,10,1
29,5,1
25,1,1
24,2,1
-298,3,0
25,1,1
47,15,1
25,1,1
68,34,1
48,10,1
24,2,1
37,9,1
35,7,1
43,15,1
25,1,1
25,1,1
36,6,1
-281,30,0
35,7,1
51,15,1
25,1,1
24,2,1
26,4,1
39,7,1
31,3,1
-300,1,0
31,3,1
36,6,1
45,13,1
36,6,1
41,13,1
-294,7,0
-236,61,0
91,67,1
31,3,1
25,1,1
35,7,1
25,1,1
-297,18,0
30,4,1
60,26,1
-301,2,0
68,38,1
-298,3,0
46,12,1
40,14,1
44,14,1
28,2,1
42,8,1
25,1,1
95,55,1
25,1,1
54,16,1
57,29,1
42,16,1
59,35,1
-249,66,0
-294,3,0
-300,1,0
84,54,1
25,1,1
27,3,1
30,4,1
41,9,1
37,9,1
44,14,1
37,5,1
99,99,1
37,9,1
36,14,1
-297,6,0
25,1,1
65,37,1
42,12,1
31,3,1
24,2,1
34,8,1
28,2,1
76,46,1
35,7,1
37,5,1
56,34,1
55,27,1
42,8,1
28,2,1
38,8,1
38,8,1
51,15,1
25,1,1
32,6,1
28,2,1
-257,34,0
31,3,1
-298,3,0
49,13,1
28,2,1
49,9,1
50,20,1
-278,27,0
64,34,1
44,14,1
27,3,1
39,11,1
30,4,1
57,29,1
48,14,1
37,5,1
28,2,1
83,51,1
39,19,1
34,4,1
72,54,1
55,19,1
28,2,1
28,2,1
-301,2,0
55,23,1
45,13,1
86,56,1
30,4,1
48,18,1
25,1,1
51,19,1
55,23,1
25,1,1
25,1,1
25,1,1
62,20,1
51,19,1
-287,8,0
-297,10,0
42,8,1
37,5,1
24,2,1
54,16,1
58,20,1
49,13,1
40,14,1
-292,21,0
40,10,1
36,6,1
-286,15,0
35,7,1
68,26,1
113,133,1
-285,14,0
25,1,1
24,2,1
44,10,1
25,1,1
71,31,1
76,34,1
55,19,1
34,4,1
34,4,1
25,1,1
38,8,1
28,2,1
33,9,1
44,10,1
28,2,1
35,7,1
52,18,1
-288,9,0
84,62,1
25,1,1
28,2,1
40,10,1
79,47,1
47,15,1
25,1,1
-296,5,0
55,23,1
26,4,1
72,46,1
81,65,1
28,2,1
32,6,1
34,4,1
25,1,1
-294,3,0
78,48,1
25,1,1
-300,1,0
-298,7,0
42,8,1
62,28,1
96,66,1
77,49,1
35,7,1
56,22,1
-299,4,0
-245,70,0
25,1,1
30,4,1
40,10,1
27,3,1
39,7,1
59,39,1
43,11,1
25,1,1
-291,8,0
-270,27,0
71,35,1
24,2,1
52,22,1
-301,6,0
-270,55,0
45,13,1
34,4,1
94,68,1
37,5,1
46,12,1
30,4,1
-237,78,0
83,51,1
51,19,1
-297,2,0
25,1,1
-273,42,0
49,17,1
51,15,1
30,4,1
38,8,1
64,38,1
-279,12,0
73,37,1
41,17,1
53,25,1
50,16,1
34,4,1
41,9,1
32,6,1
48,14,1
49,17,1
-259,56,0
35,7,1
-253,46,0
62,28,1
51,31,1
-286,11,0
56,22,1
96,62,1
54,20,1
-227,92,0
85,53,1
58,20,1
27,3,1
25,1,1
28,2,1
60,26,1
-280,9,0
28,2,1
31,3,1
36,10,1
28,2,1
62,28,1
50,24,1
-247,52,0
-301,2,0
-297,2,0
31,3,1
-277,14,0
-279,28,0
30,4,1
57,17,1
27,11,1
24,2,1
-237,54,0
31,7,1
69,33,1
-289,6,0
25,1,1
27,3,1
27,3,1
33,5,1
134,120,1
120,98,1
33,5,1
31,3,1
51,11,1
31,7,1
78,44,1
26,4,1
34,4,1
87,59,1
-286,15,0
-300,1,0
25,1,1
108,126,1
50,28,1
28,2,1
36,6,1
25,1,1
79,35,1
51,23,1
46,16,1
-301,2,0
37,9,1
115,119,1
-271,32,0
-276,21,0
47,19,1
42,12,1
41,9,1
34,4,1
49,17,1
31,3,1
141,113,1
31,3,1
64,42,1
37,9,1
34,8,1
-297,14,0
116,82,1
47,15,1
27,3,1
-266,35,0
42,12,1
34,8,1
63,23,1
42,36,1
40,10,1
28,2,1
46,8,1
33,5,1
48,18,1
48,14,1
37,9,1
24,2,1
39,7,1
25,1,1
34,4,1
51,23,1
48,18,1
58,48,1
31,3,1
46,16,1
36,6,1
25,1,1
83,43,1
53,17,1
45,9,1
67,39,1
25,1,1
94,60,1
33,5,1
65,37,1
25,1,1
54,20,1
32,6,1
60,30,1
-288,17,0
35,7,1
28,2,1
34,4,1
86,44,1
25,1,1
28,2,1
28,2,1
27,3,1
34,4,1
55,27,1
118,96,1
34,4,1
49,21,1
41,13,1
25,1,1
42,12,1
51,15,1
66,40,1
-291,12,0
25,1,1
49,13,1
47,11,1
97,77,1
50,20,1
105,65,1
85,77,1
46,20,1
24,2,1
34,12,1
31,3,1
36,6,1
28,2,1
35,7,1
54,20,1
41,17,1
41,17,1
28,2,1
31,3,1
45,25,1
54,24,1
-263,48,0
63,27,1
68,22,1
-295,8,0
47,15,1
44,10,1
25,1,1
51,19,1
60,22,1
24,2,1
30,4,1
50,16,1
27,3,1
57,21,1
36,18,1
49,13,1
71,43,1
28,2,1
25,1,1
31,7,1
76,34,1
-260,49,0
-239,72,0
39,7,1
51,19,1
24,2,1
66,36,1
42,16,1
46,12,1
98,68,1
-299,8,0
44,14,1
24,2,1
68,30,1
53,17,1
40,10,1
64,30,1
-241,82,0
-302,3,0
44,14,1
81,49,1
25,1,1
40,14,1
53,29,1
36,6,1
25,1,1
-233,66,0
69,21,1
87,55,1
39,7,1
41,17,1
43,7,1
71,31,1
79,43,1
67,47,1
65,41,1
59,19,1
48,18,1
71,39,1
55,15,1
71,31,1
58,20,1
46,20,1
86,76,1
72,34,1
31,3,1
-222,75,0
57,13,1
93,81,1
-298,3,0
56,22,1
25,1,1
69,37,1
30,4,1
63,43,1
25,1,1
88,58,1
94,64,1
80,42,1
-290,7,0
28,2,1
44,14,1
51,19,1
24,2,1
40,6,1
44,14,1
55,23,1
48,18,1
58,32,1
53,29,1
31,7,1
25,1,1
39,7,1
34,4,1
24,2,1
-300,1,0
-280,33,0
48,14,1
54,40,1
28,2,1
52,14,1
98,56,1
28,2,1
58,16,1
25,1,1
24,2,1
42,8,1
80,38,1
44,10,1
-301,6,0
43,11,1
85,53,1
41,17,1
35,11,1
35,7,1
24,2,1
-297,14,0
150,128,1
-290,7,0
47,15,1
24,2,1
64,30,1
50,20,1
33,5,1
32,6,1
46,12,1
38,16,1
97,61,1
-279,24,0
26,4,1
-297,2,0
-290,11,0
64,26,1
59,55,1
45,13,1
25,1,1
25,1,1
-295,8,0
38,8,1
75,39,1
46,12,1
56,18,1
25,1,1
39,7,1
60,22,1
33,5,1
25,1,1
-288,13,0
28,26,1
60,18,1
39,11,1
27,3,1
42,8,1
-305,6,0
31,3,1
44,10,1
33,5,1
32,6,1
165,161,1
52,14,1
39,7,1
28,2,1
63,27,1
65,29,1
66,36,1
25,1,1
36,6,1
55,19,1
70,32,1
67,23,1
48,14,1
40,10,1
39,7,1
74,40,1
46,20,1
40,6,1
28,2,1
53,21,1
69,45,1
43,11,1
28,2,1
-296,5,0
28,6,1
25,1,1
50,16,1
-291,16,0
33,5,1
96,62,1
37,9,1
62,32,1
42,12,1
77,29,1
42,12,1
-287,8,0
54,16,1
38,12,1
40,10,1
31,3,1
-292,17,0
28,2,1
48,18,1
-288,5,0
-288,21,0
31,3,1
55,27,1
57,29,1
24,2,1
29,5,1
-277,22,0
-300,1,0
39,15,1
52,14,1
31,7,1
38,8,1
-297,2,0
56,22,1
-300,1,0
31,3,1
34,8,1
58,28,1
54,20,1
28,2,1
43,7,1
52,18,1
53,13,1
37,9,1
48,22,1
25,1,1
-281,14,0
25,1,1
-275,24,0
52,18,1
25,1,1
56,18,1
48,18,1
63,39,1
45,13,1
25,1,1
28,2,1
25,1,1
44,10,1
37,9,1
31,3,1
28,2,1
31,3,1
-269,30,0
56,22,1
32,6,1
33,5,1
56,26,1
33,5,1
63,35,1
71,27,1
72,42,1
25,1,1
29,5,1
25,1,1
70,44,1
50,12,1
65,37,1
34,8,1
25,1,1
-264,41,0
-297,6,0
247,247,1
-256,49,0
-297,2,0
39,11,1
45,9,1
33,5,1
47,15,1
-291,16,0
44,10,1
25,1,1
28,2,1
58,24,1
75,35,1
65,29,1
47,19,1
43,15,1
55,19,1
43,11,1
88,54,1
57,25,1
51,19,1
58,28,1
34,4,1
50,16,1
63,43,1
28,2,1
42,8,1
45,17,1
-293,14,0
32,10,1
39,11,1
40,6,1
72,42,1
69,33,1
57,21,1
-298,19,0
31,3,1
40,6,1
-295,12,0
44,10,1
-288,9,0
47,19,1
25,1,1
36,6,1
45,21,1
55,19,1
56,22,1
58,20,1
38,12,1
-300,1,0
31,7,1
28,2,1
33,5,1
31,19,1
31,7,1
53,25,1
-235,52,0
31,3,1
39,7,1
28,2,1
42,12,1
28,2,1
33,5,1
49,21,1
35,7,1
-283,8,0
25,13,1
25,1,1
25,1,1
-293,10,0
-254,55,0
23,3,1
28,2,1
34,4,1
68,38,1
25,1,1
123,107,1
59,23,1
48,18,1
39,11,1
31,3,1
-302,3,0
58,24,1
59,27,1
50,16,1
-295,16,0
37,9,1
84,62,1
-298,3,0
31,3,1
-274,19,0
-295,8,0
41,9,1
60,22,1
-300,1,0
44,14,1
47,19,1
-300,1,0
25,1,1
30,4,1
33,13,1
25,1,1
54,20,1
25,1,1
50,16,1
57,21,1
25,1,1
28,2,1
40,6,1
43,15,1
63,27,1
-298,7,0
37,5,1
35,7,1
104,70,1
68,38,1
47,15,1
69,37,1
32,14,1
79,39,1
63,27,1
43,15,1
37,5,1
42,12,1
44,14,1
33,5,1
24,2,1
-288,9,0
-289,10,0
25,1,1
-273,34,0
-299,4,0
36,6,1
57,21,1
79,43,1
48,14,1
28,2,1
44,10,1
60,42,1
-255,60,0
52,22,1
66,28,1
67,31,1
47,19,1
24,2,1
52,18,1
35,11,1
47,11,1
122,96,1
39,7,1
24,2,1
67,47,1
24,2,1
43,7,1
77,41,1
19,31,1
43,15,1
41,13,1
30,4,1
40,6,1
91,63,1
82,40,1
60,26,1
25,1,1
42,8,1
-274,19,0
-292,17,0
34,4,1
34,12,1
53,17,1
31,3,1
28,2,1
97,57,1
34,4,1
23,27,1
48,10,1
31,3,1
25,1,1
63,31,1
47,11,1
50,20,1
77,53,1
54,24,1
70,56,1
-271,48,0
50,16,1
113,105,1
41,9,1
54,16,1
64,38,1
44,10,1
49,17,1
63,31,1
34,4,1
25,1,1
101,57,1
-298,3,0
34,12,1
36,10,1
59,31,1
71,87,1
30,4,1
-310,11,0
49,13,1
28,2,1
31,3,1
96,54,1
33,5,1
-300,1,0
51,23,1
63,31,1
25,1,1
28,2,1
39,7,1
50,16,1
-309,10,0
25,1,1
39,11,1
64,26,1
49,17,1
31,3,1
43,7,1
44,10,1
-281,10,0
32,6,1
28,2,1
-301,6,0
57,21,1
-280,29,0
44,10,1
69,45,1
50,12,1
30,8,1
99,83,1
-300,1,0
44,14,1
-298,7,0
-284,21,0
34,8,1
25,1,1
32,6,1
29,5,1
46,20,1
-291,16,0
26,4,1
24,2,1
36,10,1
-298,3,0
40,14,1
77,41,1
38,8,1
35,7,1
25,1,1
40,10,1
-285,18,0
35,11,1
35,11,1
76,38,1
42,8,1
62,28,1
62,40,1
64,34,1
41,9,1
45,17,1
27,3,1
32,6,1
51,23,1
25,1,1
43,15,1
-293,6,0
61,33,1
37,5,1
75,47,1
43,11,1
57,25,1
30,4,1
25,1,1
65,21,1
66,32,1
48,14,1
-282,7,0
49,13,1
25,1,1
77,45,1
28,2,1
30,4,1
25,1,1
41,13,1
28,2,1
70,28,1
25,1,1
39,7,1
41,9,1
130,100,1
25,1,1
45,21,1
67,47,1
35,7,1
35,7,1
-289,14,0
57,33,1
36,10,1
-244,53,0
44,14,1
34,4,1
-301,2,0
-294,7,0
53,17,1
33,5,1
25,1,1
-286,19,0
-294,3,0
42,12,1
-270,31,0
50,16,1
-298,3,0
34,4,1
45,9,1
46,16,1
-287,16,0
34,4,1
28,2,1
40,10,1
-269,30,0
30,4,1
33,5,1
30,4,1
71,43,1
38,8,1
44,10,1
25,1,1
-244,73,0
25,1,1
52,18,1
27,3,1
-303,4,0
39,7,1
82,92,1
56,30,1
41,13,1
63,23,1
28,2,1
-290,7,0
25,1,1
61,25,1
67,27,1
-297,6,0
64,26,1
116,90,1
-305,14,0
47,11,1
40,10,1
27,3,1
25,1,1
28,2,1
29,5,1
67,27,1
27,3,1
33,5,1
27,3,1
-287,8,0
25,1,1
-297,2,0
89,41,1
35,7,1
32,6,1
48,38,1
28,2,1
28,2,1
-276,17,0
-294,19,0
31,3,1
30,4,1
-293,30,0
48,10,1
109,69,1
40,10,1
105,73,1
58,20,1
46,12,1
44,18,1
42,12,1
75,43,1
33,5,1
63,31,1
-300,1,0
30,4,1
45,13,1
24,2,1
75,31,1
35,7,1
43,11,1
-272,41,0
40,10,1
50,16,1
-288,9,0
44,10,1
43,19,1
25,1,1
46,16,1
65,21,1
28,2,1
139,95,1
67,39,1
45,9,1
-302,15,0
136,98,1
32,6,1
61,25,1
73,37,1
41,9,1
22,4,1
58,32,1
123,83,1
25,1,1
30,4,1
25,1,1
37,9,1
-281,18,0
70,32,1
25,1,1
56,18,1
25,1,1
31,3,1
28,2,1
64,18,1
67,43,1
48,26,1
44,14,1
46,12,1
51,15,1
41,9,1
45,25,1
-295,8,0
50,28,1
25,1,1
53,21,1
39,19,1
35,11,1
30,4,1
62,24,1
38,8,1
84,42,1
77,33,1
25,1,1
71,35,1
57,25,1
78,36,1
48,10,1
57,25,1
-298,7,0
61,37,1
51,15,1
28,2,1
58,28,1
45,13,1
28,2,1
-289,46,0
-256,49,0
38,8,1
69,37,1
32,6,1
37,9,1
25,1,1
32,18,1
31,3,1
42,20,1
-298,3,0
68,38,1
25,1,1
30,4,1
-300,1,0
67,35,1
25,1,1
34,4,1
-265,22,0
26,4,1
61,61,1
77,41,1
43,11,1
66,36,1
31,3,1
-191,160,0
-291,16,0
-261,30,0
78,48,1
48,18,1
50,24,1
28,2,1
-266,23,0
80,54,1
56,26,1
82,44,1
42,12,1
28,2,1
59,23,1
32,6,1
82,44,1
24,2,1
-297,10,0
35,7,1
92,66,1
101,101,1
66,44,1
39,7,1
68,26,1
66,32,1
25,1,1
-284,9,0
-300,13,0
32,6,1
25,1,1
25,1,1
74,40,1
76,58,1
50,24,1
33,5,1
34,4,1
45,13,1
38,12,1
39,11,1
43,19,1
27,11,1
61,21,1
-224,93,0
28,2,1
38,8,1
25,1,1
148,106,1
36,10,1
32,6,1
35,11,1
-202,87,0
31,3,1
-283,36,0
41,13,1
-286,15,0
25,1,1
31,3,1
24,2,1
33,5,1
28,2,1
-302,3,0
53,25,1
51,11,1
63,39,1
39,7,1
59,27,1
32,6,1
49,17,1
-292,9,0
-296,9,0
-285,14,0
56,18,1
36,6,1
-282,15,0
33,9,1
84,46,1
46,16,1
31,3,1
31,3,1
62,36,1
28,2,1
87,87,1
36,6,1
43,11,1
-285,22,0
61,25,1
95,67,1
40,10,1
72,26,1
79,47,1
57,25,1
34,4,1
42,8,1
56,26,1
45,13,1
45,29,1
45,9,1
-251,56,0
43,7,1
-302,3,0
52,14,1
-224,93,0
89,45,1
43,11,1
67,31,1
25,1,1
24,2,1
-300,1,0
59,23,1
46,24,1
36,14,1
-298,3,0
-285,22,0
31,7,1
55,23,1
101,73,1
34,4,1
-268,53,0
41,9,1
-292,9,0
28,2,1
42,20,1
38,8,1
58,16,1
24,2,1
28,2,1
25,1,1
39,15,1
25,1,1
28,2,1
-294,11,0
34,24,1
51,11,1
31,3,1
25,1,1
41,9,1
40,10,1
-300,1,0
41,9,1
-222,71,0
25,1,1
66,24,1
43,11,1
-268,33,0
39,15,1
34,8,1
28,2,1
32,6,1
39,7,1
28,2,1
62,28,1
96,58,1
38,8,1
29,5,1
24,2,1
32,6,1
50,12,1
66,24,1
36,6,1
-300,1,0
25,1,1
61,21,1
42,20,1
54,12,1
94,64,1
-297,2,0
26,4,1
25,1,1
28,2,1
25,1,1
61,21,1
-280,25,0
38,8,1
28,6,1
61,25,1
28,2,1
124,98,1
25,1,1
24,2,1
32,6,1
76,66,1
51,23,1
49,9,1
25,1,1
25,1,1
86,52,1
51,19,1
-275,24,0
51,23,1
113,85,1
-299,8,0
-284,21,0
39,7,1
45,13,1
70,44,1
31,3,1
77,45,1
27,3,1
31,3,1
45,17,1
39,15,1
50,24,1
83,59,1
28,2,1
-294,27,0
44,14,1
87,55,1
32,6,1
43,11,1
59,27,1
31,3,1
-301,2,0
35,11,1
59,19,1
-251,48,0
41,9,1
60,18,1
36,6,1
37,13,1
44,18,1
35,7,1
45,9,1
31,3,1
64,42,1
71,43,1
-291,16,0
39,11,1
56,18,1
-296,21,0
36,10,1
37,9,1
28,2,1
34,4,1
52,26,1
87,51,1
31,3,1
24,2,1
-291,16,0
58,28,1
-299,4,0
28,2,1
28,2,1
24,2,1
62,36,1
55,31,1
31,3,1
-306,7,0
-293,10,0
48,10,1
40,6,1
50,12,1
24,2,1
74,36,1
31,3,1
40,10,1
71,39,1
70,40,1
41,13,1
34,4,1
31,3,1
34,4,1
70,52,1
35,7,1
34,4,1
79,35,1
25,1,1
87,47,1
28,2,1
41,13,1
90,52,1
34,4,1
85,53,1
55,27,1
59,27,1
-125,198,0
28,2,1
108,86,1
-300,1,0
-298,3,0
59,19,1
56,30,1
47,15,1
24,2,1
43,15,1
45,17,1
39,11,1
40,14,1
55,31,1
-275,20,0
84,50,1
25,1,1
36,6,1
42,12,1
56,26,1
-294,3,0
25,1,1
59,31,1
37,5,1
72,54,1
42,20,1
31,3,1
30,4,1
28,2,1
27,3,1
37,5,1
36,10,1
44,14,1
49,17,1
53,21,1
58,24,1
126,112,1
24,2,1
32,6,1
34,4,1
45,9,1
59,23,1
53,21,1
49,25,1
53,17,1
31,7,1
55,15,1
39,7,1
24,2,1
44,14,1
33,5,1
-297,2,0
61,33,1
37,5,1
-300,1,0
34,4,1
80,46,1
73,45,1
31,3,1
83,51,1
25,1,1
50,12,1
-301,2,0
53,37,1
30,4,1
43,7,1
25,1,1
75,39,1
-301,2,0
25,1,1
80,46,1
28,2,1
28,6,1
51,11,1
47,15,1
31,3,1
28,2,1
31,3,1
25,1,1
31,3,1
28,2,1
28,2,1
-302,3,0
48,10,1
37,5,1
41,9,1
40,10,1
28,2,1
51,15,1
31,3,1
30,4,1
28,2,1
41,9,1
57,25,1
79,55,1
46,12,1
68,30,1
67,39,1
58,28,1
44,14,1
69,29,1
39,11,1
42,8,1
24,2,1
33,9,1
43,7,1
77,49,1
46,12,1
25,1,1
52,22,1
25,1,1
-246,51,0
-293,14,0
31,3,1
42,8,1
51,27,1
24,2,1
81,57,1
42,20,1
58,24,1
-301,42,0
34,4,1
50,20,1
40,14,1
25,1,1
30,8,1
40,6,1
44,10,1
41,9,1
80,42,1
25,1,1
46,12,1
23,31,1
102,64,1
42,20,1
25,1,1
61,25,1
30,4,1
24,2,1
53,17,1
-297,2,0
25,1,1
49,17,1
72,46,1
25,1,1
33,5,1
28,2,1
24,2,1
28,2,1
34,8,1
28,2,1
25,1,1
27,3,1
-302,7,0
60,42,1
45,13,1
70,40,1
44,18,1
42,28,1
25,1,1
32,6,1
46,12,1
-294,3,0
26,4,1
46,12,1
25,1,1
44,10,1
44,18,1
41,9,1
34,4,1
37,9,1
47,31,1
78,44,1
33,9,1
-285,18,0
75,39,1
30,4,1
40,10,1
50,20,1
86,64,1
46,12,1
64,26,1
68,34,1
75,43,1
27,3,1
-289,10,0
45,9,1
54,16,1
-283,12,0
27,3,1
53,17,1
63,27,1
39,11,1
91,47,1
-290,15,0
74,36,1
106,76,1
74,40,1
26,4,1
62,24,1
56,26,1
67,47,1
26,4,1
37,9,1
25,1,1
61,21,1
25,1,1
28,2,1
24,2,1
52,26,1
25,1,1
52,14,1
-291,4,0
37,9,1
49,21,1
101,73,1
33,5,1
-264,37,0
41,13,1
38,8,1
80,74,1
-297,6,0
63,23,1
57,29,1
39,7,1
25,1,1
-313,22,0
28,2,1
45,13,1
-269,46,0
73,49,1
53,17,1
35,11,1
43,15,1
-291,4,0
-299,4,0
37,9,1
46,12,1
33,5,1
47,11,1
55,27,1
56,18,1
25,1,1
25,1,1
84,54,1
43,11,1
58,24,1
35,7,1
28,2,1
55,31,1
40,10,1
-282,59,0
60,26,1
56,34,1
77,33,1
129,101,1
94,56,1
55,19,1
-271,16,0
40,14,1
41,9,1
77,53,1
-272,21,0
-265,30,0
-291,12,0
48,18,1
64,30,1
28,2,1
75,43,1
28,2,1
71,43,1
44,10,1
41,9,1
35,7,1
57,21,1
51,23,1
29,13,1
62,28,1
25,1,1
25,1,1
100,62,1
37,9,1
40,10,1
55,23,1
25,1,1
108,74,1
25,1,1
24,2,1
34,8,1
61,25,1
56,22,1
33,5,1
41,13,1
34,4,1
36,6,1
41,21,1
25,1,1
38,8,1
-282,19,0
38,8,1
-281,14,0
-292,9,0
37,9,1
53,17,1
75,35,1
-297,2,0
47,11,1
43,7,1
-279,40,0
47,15,1
33,5,1
57,21,1
-289,10,0
47,15,1
44,14,1
33,5,1
48,30,1
-289,18,0
80,42,1
25,1,1
60,26,1
50,20,1
59,27,1
30,4,1
90,64,1
68,30,1
41,17,1
-268,41,0
25,1,1
33,5,1
85,61,1
-289,22,0
53,13,1
31,3,1
27,3,1
37,5,1
25,1,1
-295,4,0
36,6,1
37,5,1
41,9,1
86,52,1
48,34,1
48,14,1
68,34,1
37,5,1
-290,19,0
65,33,1
31,3,1
49,13,1
48,42,1
52,14,1
51,11,1
28,2,1
48,14,1
41,9,1
57,25,1
42,8,1
37,5,1
-275,24,0
48,14,1
36,6,1
33,5,1
36,10,1
31,3,1
38,12,1
41,9,1
48,14,1
71,35,1
-265,54,0
35,7,1
74,48,1
-299,4,0
25,1,1
83,55,1
90,52,1
39,7,1
52,22,1
32,6,1
86,40,1
-274,39,0
33,5,1
41,9,1
80,50,1
64,30,1
37,5,1
70,44,1
43,11,1
60,26,1
74,40,1
-274,15,0
60,22,1
55,39,1
37,5,1
74,36,1
110,80,1
34,4,1
50,12,1
24,2,1
42,8,1
57,25,1
28,2,1
53,21,1
58,20,1
52,14,1
33,5,1
-294,3,0
-302,3,0
-295,8,0
57,21,1
78,48,1
54,36,1
35,7,1
37,5,1
-257,46,0
73,33,1
35,7,1
36,14,1
37,9,1
55,19,1
61,29,1
31,3,1
31,3,1
30,4,1
44,10,1
56,22,1
28,2,1
35,7,1
94,60,1
47,19,1
-293,6,0
48,14,1
55,23,1
-238,63,0
82,100,1
31,3,1
42,12,1
33,5,1
-297,2,0
33,5,1
28,2,1
50,16,1
48,22,1
25,1,1
25,1,1
47,15,1
39,11,1
53,21,1
35,7,1
31,7,1
46,16,1
-174,167,0
66,36,1
36,6,1
-288,25,0
53,17,1
39,7,1
33,5,1
60,38,1
-293,14,0
34,4,1
44,14,1
56,38,1
134,100,1
51,11,1
25,1,1
42,12,1
52,18,1
40,10,1
28,2,1
26,4,1
24,2,1
-285,10,0
51,27,1
-291,44,0
46,12,1
25,1,1
29,5,1
80,46,1
43,7,1
61,25,1
24,2,1
37,5,1
36,6,1
37,5,1
28,2,1
73,41,1
31,3,1
44,22,1
31,3,1
51,19,1
78,44,1
-280,17,0
64,30,1
50,28,1
66,24,1
66,40,1
41,9,1
23,3,1
34,4,1
25,1,1
50,12,1
36,6,1
51,11,1
34,8,1
58,32,1
46,16,1
67,43,1
66,24,1
34,4,1
35,7,1
46,16,1
-275,12,0
64,26,1
79,87,1
25,1,1
24,2,1
41,9,1
-290,11,0
33,5,1
41,9,1
51,19,1
47,11,1
-256,49,0
63,27,1
25,1,1
47,19,1
32,6,1
-300,1,0
36,10,1
-296,9,0
65,37,1
74,32,1
35,7,1
61,21,1
48,18,1
-255,56,0
99,63,1
25,1,1
37,9,1
30,4,1
25,1,1
34,8,1
42,16,1
-293,6,0
45,21,1
57,41,1
34,4,1
28,2,1
73,33,1
-301,2,0
-277,26,0
40,10,1
57,21,1
44,14,1
53,13,1
53,21,1
35,7,1
48,14,1
59,23,1
49,13,1
40,10,1
41,9,1
-247,40,0
74,36,1
30,4,1
63,31,1
34,4,1
-300,1,0
32,6,1
79,35,1
38,12,1
27,7,1
31,3,1
-292,13,0
31,7,1
95,71,1
47,15,1
25,1,1
31,3,1
33,5,1
53,29,1
-297,2,0
31,3,1
42,20,1
24,2,1
24,2,1
-271,20,0
51,23,1
36,6,1
71,47,1
43,7,1
-252,53,0
36,6,1
74,36,1
51,19,1
-266,27,0
28,2,1
-272,41,0
46,16,1
41,13,1
75,39,1
28,2,1
71,43,1
38,12,1
27,3,1
25,1,1
-298,7,0
71,39,1
34,4,1
44,10,1
30,4,1
25,1,1
24,2,1
25,1,1
26,4,1
91,51,1
-300,1,0
33,5,1
31,3,1
58,24,1
33,5,1
41,9,1
46,12,1
44,14,1
25,1,1
54,24,1
25,1,1
55,27,1
28,2,1
24,2,1
-254,31,0
40,6,1
39,11,1
38,12,1
39,11,1
61,29,1
102,68,1
39,7,1
30,4,1
66,28,1
72,46,1
88,54,1
41,9,1
58,20,1
40,6,1
24,2,1
64,34,1
43,11,1
51,15,1
25,1,1
-281,30,0
25,1,1
50,16,1
-200,97,0
32,6,1
38,8,1
-288,13,0
28,2,1
43,15,1
25,1,1
65,33,1
43,11,1
25,1,1
-300,5,0
52,18,1
45,9,1
38,8,1
-295,4,0
92,74,1
46,12,1
48,14,1
36,6,1
56,18,1
36,10,1
99,83,1
36,6,1
40,10,1
46,20,1
69,37,1
62,32,1
43,15,1
24,2,1
66,32,1
84,54,1
24,2,1
-286,15,0
49,13,1
25,1,1
48,10,1
33,5,1
28,2,1
31,3,1
44,10,1
64,22,1
25,1,1
-298,3,0
27,3,1
42,20,1
71,39,1
58,16,1
28,2,1
122,96,1
40,10,1
37,9,1
55,31,1
-295,8,0
30,4,1
28,2,1
28,2,1
33,5,1
43,15,1
62,24,1
25,1,1
-275,28,0
24,2,1
71,31,1
30,4,1
90,72,1
25,1,1
68,26,1
100,86,1
31,3,1
69,37,1
25,1,1
31,3,1
47,11,1
24,2,1
24,2,1
36,6,1
28,2,1
33,5,1
37,5,1
60,22,1
25,1,1
57,21,1
42,8,1
45,17,1
25,1,1
-295,4,0
25,1,1
54,24,1
56,22,1
51,11,1
44,18,1
33,9,1
28,2,1
31,3,1
47,11,1
25,1,1
78,56,1
-288,9,0
57,21,1
32,6,1
40,14,1
-279,20,0
37,9,1
64,26,1
31,3,1
62,28,1
-300,1,0
54,20,1
48,14,1
24,2,1
38,8,1
40,14,1
80,38,1
31,3,1
90,52,1
70,60,1
59,39,1
34,4,1
46,24,1
24,2,1
25,1,1
-271,20,0
28,2,1
50,16,1
37,5,1
-263,48,0
31,3,1
37,9,1
104,62,1
43,11,1
-282,15,0
-300,1,0
60,22,1
49,17,1
53,21,1
34,4,1
28,2,1
30,4,1
65,37,1
56,22,1
-286,23,0
25,1,1
38,20,1
49,21,1
-262,31,0
37,5,1
30,4,1
25,1,1
25,1,1
66,32,1
92,62,1
47,15,1
58,28,1
-253,62,0
-253,46,0
41,9,1
59,19,1
68,38,1
31,3,1
50,24,1
37,13,1
25,1,1
59,23,1
34,4,1
37,5,1
66,28,1
25,1,1
42,12,1
53,21,1
25,1,1
39,11,1
25,1,1
39,15,1
54,12,1
75,51,1
25,1,1
73,37,1
34,4,1
42,12,1
-298,11,0
42,8,1
58,32,1
-269,34,0
-260,29,0
57,49,1
36,6,1
-303,12,0
46,12,1
27,7,1
87,67,1
71,31,1
36,14,1
39,11,1
106,64,1
27,3,1
24,2,1
31,3,1
50,20,1
52,30,1
25,1,1
33,5,1
42,20,1
27,3,1
68,46,1
75,27,1
31,7,1
48,18,1
39,11,1
34,4,1
105,77,1
38,8,1
43,11,1
-294,35,0
75,39,1
25,1,1
57,29,1
57,25,1
27,3,1
46,8,1
25,1,1
25,1,1
32,6,1
39,7,1
39,7,1
24,2,1
36,6,1
-300,5,0
43,7,1
43,15,1
28,2,1
102,60,1
38,8,1
25,1,1
28,2,1
-280,17,0
37,9,1
61,17,1
37,5,1
25,1,1
49,17,1
75,47,1
46,12,1
45,13,1
-284,13,0
50,16,1
33,5,1
83,43,1
-291,8,0
101,57,1
63,31,1
67,31,1
31,3,1
51,19,1
-291,4,0
24,2,1
-290,23,0
31,3,1
63,27,1
69,33,1
27,19,1
47,11,1
-294,3,0
39,7,1
33,5,1
25,1,1
35,7,1
48,14,1
68,22,1
56,26,1
66,40,1
23,3,1
-303,4,0
25,1,1
49,17,1
65,29,1
25,1,1
78,44,1
74,32,1
-301,2,0
32,6,1
32,10,1
31,3,1
46,16,1
28,6,1
52,18,1
39,7,1
25,1,1
38,8,1
53,29,1
51,19,1
39,11,1
25,1,1
-267,24,0
-276,37,0
34,4,1
36,10,1
48,26,1
-267,40,0
53,17,1
57,37,1
48,10,1
86,48,1
-287,20,0
93,65,1
