90,72,1
-173,162,0
25,1,1
-289,30,0
-223,84,0
62,36,1
-302,3,0
-230,67,0
-279,24,0
-288,9,0
-273,34,0
-265,54,0
-273,22,0
-300,1,0
101,85,1
25,1,1
-222,67,0
-294,3,0
-229,106,0
57,17,1
-257,54,0
114,116,1
-161,174,0
40,14,1
-241,78,0
25,1,1
-240,65,0
-186,143,0
-243,56,0
90,68,1
-290,11,0
-294,3,0
25,1,1
63,39,1
32,6,1
67,43,1
-282,15,0
-136,225,0
65,37,1
-297,2,0
36,6,1
-208,129,0
-225,82,0
-272,41,0
71,55,1
-278,47,0
51,23,1
75,39,1
-291,16,0
58,28,1
79,107,1
-300,1,0
37,9,1
-290,19,0
-231,92,0
27,3,1
98,52,1
-274,47,0
-296,25,0
-279,28,0
-292,5,0
-235,68,0
-268,33,0
24,2,1
87,75,1
46,24,1
-276,33,0
-297,2,0
46,20,1
108,78,1
111,83,1
41,9,1
112,94,1
110,84,1
33,5,1
25,1,1
-233,82,0
-301,2,0
-267,68,0
-300,1,0
-209,86,0
-291,16,0
-300,1,0
-271,20,0
37,5,1
-297,6,0
90,68,1
69,29,1
57,53,1
-100,217,0
-176,153,0
39,15,1
98,92,1
27,3,1
83,43,1
-295,52,0
-255,52,0
-301,2,0
151,159,1
25,1,1
57,49,1
-285,22,0
-302,3,0
-284,29,0
-24,297,0
-285,18,0
58,28,1
56,22,1
-300,1,0
-264,45,0
-259,52,0
28,2,1
59,43,1
-300,1,0
78,44,1
-296,17,0
69,37,1
-295,36,0
31,7,1
-259,32,0
-257,50,0
-257,38,0
107,95,1
84,54,1
-285,26,0
-288,17,0
-283,32,0
-301,2,0
-239,116,0
-221,94,0
-294,7,0
32,10,1
140,106,1
-301,18,0
-299,4,0
42,16,1
-280,21,0
50,16,1
-293,6,0
44,14,1
-240,93,0
-175,148,0
46,16,1
-304,5,0
27,7,1
-286,15,0
38,8,1
46,12,1
53,25,1
96,90,1
-186,147,0
-289,10,0
-285,14,0
-283,24,0
-250,55,0
27,7,1
38,8,1
42,16,1
33,5,1
55,23,1
33,17,1
47,15,1
167,171,1
-295,12,0
-286,11,0
-245,74,0
-293,10,0
-272,29,0
71,35,1
-300,1,0
-290,11,0
-268,21,0
36,14,1
30,8,1
99,99,1
-234,83,0
-272,25,0
-278,35,0
-254,71,0
-149,170,0
-289,6,0
-290,11,0
-184,129,0
-296,9,0
-297,2,0
-259,28,0
158,140,1
-302,3,0
-283,24,0
-302,3,0
-178,147,0
-295,4,0
25,1,1
-300,5,0
25,1,1
-293,18,0
222,256,1
94,84,1
70,32,1
106,92,1
-275,20,0
47,19,1
30,4,1
-218,83,0
-130,259,0
-216,113,0
-234,87,0
-247,72,0
64,38,1
-279,24,0
57,25,1
-268,81,0
-237,86,0
25,1,1
47,35,1
28,2,1
99,75,1
48,26,1
-303,4,0
42,12,1
56,30,1
31,3,1
27,3,1
33,5,1
95,75,1
25,1,1
-255,72,0
121,89,1
65,33,1
-279,28,0
-193,146,0
-289,22,0
-263,36,0
30,4,1
-296,5,0
-260,41,0
-300,1,0
-268,49,0
-254,39,0
57,17,1
-297,10,0
-184,161,0
63,59,1
84,78,1
-169,154,0
57,21,1
33,5,1
-282,19,0
-300,9,0
-288,5,0
-284,33,0
-219,96,0
-249,58,0
-289,10,0
77,49,1
-239,76,0
-248,53,0
38,12,1
28,2,1
-296,9,0
62,44,1
-289,6,0
-231,92,0
179,191,1
-295,8,0
84,74,1
-169,166,0
70,40,1
-231,88,0
-284,21,0
-286,23,0
-297,6,0
24,2,1
-191,140,0
-215,112,0
188,182,1
33,9,1
-252,73,0
27,3,1
-295,4,0
28,2,1
93,53,1
-227,80,0
41,13,1
-288,13,0
70,52,1
52,18,1
75,47,1
-223,72,0
76,38,1
23,3,1
-284,13,0
35,15,1
-286,23,0
-280,25,0
-242,71,0
31,3,1
-296,5,0
99,91,1
-227,116,0
-222,75,0
67,43,1
-158,163,0
123,131,1
35,7,1
-267,32,0
37,9,1
-265,38,0
36,6,1
76,62,1
-293,14,0
45,17,1
-249,62,0
25,1,1
41,13,1
100,62,1
108,90,1
-295,8,0
-289,22,0
-238,79,0
29,5,1
57,21,1
-256,89,0
127,99,1
37,17,1
177,165,1
43,15,1
-289,18,0
37,17,1
-291,8,0
-281,22,0
24,2,1
171,155,1
-242,79,0
-294,7,0
-279,28,0
37,17,1
76,42,1
96,70,1
-294,3,0
46,16,1
-296,5,0
-256,49,0
-290,7,0
-158,155,0
-228,85,0
-278,19,0
-237,54,0
-267,32,0
-292,13,0
-254,31,0
-300,1,0
-294,7,0
30,16,1
-270,31,0
25,1,1
-254,51,0
-255,80,0
35,15,1
80,50,1
-300,5,0
27,3,1
-231,88,0
-291,8,0
90,68,1
-292,17,0
37,9,1
-299,16,0
56,30,1
271,319,1
-239,60,0
104,82,1
-271,32,0
53,25,1
-197,138,0
26,4,1
61,37,1
-271,40,0
26,4,1
47,11,1
-266,43,0
48,22,1
-293,10,0
-202,119,0
47,15,1
189,197,1
30,4,1
-295,4,0
135,119,1
24,2,1
40,18,1
-243,84,0
-247,104,0
-246,47,0
135,119,1
49,25,1
-274,35,0
-190,131,0
26,4,1
-297,2,0
-224,81,0
-267,56,0
-25,310,0
75,55,1
88,50,1
-286,15,0
-229,66,0
25,1,1
36,22,1
25,1,1
-207,84,0
-272,37,0
-300,1,0
-215,92,0
36,6,1
-269,42,0
-278,27,0
-292,5,0
30,4,1
-282,19,0
50,20,1
-263,48,0
28,6,1
-270,31,0
25,1,1
36,10,1
-272,29,0
-292,21,0
-256,69,0
-306,7,0
-234,71,0
70,48,1
-287,28,0
25,1,1
-235,92,0
25,1,1
93,77,1
-269,42,0
28,2,1
83,51,1
-276,29,0
-258,51,0
43,15,1
-238,79,0
-275,48,0
-293,30,0
68,34,1
-267,44,0
-290,15,0
23,23,1
56,18,1
47,27,1
-275,40,0
-300,1,0
59,39,1
143,135,1
-275,24,0
30,4,1
99,75,1
-242,71,0
-186,139,0
-304,5,0
-259,44,0
-242,63,0
-262,63,0
-270,35,0
-236,109,0
-256,61,0
95,67,1
68,34,1
49,21,1
69,49,1
-239,84,0
-148,177,0
28,2,1
-294,11,0
41,17,1
-173,134,0
-284,17,0
-245,62,0
-295,8,0
-196,121,0
-299,4,0
25,1,1
28,6,1
25,1,1
-295,4,0
-237,114,0
-283,16,0
-292,17,0
-285,26,0
-267,52,0
-221,78,0
128,118,1
44,34,1
-288,21,0
46,28,1
24,2,1
130,116,1
-255,44,0
-224,77,0
25,1,1
33,5,1
-158,163,0
-203,104,0
-298,3,0
28,6,1
-227,76,0
-301,2,0
25,1,1
-255,48,0
23,3,1
-165,158,0
24,2,1
76,50,1
118,100,1
-270,39,0
55,39,1
61,41,1
-270,35,0
-285,22,0
66,36,1
30,4,1
27,3,1
-267,40,0
-264,49,0
-253,50,0
-284,13,0
-267,40,0
-301,2,0
-269,42,0
-305,14,0
-282,27,0
-221,86,0
-287,24,0
-300,1,0
58,28,1
69,45,1
-297,6,0
-285,18,0
-277,26,0
102,84,1
29,9,1
-176,157,0
-274,27,0
150,112,1
-278,23,0
43,11,1
-242,91,0
-276,45,0
25,5,1
-291,16,0
-244,73,0
122,136,1
299,315,1
-252,61,0
-255,44,0
47,35,1
-301,2,0
45,21,1
24,2,1
-274,31,0
-266,35,0
-283,12,0
-288,17,0
-290,31,0
-290,11,0
152,138,1
41,13,1
232,246,1
-300,1,0
44,10,1
77,45,1
158,128,1
28,2,1
-263,88,0
75,63,1
117,105,1
-255,36,0
-259,64,0
26,4,1
-295,4,0
24,2,1
-300,1,0
-279,12,0
42,8,1
-262,59,0
-284,17,0
67,39,1
-246,75,0
-295,8,0
215,219,1
-302,3,0
-289,6,0
-291,8,0
-286,19,0
32,6,1
101,109,1
-239,64,0
52,18,1
-269,46,0
66,52,1
-294,7,0
68,38,1
137,105,1
-247,56,0
32,6,1
-295,8,0
72,42,1
-293,10,0
-302,7,0
-154,167,0
-298,3,0
-282,31,0
-293,14,0
37,13,1
-250,51,0
78,52,1
25,1,1
-295,4,0
84,86,1
-248,65,0
-285,14,0
-180,137,0
104,82,1
41,9,1
-215,124,0
-253,62,0
59,31,1
33,9,1
42,16,1
-300,13,0
-273,42,0
-291,20,0
-292,5,0
-269,54,0
30,20,1
-294,7,0
43,15,1
-134,227,0
-285,14,0
-299,8,0
50,16,1
34,8,1
-267,48,0
42,28,1
-298,7,0
-269,34,0
-280,45,0
-285,34,0
-295,8,0
-297,2,0
142,152,1
46,16,1
-267,60,0
-296,9,0
-265,42,0
46,16,1
-295,8,0
-159,168,0
-290,19,0
-247,44,0
95,67,1
-294,7,0
-61,302,0
25,1,1
-298,3,0
111,83,1
25,1,1
-282,35,0
25,1,1
73,49,1
-243,72,0
31,7,1
32,6,1
96,86,1
-268,97,0
80,58,1
-300,1,0
-293,14,0
-287,32,0
-225,102,0
-259,52,0
55,31,1
-300,5,0
-305,10,0
-300,1,0
-301,2,0
40,14,1
31,3,1
-261,58,0
-260,73,0
48,26,1
57,29,1
93,53,1
56,18,1
28,10,1
-254,59,0
-272,41,0
-285,30,0
104,82,1
33,13,1
-292,13,0
80,70,1
-284,25,0
-246,43,0
68,42,1
83,51,1
-279,28,0
-288,5,0
-177,142,0
78,52,1
60,38,1
38,8,1
-292,21,0
165,133,1
28,2,1
-297,2,0
46,20,1
56,26,1
39,19,1
-296,9,0
54,32,1
69,37,1
-286,23,0
-289,14,0
-284,17,0
48,18,1
-300,1,0
106,92,1
33,5,1
-238,71,0
-293,26,0
68,70,1
-206,139,0
52,34,1
-221,110,0
41,13,1
-296,5,0
34,4,1
125,97,1
-65,306,0
-296,5,0
-245,78,0
-298,7,0
65,29,1
45,17,1
105,113,1
-297,2,0
55,23,1
-299,4,0
-291,24,0
-282,35,0
-271,32,0
-273,34,0
-283,28,0
-272,25,0
-286,19,0
-274,31,0
-247,60,0
265,305,1
50,24,1
-234,71,0
-291,16,0
-292,17,0
64,34,1
64,42,1
-283,20,0
-288,33,0
-281,18,0
-235,88,0
-232,77,0
-265,30,0
106,100,1
-240,61,0
25,1,1
40,22,1
82,56,1
42,12,1
-292,5,0
60,54,1
-259,44,0
49,17,1
52,18,1
-214,111,0
136,118,1
-301,6,0
160,134,1
49,17,1
-197,158,0
-225,106,0
-262,47,0
-206,95,0
25,1,1
53,17,1
-274,15,0
-279,16,0
-212,101,0
-280,17,0
-236,65,0
30,4,1
92,110,1
-220,93,0
-227,108,0
86,60,1
64,34,1
-291,8,0
-274,39,0
37,5,1
-218,127,0
-238,59,0
47,15,1
-291,20,0
25,1,1
-292,9,0
56,34,1
25,1,1
25,1,1
147,191,1
117,97,1
-250,47,0
-299,4,0
-285,14,0
33,9,1
-288,17,0
50,24,1
-255,68,0
203,215,1
49,21,1
-303,8,0
-212,105,0
-275,24,0
-227,96,0
75,55,1
-255,64,0
184,202,1
83,51,1
89,69,1
118,84,1
-297,2,0
44,14,1
-285,46,0
-237,58,0
-206,111,0
28,2,1
49,17,1
142,112,1
-300,1,0
39,19,1
-249,86,0
71,31,1
56,26,1
-300,1,0
-295,8,0
-297,10,0
-280,17,0
-288,13,0
37,9,1
-227,72,0
242,244,1
72,50,1
25,1,1
-301,6,0
106,88,1
26,4,1
-291,8,0
-151,180,0
34,4,1
163,155,1
48,18,1
187,203,1
25,1,1
50,48,1
-93,270,0
-299,4,0
-280,21,0
-300,9,0
32,10,1
37,5,1
92,94,1
34,8,1
25,1,1
62,44,1
31,7,1
-276,41,0
-300,5,0
-283,32,0
25,1,1
99,63,1
25,1,1
40,10,1
-191,128,0
45,25,1
-233,82,0
-122,243,0
-257,46,0
-291,8,0
26,4,1
-249,102,0
-266,39,0
-245,62,0
39,7,1
-300,1,0
82,52,1
31,7,1
-280,21,0
-254,59,0
-282,27,0
-289,14,0
25,1,1
-235,72,0
62,24,1
-274,43,0
-229,86,0
141,141,1
-273,50,0
120,98,1
184,162,1
-284,17,0
-301,2,0
-244,69,0
45,17,1
51,27,1
60,22,1
66,68,1
-203,140,0
98,80,1
-242,63,0
40,10,1
46,16,1
-253,58,0
-285,18,0
-272,37,0
-224,85,0
26,4,1
-86,259,0
-297,6,0
-171,152,0
40,18,1
-282,23,0
30,4,1
-246,51,0
-253,106,0
-239,60,0
-295,20,0
-277,30,0
78,56,1
31,3,1
25,1,1
-239,64,0
27,3,1
-287,28,0
-268,41,0
-260,49,0
-284,29,0
-225,94,0
112,98,1
126,112,1
80,46,1
59,35,1
-284,13,0
-273,30,0
-258,55,0
79,51,1
-294,3,0
46,16,1
-300,1,0
31,7,1
69,45,1
29,9,1
37,13,1
-273,70,0
-300,1,0
28,2,1
-277,30,0
71,43,1
23,15,1
-291,12,0
-289,10,0
-262,59,0
-295,40,0
-261,34,0
336,350,1
35,11,1
78,60,1
-217,94,0
-208,97,0
-284,21,0
32,6,1
-293,18,0
-274,43,0
-160,205,0
88,62,1
76,74,1
-212,105,0
-198,131,0
-298,3,0
-271,32,0
75,39,1
-297,6,0
66,44,1
-199,164,0
-273,42,0
-262,59,0
-276,33,0
-195,112,0
63,35,1
70,48,1
31,7,1
-279,48,0
25,1,1
35,7,1
-239,72,0
-273,34,0
-288,9,0
-245,70,0
63,31,1
55,27,1
-300,1,0
64,34,1
-302,7,0
-301,2,0
-220,125,0
87,51,1
25,1,1
51,19,1
44,22,1
-228,69,0
-303,24,0
37,17,1
-289,10,0
-182,175,0
131,99,1
-292,5,0
-277,26,0
-249,42,0
-275,28,0
-269,34,0
-296,9,0
-221,146,0
-280,37,0
88,66,1
-300,1,0
-276,25,0
-298,3,0
-287,8,0
-274,31,0
-162,199,0
-186,123,0
118,100,1
45,17,1
-300,1,0
-279,28,0
-233,82,0
-300,1,0
60,30,1
-211,112,0
40,6,1
29,5,1
43,11,1
39,43,1
100,58,1
45,17,1
-265,26,0
69,33,1
-300,1,0
42,12,1
-298,3,0
76,38,1
-229,86,0
99,91,1
48,22,1
-244,49,0
39,7,1
-282,31,0
-296,17,0
64,42,1
-186,175,0
-295,4,0
-230,51,0
-238,75,0
-298,3,0
-281,26,0
143,115,1
-279,24,0
-215,104,0
35,19,1
-257,50,0
80,54,1
47,11,1
-259,56,0
-279,16,0
51,27,1
109,105,1
-226,135,0
-284,25,0
26,4,1
110,76,1
-252,57,0
46,20,1
25,1,1
-293,10,0
111,107,1
-296,17,0
-237,90,0
-273,18,0
42,12,1
27,3,1
38,8,1
-272,49,0
-280,29,0
-286,15,0
36,10,1
-299,4,0
53,29,1
160,146,1
-99,216,0
-230,79,0
-284,13,0
-218,95,0
-261,46,0
77,57,1
-268,41,0
56,26,1
-287,16,0
-292,21,0
102,104,1
63,35,1
-226,83,0
-294,19,0
51,23,1
-286,31,0
25,1,1
91,63,1
-289,14,0
43,15,1
-278,27,0
158,144,1
81,73,1
32,10,1
66,36,1
-269,42,0
-262,39,0
-300,1,0
-217,110,0
29,5,1
132,106,1
-295,4,0
25,1,1
66,32,1
-297,2,0
67,31,1
-221,90,0
28,6,1
-277,26,0
-292,9,0
-253,42,0
-292,9,0
-195,168,0
36,6,1
76,34,1
-273,34,0
31,3,1
-246,63,0
-298,3,0
-289,10,0
-287,8,0
-291,8,0
-224,61,0
-297,6,0
24,2,1
38,12,1
-302,7,0
62,36,1
55,15,1
67,43,1
-259,36,0
-268,25,0
-304,5,0
-282,19,0
-287,12,0
25,1,1
-298,3,0
-176,169,0
31,3,1
52,18,1
-295,16,0
-282,23,0
48,22,1
168,158,1
41,13,1
49,17,1
-260,49,0
79,51,1
61,29,1
-288,13,0
-261,74,0
-288,21,0
-287,20,0
84,74,1
46,20,1
182,196,1
-300,1,0
-290,11,0
-296,5,0
-294,7,0
-244,73,0
44,18,1
42,16,1
31,11,1
106,100,1
28,2,1
-277,18,0
69,53,1
38,16,1
-299,8,0
25,1,1
30,4,1
-250,59,0
83,59,1
41,13,1
139,119,1
24,2,1
47,19,1
49,33,1
54,24,1
36,10,1
-244,45,0
42,16,1
64,34,1
25,1,1
-266,43,0
40,22,1
-277,30,0
48,38,1
37,9,1
-241,70,0
-298,3,0
-297,6,0
-301,2,0
-165,162,0
-258,59,0
-204,129,0
37,5,1
-238,63,0
-115,200,0
55,27,1
-300,1,0
-252,53,0
37,5,1
-95,220,0
120,122,1
-294,15,0
-289,14,0
-264,57,0
24,2,1
-175,148,0
-285,10,0
-302,3,0
-299,4,0
-37,318,0
59,23,1
71,31,1
-266,47,0
-263,44,0
43,19,1
-258,51,0
-243,64,0
53,33,1
-259,36,0
-291,8,0
-275,24,0
34,4,1
-186,123,0
-260,53,0
-247,52,0
-300,9,0
47,35,1
87,75,1
52,18,1
91,79,1
-296,13,0
60,34,1
24,2,1
28,2,1
-296,17,0
123,123,1
-257,50,0
-224,89,0
67,39,1
27,3,1
-252,41,0
223,247,1
-296,9,0
38,16,1
53,33,1
-252,61,0
-290,31,0
-288,21,0
42,12,1
224,254,1
-233,106,0
-287,8,0
-220,77,0
90,64,1
37,9,1
-296,5,0
72,34,1
28,18,1
-241,62,0
110,88,1
38,8,1
84,62,1
-295,8,0
26,4,1
111,75,1
25,1,1
57,21,1
142,152,1
64,58,1
31,3,1
-180,133,0
-292,21,0
54,20,1
-253,54,0
-187,148,0
-262,39,0
-291,20,0
41,21,1
-227,76,0
65,45,1
38,16,1
52,34,1
-275,40,0
-231,72,0
-268,25,0
-217,98,0
-288,9,0
-274,23,0
-260,33,0
-241,62,0
54,24,1
-264,53,0
63,43,1
25,1,1
-288,9,0
-204,113,0
-240,89,0
30,4,1
-274,27,0
-289,6,0
58,28,1
-274,35,0
42,12,1
62,24,1
-137,178,0
55,27,1
21,5,1
43,15,1
46,20,1
143,107,1
-240,69,0
-288,9,0
44,14,1
25,1,1
-301,2,0
-281,30,0
-287,8,0
-276,29,0
-297,2,0
-296,5,0
37,5,1
119,115,1
-239,84,0
-207,140,0
-228,81,0
32,6,1
-223,112,0
44,26,1
74,44,1
-275,28,0
62,36,1
-250,63,0
50,24,1
-292,9,0
-291,16,0
58,20,1
45,17,1
-280,21,0
-300,1,0
-252,53,0
31,3,1
25,1,1
-272,33,0
24,2,1
54,20,1
-239,72,0
199,275,1
-254,43,0
-300,1,0
-264,37,0
-167,140,0
25,1,1
-102,219,0
-301,6,0
-289,10,0
42,16,1
92,102,1
-279,16,0
43,11,1
-236,65,0
-285,10,0
-301,2,0
35,11,1
-265,38,0
-283,20,0
-292,9,0
-246,59,0
33,5,1
26,4,1
25,1,1
-223,116,0
121,133,1
-298,3,0
33,5,1
-271,48,0
-270,35,0
-290,19,0
133,121,1
69,37,1
143,131,1
166,164,1
-289,14,0
-299,4,0
24,2,1
-298,3,0
-98,271,0
-229,86,0
129,121,1
77,73,1
-300,1,0
52,26,1
33,9,1
67,27,1
64,30,1
25,1,1
-300,1,0
32,10,1
-259,60,0
-247,76,0
101,73,1
-276,45,0
83,51,1
-297,6,0
37,13,1
-283,20,0
-218,63,0
-251,48,0
37,13,1
41,17,1
31,3,1
35,15,1
-258,43,0
-269,30,0
-262,43,0
-255,28,0
-192,101,0
37,9,1
39,7,1
-143,168,0
-287,12,0
-253,62,0
-292,9,0
-267,32,0
-271,20,0
48,10,1
-293,18,0
-262,47,0
-290,11,0
39,11,1
54,40,1
-300,17,0
-297,6,0
54,24,1
25,1,1
84,74,1
25,1,1
-241,78,0
76,90,1
-191,128,0
-245,42,0
30,4,1
105,93,1
-178,195,0
-275,40,0
-295,4,0
-214,139,0
35,11,1
96,66,1
-219,100,0
-279,28,0
70,44,1
110,84,1
-264,49,0
-243,52,0
-248,49,0
-253,46,0
-282,23,0
79,43,1
-300,5,0
-284,17,0
31,3,1
56,18,1
-263,64,0
-277,26,0
53,25,1
17,408,0
53,21,1
-299,4,0
-299,8,0
39,7,1
-294,11,0
94,64,1
-285,14,0
66,36,1
-249,70,0
-277,50,0
-281,42,0
-294,7,0
-284,21,0
42,16,1
-265,34,0
57,33,1
74,36,1
-236,69,0
-253,46,0
58,32,1
99,91,1
-268,45,0
-193,154,0
-191,116,0
-295,8,0
114,92,1
-289,22,0
51,31,1
25,1,1
-302,7,0
56,22,1
71,47,1
-207,96,0
-282,15,0
61,29,1
-191,144,0
-272,29,0
69,33,1
-284,13,0
54,16,1
25,1,1
-298,11,0
25,1,1
-255,40,0
-298,7,0
-300,1,0
-266,31,0
-250,103,0
-282,15,0
39,35,1
-291,12,0
34,4,1
-297,2,0
62,44,1
-233,86,0
-273,50,0
71,43,1
78,40,1
-288,37,0
-194,139,0
-289,10,0
-285,14,0
-238,83,0
53,21,1
-283,20,0
-239,56,0
-201,126,0
50,28,1
57,13,1
-290,7,0
-264,41,0
54,16,1
-184,121,0
60,38,1
-290,27,0
-240,61,0
98,84,1
-298,7,0
-265,50,0
25,1,1
25,1,1
-286,39,0
-218,75,0
25,1,1
-287,44,0
50,16,1
82,68,1
35,7,1
56,34,1
62,40,1
-280,17,0
-300,1,0
57,29,1
-300,1,0
42,20,1
-284,33,0
-301,2,0
97,57,1
32,14,1
-292,17,0
-293,10,0
-291,16,0
38,12,1
198,172,1
41,13,1
48,26,1
-252,57,0
79,51,1
-305,6,0
53,25,1
-292,5,0
61,41,1
34,8,1
37,9,1
25,1,1
27,3,1
30,4,1
40,22,1
-281,26,0
56,42,1
-293,18,0
-242,79,0
-294,19,0
183,183,1
-246,51,0
33,13,1
110,84,1
-291,12,0
-238,67,0
-297,2,0
-233,98,0
29,5,1
24,2,1
-240,49,0
33,5,1
24,2,1
33,5,1
199,191,1
-282,23,0
119,79,1
-84,277,0
51,27,1
34,4,1
128,118,1
-287,12,0
-261,26,0
67,43,1
-249,50,0
25,1,1
40,6,1
-300,1,0
-300,1,0
72,42,1
35,15,1
77,53,1
-279,20,0
-292,5,0
-269,30,0
31,7,1
-293,6,0
-292,9,0
-138,207,0
29,5,1
-186,119,0
-217,78,0
26,4,1
-279,24,0
-213,90,0
60,22,1
-297,6,0
178,180,1
-127,244,0
65,37,1
-298,3,0
-292,13,0
123,83,1
-270,27,0
-291,16,0
41,9,1
-248,69,0
41,13,1
-233,82,0
63,27,1
50,16,1
39,11,1
33,13,1
25,1,1
78,40,1
-300,5,0
50,28,1
32,6,1
-280,77,0
60,30,1
-292,33,0
25,1,1
-234,87,0
-211,112,0
31,7,1
49,17,1
-304,5,0
100,82,1
-289,10,0
-287,16,0
-300,1,0
83,63,1
-275,20,0
60,26,1
-297,2,0
-299,8,0
79,43,1
25,1,1
-297,6,0
-255,64,0
-297,6,0
40,10,1
-289,18,0
-287,16,0
-231,72,0
-292,13,0
-297,2,0
-291,8,0
30,8,1
-258,63,0
-301,2,0
62,32,1
61,33,1
-275,24,0
-296,13,0
95,71,1
-264,37,0
67,47,1
-301,2,0
-279,52,0
85,45,1
25,1,1
24,2,1
-264,57,0
-298,3,0
49,17,1
-109,262,0
27,3,1
-292,9,0
79,43,1
67,35,1
-273,42,0
-281,26,0
-288,13,0
-299,4,0
162,152,1
-258,35,0
-184,145,0
-305,6,0
36,6,1
-282,15,0
49,13,1
-261,30,0
227,203,1
-284,17,0
-297,2,0
-277,42,0
-259,52,0
-276,21,0
109,105,1
71,51,1
152,190,1
60,30,1
-188,201,0
32,6,1
25,1,1
-275,20,0
-246,43,0
32,6,1
-278,27,0
-263,52,0
-266,35,0
-292,5,0
-300,1,0
-241,58,0
24,2,1
71,39,1
-248,65,0
25,5,1
-291,8,0
-286,23,0
-285,30,0
-302,3,0
93,73,1
-297,6,0
-162,139,0
72,46,1
-256,45,0
25,1,1
-281,30,0
-238,67,0
-308,33,0
30,4,1
34,4,1
-276,37,0
108,114,1
25,1,1
-276,33,0
25,1,1
43,11,1
-290,7,0
29,5,1
31,3,1
-277,34,0
99,79,1
35,15,1
72,54,1
58,28,1
42,12,1
148,142,1
43,11,1
-228,73,0
56,30,1
84,54,1
120,98,1
-295,8,0
47,15,1
-291,24,0
-293,18,0
-300,1,0
-153,166,0
-261,42,0
-302,3,0
-271,32,0
107,79,1
425,461,1
-272,41,0
74,40,1
33,5,1
124,114,1
-267,44,0
-211,132,0
-286,31,0
59,35,1
-292,9,0
28,2,1
24,2,1
72,78,1
-266,27,0
-3,372,0
-260,25,0
-232,73,0
45,13,1
-287,8,0
56,34,1
-297,2,0
-295,4,0
40,14,1
-300,1,0
51,19,1
30,4,1
110,100,1
-306,19,0
116,122,1
-274,35,0
143,107,1
-300,1,0
-289,10,0
-283,16,0
44,14,1
-263,28,0
67,51,1
-232,73,0
-300,1,0
109,93,1
76,46,1
24,2,1
-299,4,0
25,5,1
70,48,1
-249,58,0
-284,21,0
-296,5,0
56,18,1
-273,42,0
-252,73,0
-178,123,0
-211,100,0
23,3,1
96,86,1
31,3,1
-257,46,0
-57,330,0
-292,13,0
-281,22,0
169,149,1
-281,18,0
-40,365,0
-271,48,0
131,119,1
39,11,1
-235,72,0
183,195,1
-291,12,0
-146,155,0
-290,27,0
141,121,1
-273,30,0
67,39,1
99,79,1
-194,115,0
138,136,1
-276,33,0
68,50,1
-253,58,0
-220,101,0
61,33,1
-248,37,0
62,36,1
70,40,1
-214,87,0
-266,31,0
-298,3,0
-292,17,0
-247,60,0
-261,42,0
-299,4,0
-295,4,0
-259,40,0
-213,118,0
56,14,1
-282,15,0
97,81,1
-291,8,0
35,7,1
-212,117,0
-281,26,0
40,10,1
74,44,1
76,46,1
-183,160,0
25,1,1
31,7,1
-272,29,0
118,104,1
-271,16,0
116,106,1
144,130,1
60,50,1
-295,20,0
-300,1,0
30,4,1
38,8,1
231,223,1
95,87,1
-291,4,0
73,45,1
106,76,1
-249,62,0
-278,11,0
-274,23,0
-255,64,0
-270,31,0
25,1,1
-261,58,0
25,1,1
-278,19,0
-286,19,0
31,7,1
24,2,1
-297,6,0
-270,39,0
-265,54,0
-288,5,0
-271,36,0
-302,3,0
-292,5,0
49,17,1
-287,20,0
-196,153,0
28,6,1
-244,97,0
166,140,1
-239,72,0
57,29,1
25,1,1
-141,198,0
-297,14,0
25,9,1
136,130,1
31,3,1
110,76,1
37,9,1
-294,15,0
31,3,1
-192,121,0
-278,15,0
-279,40,0
114,84,1
28,2,1
61,29,1
-275,36,0
41,17,1
-280,25,0
82,68,1
-27,368,0
127,95,1
-274,35,0
35,7,1
25,1,1
28,2,1
25,1,1
56,18,1
-294,11,0
-207,96,0
61,45,1
-293,6,0
129,97,1
-199,136,0
55,19,1
-237,62,0
30,4,1
-293,6,0
-289,38,0
25,1,1
-211,84,0
85,53,1
58,28,1
-283,8,0
33,5,1
25,1,1
74,68,1
32,6,1
-284,13,0
82,52,1
25,1,1
-292,9,0
-295,8,0
-273,18,0
-207,112,0
81,53,1
53,33,1
30,4,1
45,13,1
25,1,1
24,2,1
-220,117,0
185,173,1
-180,137,0
90,100,1
35,15,1
-295,16,0
-262,51,0
41,33,1
-242,59,0
29,5,1
-283,20,0
-247,92,0
28,2,1
87,71,1
134,112,1
77,53,1
25,1,1
-174,203,0
36,6,1
45,53,1
-287,12,0
-266,67,0
-287,12,0
-264,33,0
52,30,1
-281,18,0
25,1,1
35,11,1
-271,40,0
128,122,1
75,51,1
-206,139,0
79,59,1
-274,55,0
52,22,1
-256,37,0
-294,11,0
25,1,1
-286,31,0
-255,32,0
25,1,1
52,22,1
120,114,1
-301,2,0
68,42,1
-292,13,0
57,25,1
50,20,1
36,6,1
-157,186,0
118,84,1
-300,1,0
-259,56,0
-257,42,0
-242,51,0
25,1,1
-284,13,0
-303,4,0
-267,44,0
32,6,1
-300,1,0
-127,204,0
-272,21,0
-271,28,0
25,1,1
24,2,1
-293,30,0
24,2,1
25,1,1
-259,68,0
-296,5,0
-273,34,0
-272,21,0
-193,102,0
24,2,1
54,28,1
-286,15,0
-249,54,0
-266,35,0
48,26,1
25,1,1
-300,17,0
123,95,1
-289,10,0
-285,14,0
64,26,1
-296,5,0
-302,3,0
91,67,1
25,1,1
-300,5,0
-299,4,0
-111,204,0
-168,165,0
37,13,1
-266,19,0
67,39,1
118,100,1
-272,29,0
39,7,1
31,3,1
-215,120,0
52,14,1
46,16,1
-198,91,0
-250,79,0
50,20,1
37,5,1
87,79,1
-279,16,0
-276,17,0
51,31,1
98,72,1
-230,91,0
-297,14,0
-298,7,0
45,13,1
-243,84,0
-297,2,0
-265,38,0
27,3,1
37,13,1
45,17,1
-293,6,0
-297,2,0
-293,6,0
39,15,1
34,8,1
85,77,1
60,38,1
-277,18,0
87,59,1
90,56,1
45,21,1
26,4,1
37,9,1
31,23,1
-298,3,0
26,4,1
-254,51,0
-281,14,0
47,19,1
126,104,1
56,22,1
-235,84,0
-292,5,0
75,51,1
-293,14,0
-289,14,0
-4,329,0
-261,54,0
62,28,1
205,201,1
-300,17,0
-284,13,0
-236,93,0
-262,31,0
36,6,1
-300,1,0
50,16,1
-246,43,0
35,7,1
57,25,1
51,23,1
38,12,1
28,2,1
64,30,1
45,9,1
-300,1,0
-103,224,0
-300,1,0
-215,92,0
131,103,1
46,24,1
66,40,1
44,10,1
56,26,1
-296,5,0
41,13,1
-210,103,0
25,1,1
-300,1,0
-217,82,0
-289,10,0
-295,4,0
148,170,1
30,8,1
49,21,1
77,53,1
48,18,1
26,4,1
-214,99,0
62,28,1
81,49,1
-256,73,0
57,33,1
-296,5,0
-286,15,0
101,65,1
-288,13,0
-219,112,0
25,1,1
58,24,1
39,11,1
25,1,1
24,2,1
31,3,1
34,16,1
26,8,1
37,13,1
45,13,1
-221,94,0
-285,10,0
28,2,1
25,1,1
-117,246,0
-212,145,0
31,11,1
-279,32,0
-277,38,0
299,299,1
-299,8,0
-303,4,0
-280,21,0
-227,68,0
27,3,1
41,9,1
52,18,1
-283,24,0
43,7,1
-95,264,0
33,37,1
42,12,1
-276,21,0
-130,203,0
32,6,1
95,71,1
30,4,1
84,58,1
33,9,1
-297,2,0
37,9,1
-250,39,0
37,21,1
-226,111,0
-281,42,0
29,5,1
75,55,1
-297,14,0
-300,1,0
72,42,1
-295,4,0
84,46,1
-260,45,0
58,52,1
104,62,1
-228,81,0
80,70,1
43,15,1
-280,21,0
110,96,1
126,96,1
-280,17,0
42,12,1
43,15,1
59,27,1
82,48,1
-270,47,0
60,22,1
25,1,1
-287,12,0
-292,9,0
-288,21,0
126,116,1
57,29,1
85,77,1
-264,49,0
-298,3,0
69,37,1
46,20,1
-298,3,0
28,2,1
63,23,1
-260,49,0
24,2,1
-269,42,0
-294,3,0
-301,6,0
-276,33,0
27,3,1
25,1,1
-281,22,0
-288,13,0
25,1,1
50,24,1
40,6,1
59,23,1
-300,1,0
37,13,1
-292,21,0
-207,116,0
-287,12,0
-301,2,0
56,58,1
-233,74,0
-289,6,0
-241,66,0
-254,63,0
31,3,1
180,166,1
39,11,1
-205,82,0
100,78,1
-295,4,0
-297,2,0
70,48,1
76,78,1
-275,20,0
-268,29,0
109,81,1
42,12,1
37,9,1
25,1,1
83,43,1
49,17,1
-265,22,0
-272,25,0
-275,40,0
-291,12,0
-259,48,0
-284,9,0
-300,1,0
43,23,1
34,4,1
32,6,1
-298,3,0
77,33,1
-176,137,0
-293,14,0
-112,245,0
153,125,1
-194,115,0
-272,33,0
-286,27,0
38,12,1
65,57,1
-277,18,0
25,1,1
28,2,1
-223,92,0
-289,6,0
-288,5,0
-303,12,0
-298,3,0
-300,1,0
-244,61,0
25,1,1
-175,164,0
54,32,1
-249,54,0
-281,22,0
99,63,1
-238,67,0
-248,65,0
132,130,1
-276,29,0
-274,35,0
-284,9,0
31,7,1
-301,2,0
46,16,1
32,10,1
45,17,1
112,90,1
108,86,1
-218,111,0
41,17,1
30,4,1
24,2,1
42,16,1
-264,45,0
39,11,1
35,7,1
83,51,1
25,1,1
-277,30,0
70,52,1
53,21,1
77,65,1
41,17,1
222,216,1
-284,21,0
25,1,1
132,106,1
25,1,1
137,129,1
25,1,1
-197,142,0
-236,73,0
59,35,1
-292,5,0
-301,6,0
-300,9,0
-301,2,0
50,16,1
33,5,1
-241,102,0
61,45,1
66,28,1
-238,51,0
34,4,1
48,18,1
35,15,1
141,125,1
33,9,1
-296,5,0
-246,79,0
52,22,1
-270,39,0
-293,10,0
-300,1,0
-287,16,0
68,26,1
-285,22,0
35,7,1
24,2,1
-248,73,0
62,32,1
-304,9,0
-278,43,0
59,47,1
46,12,1
25,1,1
-278,27,0
-238,71,0
-189,142,0
-299,4,0
81,45,1
35,7,1
106,76,1
-277,18,0
24,2,1
40,22,1
25,1,1
-292,5,0
-265,46,0
-289,10,0
47,15,1
-276,29,0
51,15,1
-232,117,0
-301,2,0
-300,5,0
-258,39,0
83,43,1
52,18,1
-302,3,0
-300,1,0
-288,13,0
109,69,1
70,36,1
59,27,1
-225,74,0
61,29,1
-277,30,0
42,28,1
96,62,1
-277,38,0
-286,19,0
-292,9,0
61,29,1
176,154,1
-297,2,0
27,3,1
48,22,1
70,36,1
-295,8,0
78,48,1
54,16,1
25,1,1
-300,1,0
-300,1,0
34,4,1
61,45,1
114,80,1
-299,8,0
33,9,1
25,1,1
-253,42,0
-300,13,0
25,1,1
25,1,1
95,63,1
38,12,1
-282,31,0
-300,1,0
24,2,1
46,12,1
-252,37,0
-298,3,0
122,92,1
-227,80,0
-301,2,0
-295,8,0
-279,24,0
64,26,1
-258,47,0
-262,39,0
81,49,1
-291,4,0
-277,14,0
47,23,1
66,24,1
41,9,1
34,8,1
-299,4,0
-206,119,0
58,40,1
55,51,1
166,164,1
-283,20,0
25,1,1
-253,62,0
31,7,1
-207,120,0
-301,2,0
30,8,1
37,13,1
-218,123,0
76,62,1
44,30,1
29,5,1
44,30,1
24,2,1
35,7,1
25,1,1
-294,3,0
74,36,1
84,46,1
69,49,1
-301,6,0
116,74,1
37,5,1
-278,19,0
-248,73,0
-262,39,0
-277,14,0
58,24,1
68,38,1
-266,31,0
-297,2,0
-297,14,0
40,14,1
85,61,1
56,26,1
29,5,1
72,38,1
41,13,1
-219,96,0
-263,60,0
-281,30,0
47,19,1
30,4,1
131,127,1
48,18,1
25,1,1
-261,82,0
51,27,1
-278,19,0
-194,123,0
35,7,1
-245,58,0
30,4,1
160,134,1
-180,149,0
78,44,1
-106,287,0
-289,6,0
41,21,1
84,38,1
35,7,1
51,19,1
25,1,1
35,15,1
-153,170,0
25,5,1
-96,233,0
32,10,1
-275,40,0
30,4,1
124,126,1
-302,3,0
-253,50,0
24,2,1
71,35,1
25,13,1
58,28,1
-300,1,0
-263,24,0
-271,24,0
118,128,1
25,1,1
-293,6,0
39,11,1
-279,24,0
80,46,1
79,43,1
-210,167,0
60,30,1
44,14,1
107,87,1
-297,2,0
108,86,1
-222,75,0
-262,43,0
-295,4,0
-299,8,0
128,94,1
64,34,1
81,53,1
28,2,1
-286,27,0
49,17,1
-294,15,0
25,1,1
24,2,1
24,2,1
65,45,1
-295,8,0
-252,61,0
-163,136,0
90,64,1
86,60,1
-252,45,0
37,9,1
93,61,1
62,40,1
34,12,1
-214,123,0
24,2,1
42,12,1
47,15,1
86,52,1
-299,4,0
-278,27,0
-254,75,0
53,37,1
-261,62,0
72,50,1
57,33,1
-261,30,0
36,10,1
139,135,1
39,23,1
90,68,1
-299,4,0
-210,115,0
25,1,1
28,2,1
47,15,1
67,35,1
-246,47,0
51,23,1
-299,8,0
-196,121,0
25,1,1
24,2,1
-232,89,0
-297,6,0
106,84,1
-242,63,0
25,1,1
56,18,1
55,23,1
-291,8,0
-302,3,0
-290,15,0
45,37,1
25,1,1
-245,62,0
31,3,1
-285,26,0
-247,48,0
28,2,1
-285,10,0
-258,39,0
-296,5,0
-280,25,0
-274,19,0
28,2,1
42,8,1
108,90,1
52,26,1
-215,92,0
-273,22,0
-149,162,0
50,12,1
80,58,1
-296,17,0
-204,117,0
72,34,1
74,44,1
-279,28,0
37,5,1
226,216,1
-291,12,0
74,40,1
-226,67,0
34,8,1
28,2,1
40,18,1
39,11,1
-267,40,0
205,193,1
28,2,1
25,1,1
26,4,1
40,10,1
-240,73,0
30,8,1
60,26,1
-301,2,0
-225,74,0
29,5,1
-283,52,0
40,18,1
28,6,1
25,1,1
-241,58,0
89,61,1
-278,23,0
38,12,1
-290,31,0
69,37,1
-283,24,0
41,9,1
-287,12,0
38,12,1
25,1,1
94,72,1
25,1,1
31,3,1
85,53,1
131,111,1
206,256,1
-296,17,0
27,3,1
31,3,1
-294,7,0
-295,8,0
-304,5,0
-289,18,0
-301,2,0
-275,16,0
101,73,1
31,3,1
42,16,1
41,25,1
103,71,1
-289,18,0
63,23,1
37,13,1
-277,30,0
28,2,1
72,50,1
73,37,1
-285,50,0
91,59,1
81,45,1
-295,4,0
-254,59,0
-247,72,0
-287,12,0
42,16,1
-249,62,0
25,1,1
68,38,1
-292,5,0
-131,228,0
79,67,1
92,70,1
25,1,1
35,11,1
55,31,1
-285,6,0
116,126,1
24,2,1
-270,43,0
51,19,1
29,5,1
68,34,1
-301,2,0
-297,6,0
25,1,1
-298,7,0
37,9,1
185,165,1
145,113,1
31,3,1
77,57,1
61,33,1
-165,142,0
87,71,1
-293,10,0
-298,7,0
-206,111,0
-225,70,0
116,90,1
-192,145,0
80,46,1
121,121,1
-293,34,0
27,7,1
-243,72,0
37,5,1
80,46,1
-243,68,0
-237,58,0
35,19,1
-297,2,0
79,51,1
82,44,1
-300,1,0
58,44,1
-231,52,0
-300,1,0
-301,2,0
-207,128,0
66,36,1
108,82,1
40,10,1
40,14,1
-282,43,0
-249,90,0
25,1,1
196,210,1
-276,21,0
35,7,1
103,99,1
79,47,1
113,109,1
72,42,1
25,1,1
28,2,1
63,35,1
58,32,1
-297,6,0
-295,16,0
93,65,1
78,44,1
46,16,1
27,3,1
90,48,1
-293,10,0
23,3,1
48,10,1
61,25,1
-300,1,0
-301,10,0
45,21,1
-171,188,0
-297,2,0
-289,34,0
-299,4,0
59,43,1
69,41,1
-260,49,0
75,51,1
33,9,1
-288,9,0
33,5,1
25,1,1
-288,5,0
-298,15,0
-298,3,0
52,18,1
49,25,1
-197,122,0
41,9,1
-292,9,0
25,1,1
30,4,1
-235,76,0
36,6,1
32,10,1
-285,42,0
31,3,1
98,80,1
25,1,1
-253,34,0
-239,68,0
31,3,1
-272,29,0
-272,17,0
-293,22,0
70,40,1
108,94,1
-300,1,0
61,33,1
57,29,1
116,90,1
-297,2,0
-262,51,0
-292,13,0
49,17,1
28,2,1
33,5,1
51,19,1
44,14,1
71,51,1
24,2,1
107,83,1
-259,68,0
144,138,1
31,7,1
43,39,1
37,9,1
56,22,1
40,14,1
34,8,1
34,8,1
-294,15,0
41,29,1
-265,42,0
-300,1,0
67,51,1
59,23,1
-274,23,0
-277,50,0
-218,83,0
37,17,1
31,3,1
52,26,1
84,62,1
-297,2,0
-249,70,0
-271,28,0
-277,26,0
-277,14,0
60,34,1
24,2,1
34,8,1
59,63,1
31,7,1
23,15,1
-142,163,0
-269,42,0
50,16,1
30,4,1
31,23,1
30,8,1
-256,49,0
53,29,1
-300,1,0
124,110,1
-280,33,0
70,40,1
30,12,1
-294,3,0
67,39,1
-247,52,0
-287,12,0
-267,44,0
37,9,1
-273,30,0
-276,21,0
-286,11,0
114,80,1
42,8,1
25,1,1
77,49,1
-304,9,0
-297,6,0
37,9,1
65,37,1
34,12,1
31,3,1
-300,1,0
74,44,1
54,24,1
47,15,1
31,7,1
-287,12,0
167,171,1
-282,15,0
32,6,1
27,3,1
-216,85,0
-281,26,0
-297,2,0
-279,20,0
-289,18,0
-274,47,0
-268,25,0
-300,1,0
94,80,1
-280,33,0
-303,8,0
-302,3,0
-270,35,0
32,6,1
28,6,1
84,62,1
69,33,1
-261,42,0
30,4,1
42,12,1
-300,1,0
52,30,1
-244,49,0
-283,16,0
-239,76,0
25,1,1
30,4,1
25,1,1
124,90,1
39,7,1
-283,20,0
84,78,1
-292,9,0
-239,72,0
89,61,1
-298,3,0
-247,96,0
37,9,1
-212,105,0
77,45,1
-299,4,0
-302,3,0
28,2,1
87,55,1
28,2,1
83,63,1
40,10,1
31,11,1
87,79,1
-289,14,0
-187,132,0
-300,1,0
29,5,1
81,53,1
53,17,1
-294,7,0
43,11,1
145,113,1
36,6,1
34,8,1
-270,35,0
25,1,1
-301,2,0
60,38,1
39,7,1
-250,91,0
-289,18,0
134,108,1
-287,20,0
171,139,1
-249,74,0
70,28,1
-300,1,0
-78,307,0
110,88,1
55,19,1
59,31,1
31,3,1
40,14,1
-294,11,0
-279,56,0
-291,12,0
35,7,1
38,8,1
158,128,1
137,125,1
-259,52,0
25,1,1
31,11,1
46,28,1
25,1,1
-264,33,0
83,91,1
-283,36,0
128,134,1
38,12,1
27,7,1
86,56,1
-281,22,0
116,130,1
-286,15,0
68,34,1
26,4,1
-201,114,0
-290,31,0
73,41,1
29,5,1
46,36,1
-296,5,0
84,54,1
32,10,1
66,36,1
-299,8,0
-306,15,0
156,138,1
71,39,1
44,10,1
-288,13,0
49,21,1
57,17,1
105,93,1
25,1,1
77,45,1
-200,117,0
127,95,1
41,13,1
-226,75,0
91,63,1
25,1,1
67,71,1
-239,44,0
56,22,1
-232,65,0
-302,19,0
-253,46,0
-155,188,0
84,42,1
63,27,1
70,36,1
54,20,1
-275,16,0
70,52,1
-236,93,0
-290,7,0
-215,92,0
-280,9,0
58,16,1
70,40,1
96,50,1
87,71,1
144,142,1
-266,31,0
69,37,1
44,22,1
-273,30,0
40,14,1
-292,5,0
-229,74,0
103,67,1
144,130,1
-239,56,0
41,9,1
39,7,1
-292,5,0
-258,35,0
37,9,1
-267,52,0
-279,20,0
46,16,1
31,3,1
25,1,1
-272,33,0
32,6,1
-262,43,0
45,17,1
63,27,1
51,19,1
-293,14,0
45,13,1
77,61,1
132,126,1
51,11,1
-300,1,0
25,1,1
84,54,1
81,65,1
-292,17,0
34,4,1
25,1,1
61,37,1
43,7,1
-246,59,0
53,17,1
76,46,1
40,38,1
34,8,1
31,3,1
-279,32,0
-265,30,0
-271,28,0
28,6,1
32,14,1
46,24,1
27,3,1
58,28,1
37,9,1
-226,87,0
25,1,1
59,19,1
-290,15,0
28,2,1
37,5,1
-282,19,0
-243,64,0
-269,38,0
-300,1,0
149,125,1
33,9,1
-300,5,0
-279,20,0
-288,9,0
-300,5,0
-278,31,0
-295,8,0
48,30,1
71,47,1
43,23,1
112,78,1
36,6,1
-299,8,0
25,1,1
-257,34,0
50,20,1
46,20,1
-301,2,0
45,13,1
81,45,1
34,8,1
28,2,1
40,18,1
-297,6,0
82,48,1
-300,1,0
-274,27,0
-293,10,0
29,9,1
108,86,1
75,47,1
58,28,1
41,9,1
40,18,1
102,68,1
32,6,1
-291,12,0
25,1,1
116,114,1
-285,6,0
65,33,1
28,2,1
36,18,1
55,27,1
29,5,1
65,29,1
-246,107,0
-295,4,0
-214,115,0
-286,11,0
-292,9,0
-279,96,0
28,2,1
-296,9,0
102,72,1
44,14,1
-295,4,0
71,39,1
33,5,1
135,103,1
-290,7,0
-295,24,0
99,79,1
-298,23,0
-301,2,0
50,24,1
-256,69,0
-284,37,0
-243,76,0
50,16,1
35,11,1
-212,85,0
54,24,1
57,33,1
54,32,1
60,42,1
49,17,1
97,65,1
46,12,1
123,83,1
40,6,1
97,69,1
38,8,1
25,1,1
-288,17,0
113,93,1
77,37,1
75,43,1
37,5,1
42,12,1
-295,4,0
25,1,1
48,14,1
-291,12,0
57,25,1
-284,25,0
66,52,1
30,4,1
22,20,1
-253,54,0
42,12,1
-238,95,0
25,1,1
-272,33,0
-259,48,0
66,40,1
67,35,1
34,8,1
-298,7,0
-273,38,0
46,24,1
-280,33,0
63,43,1
-229,86,0
-301,10,0
69,49,1
24,2,1
130,108,1
-300,1,0
89,45,1
81,49,1
121,117,1
45,17,1
31,3,1
91,75,1
-285,10,0
-285,14,0
43,11,1
63,35,1
-258,43,0
87,63,1
-241,90,0
84,66,1
179,147,1
29,5,1
36,14,1
-295,4,0
-270,39,0
70,48,1
47,15,1
69,45,1
-300,13,0
-285,54,0
-288,29,0
59,31,1
50,12,1
75,43,1
109,73,1
70,36,1
105,73,1
121,97,1
123,83,1
25,1,1
120,86,1
30,4,1
43,15,1
-298,3,0
-291,4,0
-289,10,0
25,1,1
28,2,1
50,12,1
-277,18,0
-266,39,0
60,38,1
-222,87,0
-301,2,0
34,8,1
-300,1,0
61,45,1
78,48,1
-296,5,0
25,1,1
-283,12,0
-288,17,0
-295,8,0
-273,26,0
-300,1,0
-285,42,0
-259,60,0
108,74,1
-263,44,0
28,2,1
75,43,1
27,7,1
42,16,1
74,52,1
-143,156,0
54,20,1
111,79,1
-283,28,0
24,2,1
74,40,1
30,4,1
28,2,1
38,20,1
140,110,1
25,1,1
37,17,1
34,8,1
86,40,1
37,13,1
39,19,1
108,70,1
70,48,1
70,48,1
39,11,1
25,1,1
-195,116,0
45,17,1
25,1,1
166,144,1
36,10,1
-271,52,0
70,48,1
68,50,1
-300,1,0
45,21,1
44,10,1
48,14,1
-298,3,0
24,2,1
47,15,1
68,34,1
131,103,1
38,16,1
-300,1,0
-288,9,0
66,52,1
79,51,1
28,2,1
56,26,1
87,63,1
-277,38,0
69,33,1
-295,16,0
80,78,1
-259,44,0
33,13,1
71,35,1
-300,1,0
-276,13,0
-183,124,0
25,1,1
-226,95,0
69,37,1
-247,52,0
-283,16,0
-261,66,0
-290,19,0
-255,60,0
-306,19,0
-281,34,0
67,35,1
-282,15,0
120,90,1
-298,3,0
52,14,1
90,64,1
-248,61,0
132,94,1
45,21,1
31,7,1
51,19,1
96,58,1
37,17,1
-287,8,0
-272,33,0
49,17,1
-279,16,0
-243,52,0
50,16,1
53,13,1
105,69,1
-284,21,0
-289,14,0
-267,24,0
207,219,1
-204,97,0
56,38,1
37,9,1
58,28,1
64,38,1
-276,17,0
31,3,1
25,1,1
-272,25,0
-282,23,0
-289,22,0
38,8,1
24,2,1
-298,3,0
73,49,1
91,75,1
154,120,1
124,110,1
59,31,1
45,17,1
-294,7,0
-176,125,0
25,1,1
-291,8,0
-288,9,0
-280,13,0
68,42,1
123,95,1
-270,27,0
84,50,1
-231,64,0
-284,13,0
25,1,1
51,15,1
-300,5,0
32,6,1
53,25,1
-236,57,0
134,112,1
100,74,1
28,2,1
66,32,1
28,6,1
25,1,1
47,19,1
35,7,1
-297,2,0
113,77,1
30,4,1
-232,61,0
36,14,1
30,4,1
47,23,1
-209,142,0
-291,8,0
-271,28,0
-242,67,0
49,13,1
39,11,1
55,27,1
-289,10,0
-236,61,0
-300,1,0
-294,3,0
46,12,1
45,17,1
25,1,1
81,57,1
34,8,1
39,15,1
137,117,1
-268,29,0
-148,185,0
46,20,1
-290,15,0
48,18,1
-281,42,0
-290,15,0
-286,11,0
106,76,1
28,2,1
-291,8,0
-297,2,0
-197,134,0
69,37,1
-288,9,0
90,64,1
24,2,1
-205,94,0
49,33,1
124,94,1
-267,52,0
107,95,1
51,11,1
56,38,1
33,5,1
-294,3,0
-263,76,0
-265,26,0
-287,12,0
109,69,1
-250,63,0
-234,71,0
-286,7,0
-297,2,0
25,1,1
33,5,1
52,22,1
71,31,1
42,16,1
35,15,1
24,2,1
30,4,1
44,10,1
34,8,1
39,11,1
-267,44,0
-299,8,0
-215,96,0
31,3,1
75,39,1
39,11,1
-194,123,0
-274,27,0
101,81,1
49,21,1
75,47,1
-294,3,0
59,31,1
-269,14,0
37,9,1
73,37,1
-291,12,0
32,6,1
-299,12,0
24,2,1
-267,48,0
-298,3,0
95,55,1
44,18,1
40,10,1
24,2,1
55,23,1
85,41,1
-280,21,0
28,2,1
74,44,1
59,35,1
-262,47,0
-242,87,0
39,7,1
152,122,1
22,4,1
49,13,1
68,50,1
-289,18,0
-276,29,0
135,107,1
85,53,1
32,6,1
-286,19,0
-297,14,0
54,36,1
158,128,1
52,22,1
112,94,1
-302,3,0
-244,61,0
111,95,1
25,1,1
55,19,1
107,91,1
46,12,1
-285,26,0
25,1,1
95,59,1
-283,16,0
67,43,1
25,1,1
28,2,1
110,72,1
25,1,1
-290,15,0
102,92,1
25,1,1
-292,13,0
28,2,1
25,1,1
45,21,1
38,8,1
28,2,1
41,13,1
-285,30,0
28,2,1
75,47,1
28,2,1
-289,6,0
88,82,1
111,83,1
39,11,1
44,14,1
52,26,1
90,60,1
-289,6,0
-299,8,0
99,71,1
140,194,1
43,23,1
34,8,1
244,234,1
25,1,1
31,3,1
36,6,1
-261,50,0
-228,121,0
137,117,1
80,66,1
-226,79,0
-263,28,0
37,5,1
62,28,1
43,11,1
112,98,1
25,1,1
-294,7,0
68,38,1
108,86,1
-263,36,0
-285,10,0
55,19,1
73,45,1
31,11,1
33,5,1
-296,5,0
27,3,1
-302,3,0
-298,7,0
49,21,1
-300,1,0
43,15,1
53,13,1
25,1,1
-299,8,0
84,46,1
27,3,1
-296,5,0
-282,51,0
31,7,1
66,44,1
-244,73,0
-245,54,0
-266,23,0
28,2,1
56,50,1
-241,54,0
61,37,1
44,10,1
-239,88,0
-294,35,0
142,116,1
40,14,1
39,7,1
-296,9,0
-264,41,0
31,7,1
66,28,1
-295,8,0
45,17,1
-294,3,0
-251,64,0
40,6,1
31,3,1
25,1,1
25,1,1
-279,36,0
89,57,1
-284,13,0
144,126,1
-208,121,0
-271,24,0
69,37,1
68,34,1
145,129,1
107,79,1
50,28,1
110,96,1
-286,23,0
187,187,1
-244,85,0
28,2,1
-279,12,0
206,176,1
53,17,1
32,14,1
25,1,1
73,37,1
-236,73,0
-240,73,0
-254,43,0
74,44,1
36,10,1
62,24,1
24,2,1
37,5,1
33,9,1
29,5,1
22,4,1
59,19,1
41,13,1
95,59,1
-272,37,0
89,49,1
38,8,1
102,84,1
31,3,1
-220,105,0
59,23,1
-275,24,0
24,2,1
-255,40,0
80,46,1
25,1,1
27,3,1
30,4,1
48,26,1
-237,78,0
-275,28,0
69,41,1
59,23,1
89,61,1
42,8,1
31,7,1
25,1,1
121,85,1
34,8,1
-301,2,0
72,38,1
27,3,1
-300,1,0
24,2,1
76,42,1
29,5,1
-276,49,0
-274,27,0
-300,1,0
50,16,1
-278,19,0
-286,19,0
25,1,1
50,20,1
-301,2,0
33,5,1
24,2,1
-297,6,0
42,12,1
51,15,1
64,26,1
92,78,1
43,11,1
91,75,1
53,21,1
-292,13,0
28,2,1
72,38,1
25,1,1
-297,10,0
38,8,1
53,17,1
96,66,1
42,12,1
55,27,1
158,172,1
34,8,1
97,69,1
25,1,1
60,22,1
-248,37,0
51,19,1
-297,2,0
-221,114,0
50,12,1
56,30,1
69,41,1
-276,17,0
-280,13,0
-147,180,0
-267,24,0
60,42,1
28,2,1
27,3,1
-293,10,0
52,22,1
229,253,1
-278,27,0
35,11,1
28,2,1
102,88,1
-161,130,0
25,1,1
-182,123,0
28,2,1
68,38,1
32,10,1
63,27,1
109,69,1
123,107,1
-297,2,0
-216,81,0
42,12,1
-245,70,0
94,48,1
130,116,1
244,226,1
-301,2,0
-293,6,0
58,32,1
120,98,1
-289,6,0
77,45,1
-292,9,0
28,2,1
159,191,1
24,2,1
-247,52,0
188,178,1
81,41,1
31,3,1
57,29,1
164,138,1
-277,14,0
39,11,1
30,4,1
-301,2,0
26,4,1
30,8,1
38,12,1
36,10,1
65,41,1
-248,53,0
-271,28,0
28,2,1
-262,31,0
77,49,1
-303,12,0
-300,5,0
88,86,1
28,2,1
70,40,1
43,19,1
-235,64,0
63,35,1
-273,26,0
40,6,1
35,11,1
-204,101,0
-196,117,0
-285,22,0
28,6,1
-268,25,0
55,19,1
124,118,1
25,1,1
28,2,1
114,108,1
-268,37,0
30,4,1
72,38,1
60,34,1
41,9,1
25,1,1
34,16,1
-299,8,0
30,4,1
-294,7,0
31,3,1
83,47,1
78,44,1
42,12,1
-242,47,0
-278,51,0
134,108,1
-277,18,0
98,84,1
62,36,1
-271,24,0
-260,37,0
39,11,1
39,15,1
-297,2,0
-298,3,0
-241,70,0
-301,2,0
28,2,1
67,31,1
119,99,1
87,71,1
48,18,1
40,10,1
-234,83,0
25,1,1
-298,7,0
-274,27,0
31,3,1
32,6,1
45,13,1
172,142,1
-235,56,0
-264,45,0
-293,10,0
92,58,1
65,33,1
39,15,1
28,2,1
47,19,1
-282,27,0
43,23,1
42,12,1
-291,4,0
-286,7,0
72,38,1
-285,10,0
-261,38,0
-274,15,0
-279,28,0
33,5,1
86,64,1
-296,13,0
-247,76,0
-289,6,0
94,72,1
25,1,1
30,4,1
-261,34,0
36,6,1
-125,190,0
-284,29,0
39,7,1
-253,70,0
40,6,1
-277,30,0
28,2,1
44,14,1
-286,23,0
-246,59,0
-293,14,0
34,4,1
31,7,1
-289,14,0
29,5,1
-150,179,0
69,33,1
112,74,1
38,8,1
-288,9,0
44,14,1
34,4,1
83,67,1
83,55,1
37,5,1
-302,3,0
-294,19,0
-296,9,0
47,19,1
51,15,1
50,12,1
-213,70,0
45,29,1
-268,37,0
28,2,1
121,105,1
-268,33,0
83,59,1
-300,1,0
55,15,1
-245,54,0
74,40,1
-193,118,0
50,28,1
34,8,1
-283,12,0
62,32,1
-224,89,0
268,254,1
125,113,1
25,1,1
38,12,1
-264,29,0
116,78,1
-303,8,0
25,1,1
-271,28,0
90,60,1
-257,82,0
-274,43,0
-232,61,0
48,18,1
81,61,1
-285,14,0
25,1,1
138,112,1
-296,5,0
59,31,1
-278,19,0
-288,9,0
78,36,1
43,15,1
25,1,1
126,112,1
43,19,1
-300,1,0
162,152,1
41,25,1
-265,26,0
83,47,1
38,8,1
88,66,1
61,25,1
58,28,1
24,2,1
48,14,1
40,10,1
78,48,1
25,1,1
66,28,1
-287,12,0
42,8,1
-264,33,0
42,12,1
-255,56,0
-251,44,0
78,68,1
-251,84,0
25,1,1
-292,13,0
81,53,1
63,35,1
-271,48,0
104,78,1
-281,50,0
24,2,1
-292,9,0
28,2,1
140,158,1
-287,12,0
28,6,1
54,20,1
-268,33,0
-293,6,0
-225,82,0
-294,11,0
25,1,1
47,19,1
-257,54,0
60,30,1
91,59,1
-191,132,0
24,2,1
63,39,1
72,38,1
42,12,1
-246,91,0
25,1,1
-290,7,0
80,58,1
69,37,1
-272,57,0
57,33,1
28,2,1
39,11,1
-286,11,0
80,66,1
-292,21,0
-300,1,0
45,17,1
38,8,1
-194,131,0
51,27,1
37,5,1
-297,2,0
112,86,1
79,47,1
-253,66,0
47,19,1
48,18,1
30,4,1
34,8,1
-300,1,0
25,1,1
24,2,1
30,4,1
95,119,1
97,69,1
-224,129,0
-278,19,0
62,32,1
74,52,1
78,52,1
-288,13,0
45,13,1
43,11,1
38,8,1
37,5,1
-290,7,0
-295,4,0
-257,42,0
44,14,1
130,100,1
158,136,1
225,225,1
-279,16,0
27,3,1
30,4,1
88,54,1
28,2,1
158,156,1
-296,13,0
25,1,1
-259,28,0
31,3,1
78,40,1
71,27,1
-190,143,0
-279,40,0
65,29,1
-301,2,0
36,6,1
-280,49,0
-287,8,0
31,3,1
101,57,1
-303,4,0
295,287,1
41,9,1
132,102,1
-256,69,0
-298,7,0
105,77,1
-208,101,0
-270,31,0
-239,64,0
112,94,1
246,336,1
97,53,1
33,5,1
28,2,1
66,52,1
71,35,1
25,1,1
-227,80,0
57,49,1
92,58,1
-300,1,0
28,2,1
27,3,1
70,44,1
83,43,1
75,35,1
111,83,1
-284,25,0
39,7,1
24,2,1
-299,12,0
-216,81,0
-233,66,0
31,3,1
-284,37,0
-185,150,0
43,11,1
42,8,1
36,6,1
-282,11,0
-284,29,0
70,56,1
-299,4,0
46,12,1
24,2,1
39,11,1
36,10,1
95,75,1
96,66,1
58,24,1
-287,32,0
-269,46,0
40,22,1
50,20,1
-262,39,0
109,85,1
110,88,1
62,36,1
47,19,1
-185,158,0
48,22,1
64,38,1
120,98,1
61,21,1
-301,2,0
-274,31,0
25,1,1
30,4,1
-258,59,0
74,40,1
25,1,1
-290,7,0
-304,5,0
-272,25,0
-289,18,0
67,31,1
112,126,1
-214,119,0
25,1,1
-285,38,0
-238,67,0
52,18,1
-289,14,0
-191,108,0
25,1,1
-266,35,0
44,14,1
-294,15,0
31,3,1
22,4,1
24,2,1
31,3,1
71,35,1
-297,6,0
-300,1,0
35,11,1
43,11,1
37,9,1
25,1,1
75,39,1
-300,17,0
-294,7,0
-276,25,0
56,26,1
27,3,1
-296,5,0
42,12,1
-294,7,0
-231,84,0
-278,23,0
63,23,1
54,40,1
-294,7,0
-240,61,0
-282,23,0
-288,13,0
50,20,1
24,2,1
40,10,1
87,39,1
39,11,1
-161,174,0
71,51,1
61,29,1
107,87,1
-292,17,0
-278,15,0
28,6,1
87,59,1
25,1,1
-233,74,0
29,17,1
25,1,1
-287,8,0
25,1,1
-299,4,0
38,8,1
50,24,1
-243,60,0
-294,3,0
34,12,1
-292,5,0
25,1,1
139,119,1
31,3,1
105,77,1
28,2,1
-265,66,0
-248,53,0
63,31,1
38,12,1
-277,22,0
51,19,1
28,2,1
67,43,1
28,2,1
48,18,1
35,7,1
-272,37,0
-277,30,0
25,1,1
59,23,1
-300,1,0
45,9,1
45,21,1
-180,117,0
31,3,1
31,3,1
107,95,1
83,51,1
-301,6,0
49,17,1
-263,40,0
33,5,1
54,20,1
25,1,1
-278,23,0
99,75,1
67,47,1
-255,40,0
-301,2,0
-264,29,0
37,17,1
34,20,1
30,4,1
30,4,1
34,4,1
61,29,1
189,229,1
38,8,1
58,20,1
112,90,1
-261,46,0
56,22,1
-235,84,0
-295,4,0
28,2,1
45,17,1
27,7,1
-231,112,0
31,3,1
-294,3,0
100,54,1
75,51,1
45,13,1
25,1,1
38,12,1
77,49,1
159,151,1
-246,47,0
64,30,1
37,9,1
68,38,1
54,20,1
42,12,1
30,4,1
40,14,1
118,96,1
-283,8,0
25,1,1
80,50,1
-300,1,0
-295,4,0
26,4,1
-290,19,0
27,3,1
36,14,1
73,53,1
-258,43,0
-275,24,0
24,2,1
56,38,1
47,11,1
58,40,1
49,21,1
105,77,1
90,64,1
24,2,1
45,17,1
114,88,1
122,100,1
-283,24,0
31,3,1
105,93,1
84,50,1
-296,5,0
-291,8,0
40,10,1
37,9,1
41,17,1
55,43,1
38,12,1
36,6,1
33,5,1
54,28,1
-277,26,0
27,3,1
-284,25,0
34,4,1
29,9,1
25,1,1
45,9,1
32,6,1
82,56,1
25,1,1
-299,16,0
138,112,1
24,2,1
93,69,1
-283,16,0
25,1,1
-291,12,0
-280,17,0
88,74,1
58,56,1
28,2,1
25,1,1
111,91,1
40,10,1
-272,33,0
-273,22,0
45,17,1
-301,2,0
-297,2,0
87,59,1
25,1,1
125,125,1
-243,60,0
28,6,1
36,6,1
-252,49,0
33,5,1
49,17,1
49,13,1
25,1,1
84,58,1
40,14,1
44,14,1
-297,2,0
-269,26,0
-252,65,0
25,1,1
51,19,1
61,33,1
85,61,1
125,101,1
46,12,1
-198,119,0
64,26,1
55,23,1
-232,81,0
81,45,1
-216,85,0
-269,30,0
72,58,1
47,11,1
52,22,1
-292,13,0
45,25,1
68,42,1
25,1,1
34,4,1
-277,38,0
36,10,1
114,120,1
28,6,1
-300,1,0
110,112,1
37,9,1
28,2,1
97,61,1
35,11,1
38,20,1
42,12,1
-215,112,0
-290,23,0
67,35,1
65,41,1
68,54,1
45,17,1
-284,9,0
-162,151,0
-284,29,0
-298,11,0
-221,82,0
39,7,1
55,19,1
60,30,1
44,14,1
-297,2,0
-266,27,0
74,36,1
118,80,1
173,161,1
-271,24,0
-184,141,0
-244,85,0
57,17,1
31,7,1
114,88,1
25,1,1
-290,27,0
25,1,1
92,50,1
28,2,1
-281,10,0
58,36,1
37,13,1
35,7,1
-304,13,0
59,27,1
89,73,1
25,1,1
32,6,1
29,5,1
47,11,1
65,33,1
-300,1,0
-273,22,0
-255,72,0
-234,71,0
43,15,1
-296,9,0
69,29,1
-297,2,0
-278,27,0
399,491,1
102,80,1
-304,5,0
-269,38,0
-291,8,0
-266,47,0
-276,61,0
49,29,1
-285,18,0
56,26,1
52,10,1
51,23,1
79,39,1
-279,12,0
-248,69,0
42,12,1
40,10,1
-271,28,0
41,9,1
150,124,1
93,85,1
40,6,1
85,61,1
27,3,1
42,12,1
-291,20,0
67,43,1
54,36,1
117,105,1
-188,149,0
42,8,1
31,3,1
57,13,1
33,5,1
66,32,1
-264,29,0
46,16,1
130,128,1
-286,15,0
-239,56,0
-221,82,0
-267,56,0
-302,3,0
50,24,1
-292,5,0
-300,1,0
58,20,1
127,107,1
67,39,1
28,2,1
-229,62,0
88,58,1
98,72,1
-258,43,0
-280,25,0
40,10,1
-294,15,0
56,22,1
62,24,1
-291,8,0
86,68,1
24,2,1
47,11,1
25,1,1
-196,105,0
-235,116,0
52,14,1
27,3,1
-280,45,0
-296,5,0
61,33,1
105,81,1
34,4,1
73,33,1
-294,7,0
43,15,1
-209,110,0
-147,172,0
81,61,1
-295,12,0
40,10,1
-287,12,0
35,11,1
-238,79,0
25,1,1
28,2,1
25,1,1
51,15,1
-262,31,0
-286,23,0
127,119,1
44,14,1
-298,3,0
31,3,1
-228,73,0
-273,22,0
35,7,1
50,16,1
62,56,1
-191,112,0
-243,76,0
37,9,1
24,2,1
-285,14,0
48,18,1
44,10,1
-300,1,0
25,1,1
98,88,1
-292,13,0
25,1,1
-270,23,0
-282,15,0
-281,14,0
28,2,1
53,21,1
93,77,1
-291,12,0
43,11,1
-239,72,0
28,2,1
41,17,1
61,29,1
73,29,1
111,79,1
65,25,1
44,14,1
-242,55,0
34,4,1
42,12,1
-259,48,0
54,24,1
-238,67,0
75,43,1
-284,9,0
103,83,1
64,34,1
-300,1,0
-270,27,0
25,5,1
-187,140,0
-298,11,0
65,45,1
-280,21,0
-231,72,0
28,2,1
139,91,1
26,4,1
74,52,1
74,48,1
230,224,1
170,152,1
71,35,1
39,7,1
40,14,1
54,44,1
-265,58,0
113,81,1
28,2,1
-282,23,0
34,4,1
30,4,1
27,3,1
91,67,1
-268,45,0
-275,28,0
52,34,1
-293,6,0
48,18,1
-301,2,0
56,38,1
-236,73,0
-278,15,0
-230,75,0
67,27,1
28,2,1
40,10,1
41,13,1
-298,7,0
72,34,1
66,52,1
32,10,1
61,25,1
-239,88,0
-285,26,0
36,10,1
50,24,1
55,23,1
-236,69,0
38,12,1
25,1,1
47,19,1
-253,46,0
73,33,1
58,40,1
104,78,1
72,42,1
-300,9,0
48,18,1
37,13,1
79,71,1
83,55,1
-300,1,0
76,34,1
-256,41,0
34,8,1
107,83,1
33,5,1
70,48,1
-289,10,0
53,21,1
52,22,1
-298,7,0
57,29,1
43,27,1
28,2,1
-291,8,0
33,5,1
-279,20,0
40,10,1
154,156,1
86,68,1
39,7,1
70,44,1
-298,3,0
36,6,1
-297,6,0
34,12,1
36,6,1
53,21,1
50,16,1
27,3,1
53,25,1
36,6,1
32,6,1
54,28,1
-294,7,0
135,91,1
31,3,1
30,4,1
-281,14,0
-283,20,0
72,34,1
103,83,1
128,90,1
-269,46,0
25,1,1
122,100,1
-297,2,0
-301,2,0
29,5,1
34,8,1
43,11,1
39,7,1
25,1,1
80,58,1
44,22,1
-246,71,0
65,33,1
41,17,1
114,124,1
-259,40,0
195,215,1
27,7,1
-170,135,0
56,22,1
31,3,1
-289,10,0
28,2,1
37,9,1
-171,120,0
142,128,1
64,34,1
76,38,1
38,8,1
108,62,1
44,10,1
202,188,1
140,110,1
45,17,1
26,4,1
32,6,1
41,9,1
100,78,1
-277,30,0
-296,5,0
53,13,1
47,11,1
37,5,1
42,8,1
41,9,1
88,58,1
26,4,1
-297,10,0
30,4,1
25,1,1
35,7,1
29,5,1
-224,85,0
28,2,1
112,66,1
98,60,1
46,12,1
58,24,1
-292,9,0
-282,15,0
62,32,1
34,4,1
-287,28,0
-260,33,0
27,3,1
-280,17,0
45,17,1
106,64,1
59,31,1
-261,50,0
-295,4,0
28,2,1
-233,66,0
-291,8,0
-286,11,0
49,17,1
-249,54,0
-243,52,0
42,24,1
53,21,1
34,8,1
-254,43,0
-265,46,0
57,41,1
161,189,1
44,14,1
-299,4,0
25,1,1
-210,83,0
-278,27,0
87,63,1
-289,6,0
28,2,1
-288,29,0
40,14,1
85,61,1
-283,12,0
28,2,1
35,7,1
39,7,1
59,23,1
-266,43,0
87,63,1
72,46,1
28,2,1
-205,98,0
33,5,1
30,4,1
-116,201,0
51,19,1
52,18,1
25,1,1
-294,7,0
41,13,1
35,11,1
-302,3,0
-290,11,0
-297,2,0
28,2,1
192,158,1
-295,4,0
24,2,1
57,29,1
64,38,1
-301,10,0
-294,3,0
-284,21,0
104,74,1
106,76,1
-270,31,0
-298,3,0
-294,3,0
69,41,1
35,7,1
25,1,1
64,30,1
41,9,1
72,42,1
25,1,1
25,1,1
-283,8,0
25,1,1
30,4,1
34,4,1
-231,100,0
29,5,1
74,32,1
65,21,1
47,15,1
-300,1,0
63,31,1
24,2,1
28,2,1
38,16,1
-220,85,0
139,99,1
87,47,1
77,37,1
40,6,1
40,14,1
93,77,1
104,82,1
70,36,1
33,5,1
122,88,1
50,20,1
69,49,1
-267,28,0
34,8,1
55,23,1
53,17,1
-297,6,0
53,33,1
46,16,1
27,3,1
63,39,1
64,30,1
107,67,1
97,57,1
42,8,1
205,189,1
34,8,1
111,87,1
33,5,1
65,37,1
37,13,1
110,72,1
-274,43,0
72,54,1
-274,27,0
106,88,1
25,1,1
144,178,1
68,54,1
37,5,1
-300,1,0
60,46,1
68,42,1
46,24,1
-294,7,0
84,46,1
34,4,1
49,21,1
102,76,1
36,6,1
42,28,1
37,9,1
25,1,1
51,27,1
142,136,1
-303,12,0
43,23,1
-284,17,0
65,25,1
28,2,1
-233,54,0
103,67,1
87,51,1
34,4,1
56,22,1
25,1,1
41,13,1
-291,8,0
79,59,1
-300,13,0
204,190,1
25,1,1
-289,14,0
40,10,1
24,2,1
-250,51,0
44,14,1
28,2,1
58,32,1
70,56,1
-250,51,0
-253,54,0
75,47,1
67,35,1
36,6,1
28,2,1
37,9,1
42,8,1
80,62,1
36,10,1
-300,1,0
29,5,1
-289,22,0
57,21,1
36,6,1
-298,23,0
-298,3,0
-275,16,0
-283,20,0
-282,11,0
-275,44,0
-265,38,0
33,5,1
25,1,1
-269,34,0
74,32,1
82,40,1
27,3,1
24,2,1
-301,2,0
36,10,1
41,13,1
175,143,1
42,16,1
-281,10,0
24,2,1
74,48,1
34,8,1
-272,21,0
76,42,1
-246,55,0
37,5,1
-300,1,0
24,2,1
55,23,1
62,28,1
58,36,1
52,18,1
56,26,1
-236,69,0
-267,32,0
25,1,1
65,41,1
88,74,1
59,23,1
35,11,1
26,8,1
25,1,1
25,1,1
70,40,1
64,30,1
-243,64,0
32,6,1
-288,21,0
-290,15,0
29,9,1
104,74,1
33,5,1
71,47,1
54,24,1
-285,10,0
124,118,1
-300,1,0
-296,9,0
36,10,1
36,6,1
70,32,1
49,17,1
-281,14,0
33,5,1
89,57,1
24,2,1
35,7,1
61,29,1
-295,16,0
-244,69,0
35,7,1
-297,2,0
30,4,1
-295,4,0
68,34,1
90,60,1
-297,10,0
67,31,1
-297,2,0
139,111,1
-300,5,0
-265,26,0
49,13,1
30,4,1
28,2,1
59,31,1
-270,39,0
105,73,1
-265,38,0
-261,50,0
-291,4,0
93,81,1
82,48,1
-297,2,0
25,1,1
44,18,1
65,33,1
25,1,1
24,2,1
34,4,1
89,53,1
-275,12,0
-301,2,0
25,1,1
90,60,1
60,34,1
-299,4,0
-282,11,0
159,139,1
123,95,1
25,1,1
90,64,1
-300,5,0
43,15,1
31,7,1
-225,70,0
86,52,1
39,11,1
-280,21,0
47,15,1
24,2,1
-300,1,0
25,1,1
-296,5,0
28,2,1
32,6,1
-280,21,0
25,1,1
107,75,1
-298,7,0
100,126,1
42,8,1
65,33,1
79,55,1
32,6,1
100,90,1
-266,31,0
-257,42,0
47,15,1
-298,7,0
75,39,1
-227,60,0
65,41,1
57,33,1
-240,49,0
49,17,1
-296,9,0
34,12,1
33,5,1
-284,17,0
-295,4,0
24,2,1
-290,7,0
84,54,1
-266,19,0
31,11,1
38,8,1
29,5,1
50,28,1
-298,3,0
136,130,1
34,4,1
28,2,1
81,49,1
40,10,1
44,10,1
-284,9,0
48,10,1
-300,1,0
-274,27,0
74,28,1
-274,19,0
149,121,1
34,8,1
210,196,1
109,81,1
-260,49,0
52,22,1
129,137,1
89,57,1
25,1,1
49,25,1
45,13,1
91,79,1
-252,49,0
81,37,1
31,7,1
44,10,1
72,46,1
39,11,1
-287,24,0
-265,30,0
85,77,1
-266,31,0
69,37,1
70,32,1
-245,62,0
-253,50,0
135,115,1
-224,81,0
-177,170,0
57,21,1
-287,8,0
47,15,1
72,50,1
112,90,1
55,19,1
-281,34,0
96,66,1
52,18,1
88,58,1
-289,6,0
-300,5,0
60,30,1
45,13,1
84,66,1
147,143,1
101,81,1
36,6,1
100,78,1
62,36,1
70,44,1
-284,13,0
50,16,1
55,19,1
-219,88,0
88,58,1
-291,24,0
31,3,1
66,40,1
-288,9,0
64,38,1
-224,101,0
-266,51,0
42,16,1
91,75,1
109,69,1
53,25,1
54,24,1
-300,1,0
28,2,1
-156,197,0
31,3,1
-276,33,0
-234,91,0
122,108,1
84,58,1
70,44,1
45,13,1
58,56,1
30,4,1
41,9,1
-292,13,0
87,55,1
30,4,1
54,20,1
62,28,1
-242,51,0
65,37,1
36,6,1
-252,57,0
76,42,1
89,69,1
99,67,1
81,45,1
77,33,1
-281,38,0
-279,16,0
50,20,1
-267,44,0
46,12,1
-224,85,0
-245,74,0
31,7,1
-275,20,0
69,45,1
93,57,1
37,9,1
50,16,1
-295,8,0
39,7,1
-235,80,0
76,42,1
95,67,1
56,22,1
24,2,1
-275,20,0
60,22,1
-278,31,0
-285,10,0
-268,53,0
-186,151,0
54,28,1
149,125,1
53,21,1
-300,1,0
25,1,1
97,61,1
97,49,1
44,18,1
36,6,1
-273,18,0
-266,43,0
-280,53,0
32,6,1
65,25,1
31,7,1
43,19,1
159,131,1
34,4,1
67,27,1
-268,25,0
78,44,1
149,133,1
25,1,1
51,19,1
75,35,1
34,8,1
51,19,1
39,11,1
40,10,1
54,24,1
43,7,1
64,22,1
-292,5,0
25,1,1
44,18,1
38,8,1
-297,2,0
150,128,1
65,33,1
80,50,1
-274,71,0
43,15,1
28,2,1
42,16,1
44,14,1
24,2,1
-272,25,0
30,4,1
-242,47,0
119,115,1
28,2,1
75,39,1
48,30,1
38,8,1
113,89,1
46,16,1
25,1,1
25,1,1
51,19,1
31,3,1
-244,45,0
48,14,1
61,25,1
45,9,1
59,23,1
75,43,1
72,42,1
-290,19,0
55,19,1
25,1,1
52,18,1
65,25,1
-300,1,0
69,41,1
73,37,1
-298,3,0
39,11,1
46,12,1
56,22,1
-282,19,0
34,4,1
-279,16,0
-272,45,0
-300,1,0
-301,2,0
60,26,1
80,54,1
50,20,1
55,31,1
25,1,1
49,13,1
46,16,1
30,4,1
-285,14,0
73,33,1
135,135,1
34,4,1
40,6,1
113,85,1
36,10,1
33,5,1
55,23,1
49,25,1
30,4,1
56,18,1
-255,48,0
40,10,1
-279,12,0
43,11,1
34,4,1
37,9,1
28,2,1
47,11,1
32,10,1
-278,27,0
62,32,1
39,11,1
-278,23,0
31,3,1
38,12,1
58,32,1
33,5,1
-283,12,0
-291,4,0
96,66,1
25,1,1
49,21,1
50,12,1
55,27,1
106,88,1
-287,28,0
61,37,1
-226,87,0
25,1,1
-297,10,0
-231,60,0
60,26,1
33,13,1
31,3,1
44,10,1
155,119,1
46,16,1
-217,78,0
-234,87,0
98,88,1
-287,8,0
25,1,1
38,8,1
46,12,1
45,13,1
28,2,1
37,9,1
57,33,1
45,9,1
94,68,1
59,27,1
100,78,1
25,1,1
-255,40,0
30,4,1
76,38,1
71,39,1
59,35,1
28,2,1
-297,2,0
73,57,1
55,19,1
-274,31,0
-301,2,0
60,22,1
56,22,1
-294,7,0
-293,6,0
24,2,1
45,17,1
-270,27,0
65,33,1
112,78,1
41,9,1
47,23,1
118,100,1
43,7,1
83,47,1
-286,15,0
51,23,1
83,51,1
-282,23,0
24,2,1
53,21,1
35,7,1
-260,53,0
95,67,1
40,10,1
-297,10,0
-283,28,0
42,12,1
-273,22,0
62,36,1
-282,11,0
-280,13,0
41,9,1
81,41,1
72,62,1
25,1,1
25,1,1
-300,1,0
34,4,1
-300,1,0
-270,43,0
62,36,1
113,73,1
52,26,1
62,20,1
92,66,1
-260,37,0
25,1,1
100,82,1
27,3,1
97,73,1
-251,56,0
28,2,1
-286,15,0
-193,106,0
25,1,1
142,104,1
34,8,1
-292,5,0
-279,20,0
83,67,1
-297,6,0
84,42,1
-256,45,0
90,52,1
45,17,1
35,7,1
37,13,1
-302,7,0
-276,57,0
25,1,1
52,22,1
35,7,1
-289,6,0
-263,24,0
-296,5,0
25,1,1
39,7,1
35,7,1
37,9,1
-300,1,0
-289,6,0
62,20,1
42,8,1
73,45,1
50,36,1
62,32,1
-259,36,0
43,7,1
49,17,1
37,9,1
-287,16,0
70,44,1
88,62,1
28,2,1
31,3,1
50,32,1
43,11,1
-291,12,0
52,14,1
29,5,1
-276,21,0
30,4,1
28,2,1
60,22,1
211,215,1
43,11,1
40,10,1
-242,59,0
108,78,1
75,39,1
112,86,1
97,61,1
-291,12,0
57,29,1
33,5,1
50,16,1
-264,33,0
25,1,1
-279,16,0
32,6,1
70,36,1
60,34,1
95,59,1
44,14,1
114,84,1
-236,77,0
49,13,1
-301,2,0
54,40,1
50,24,1
66,28,1
-293,10,0
38,16,1
-286,19,0
25,1,1
31,3,1
-291,24,0
74,36,1
49,13,1
25,1,1
123,99,1
-293,14,0
43,19,1
36,14,1
72,38,1
48,22,1
41,13,1
56,26,1
88,62,1
31,7,1
30,4,1
45,21,1
-287,8,0
109,85,1
97,81,1
-298,7,0
-245,42,0
58,40,1
-189,130,0
25,1,1
68,38,1
-289,30,0
37,9,1
76,34,1
76,50,1
133,113,1
57,25,1
160,170,1
49,29,1
27,11,1
38,28,1
-280,37,0
98,72,1
60,46,1
36,14,1
-242,67,0
63,35,1
72,42,1
-270,27,0
30,4,1
-263,52,0
185,197,1
49,21,1
103,67,1
109,77,1
78,48,1
-280,21,0
41,9,1
24,2,1
35,31,1
31,11,1
45,17,1
43,11,1
53,17,1
35,7,1
28,2,1
64,38,1
61,41,1
32,10,1
46,8,1
154,136,1
-268,25,0
-159,156,0
56,26,1
25,1,1
92,62,1
43,11,1
48,18,1
-272,25,0
-286,11,0
64,26,1
25,1,1
30,4,1
68,26,1
59,19,1
-293,10,0
32,6,1
47,15,1
64,22,1
29,21,1
43,15,1
-297,18,0
49,13,1
65,33,1
30,4,1
46,12,1
33,5,1
24,2,1
51,23,1
65,33,1
79,51,1
47,27,1
50,16,1
90,60,1
38,8,1
25,1,1
25,1,1
-285,30,0
154,124,1
-291,16,0
-272,37,0
141,113,1
48,30,1
42,12,1
53,21,1
-300,1,0
-277,22,0
25,1,1
-298,3,0
42,16,1
26,4,1
-271,20,0
32,6,1
-292,17,0
69,33,1
-256,29,0
63,27,1
55,15,1
-259,32,0
-260,25,0
81,53,1
54,24,1
25,1,1
38,8,1
115,91,1
-300,5,0
45,13,1
-239,76,0
130,120,1
56,22,1
-297,2,0
113,77,1
109,81,1
-290,7,0
-293,6,0
40,14,1
63,27,1
25,1,1
39,15,1
112,86,1
39,11,1
45,13,1
25,1,1
86,52,1
84,62,1
-278,27,0
48,18,1
29,5,1
70,36,1
24,2,1
37,5,1
35,7,1
63,23,1
-199,112,0
129,109,1
31,3,1
25,1,1
59,31,1
49,17,1
202,172,1
30,4,1
92,70,1
60,26,1
-297,2,0
45,13,1
44,14,1
35,7,1
36,6,1
-294,11,0
75,47,1
30,4,1
33,5,1
85,53,1
-215,80,0
30,4,1
54,20,1
93,73,1
93,81,1
-257,38,0
61,29,1
-255,44,0
68,58,1
180,166,1
42,12,1
-283,12,0
68,42,1
72,30,1
-289,22,0
-258,47,0
39,27,1
28,2,1
75,63,1
24,2,1
55,19,1
41,13,1
-286,27,0
34,4,1
50,20,1
67,39,1
104,70,1
39,15,1
28,2,1
-258,51,0
-299,4,0
-283,28,0
80,42,1
25,1,1
62,28,1
56,22,1
72,42,1
-171,180,0
25,1,1
133,101,1
87,51,1
80,54,1
45,17,1
-273,34,0
30,8,1
103,71,1
93,53,1
39,35,1
-288,13,0
-257,54,0
-267,28,0
-273,18,0
33,5,1
25,1,1
48,22,1
43,15,1
-222,75,0
48,22,1
30,4,1
44,14,1
-281,18,0
25,1,1
25,1,1
42,16,1
-260,53,0
99,63,1
36,18,1
-271,24,0
-278,19,0
50,16,1
36,6,1
39,11,1
43,15,1
36,30,1
63,31,1
74,44,1
-297,14,0
72,38,1
80,50,1
42,8,1
-265,42,0
84,38,1
52,18,1
-248,45,0
78,48,1
-241,86,0
85,49,1
30,4,1
36,6,1
46,16,1
-291,8,0
36,6,1
25,1,1
60,26,1
44,10,1
25,1,1
187,159,1
55,19,1
27,3,1
52,18,1
59,23,1
50,24,1
73,37,1
-294,7,0
54,20,1
40,14,1
29,5,1
40,14,1
-300,1,0
107,79,1
59,27,1
25,5,1
-300,5,0
30,8,1
-269,34,0
57,21,1
72,34,1
53,21,1
25,1,1
-273,38,0
78,44,1
98,64,1
58,24,1
34,8,1
-290,15,0
38,8,1
-282,15,0
25,1,1
49,25,1
-274,15,0
-265,54,0
-225,90,0
-248,53,0
51,19,1
95,87,1
84,58,1
75,35,1
36,6,1
36,6,1
89,61,1
56,30,1
56,22,1
58,20,1
35,7,1
44,14,1
59,31,1
-294,3,0
-289,6,0
30,4,1
112,82,1
-300,1,0
63,27,1
-148,149,0
-287,24,0
-289,14,0
31,3,1
-294,3,0
68,38,1
30,4,1
29,5,1
57,25,1
-301,2,0
69,33,1
47,23,1
56,18,1
50,20,1
-274,23,0
-262,39,0
43,15,1
82,48,1
-277,22,0
25,1,1
54,20,1
76,46,1
56,22,1
49,17,1
-293,18,0
89,53,1
107,59,1
25,1,1
54,28,1
35,7,1
73,49,1
49,13,1
44,14,1
59,35,1
36,6,1
97,49,1
-253,42,0
-283,32,0
25,1,1
-281,18,0
60,22,1
89,57,1
-287,16,0
-237,54,0
-274,27,0
104,66,1
43,15,1
-216,89,0
43,15,1
59,31,1
-280,17,0
39,11,1
32,6,1
40,10,1
28,2,1
45,29,1
-290,11,0
-274,31,0
50,16,1
28,2,1
-274,31,0
-292,9,0
-291,20,0
-261,38,0
28,2,1
51,15,1
48,26,1
33,5,1
41,9,1
24,2,1
-262,31,0
41,13,1
31,3,1
-294,7,0
83,39,1
60,34,1
75,43,1
70,44,1
36,6,1
55,27,1
43,7,1
-284,13,0
48,10,1
86,80,1
39,11,1
77,33,1
25,1,1
38,12,1
102,68,1
64,38,1
27,3,1
29,5,1
66,36,1
153,149,1
34,4,1
33,5,1
60,34,1
47,11,1
79,39,1
-297,2,0
-249,42,0
36,6,1
31,7,1
72,30,1
-297,30,0
-296,13,0
33,5,1
100,90,1
64,34,1
31,3,1
-218,71,0
31,3,1
107,79,1
61,29,1
67,19,1
94,64,1
-297,2,0
25,1,1
51,47,1
-249,38,0
71,31,1
39,11,1
47,19,1
32,6,1
94,52,1
56,18,1
53,21,1
87,51,1
31,3,1
109,65,1
82,44,1
24,2,1
42,8,1
37,17,1
54,24,1
36,6,1
-298,3,0
56,18,1
36,6,1
36,6,1
25,1,1
25,1,1
25,1,1
-276,29,0
47,19,1
47,19,1
25,1,1
93,69,1
-297,2,0
-280,21,0
41,13,1
52,22,1
48,38,1
-290,7,0
30,4,1
-239,84,0
53,21,1
34,8,1
57,17,1
-264,33,0
51,27,1
-298,3,0
-212,89,0
33,13,1
-244,49,0
49,13,1
40,14,1
-268,29,0
53,21,1
34,4,1
-300,1,0
46,16,1
31,3,1
36,14,1
30,4,1
47,15,1
-263,40,0
-203,88,0
57,21,1
71,35,1
35,7,1
53,13,1
65,37,1
98,64,1
101,113,1
35,7,1
25,1,1
25,1,1
109,73,1
-286,23,0
105,77,1
63,43,1
60,30,1
64,46,1
44,26,1
92,62,1
-300,9,0
25,1,1
88,70,1
67,31,1
25,1,1
25,1,1
64,38,1
59,27,1
27,3,1
145,117,1
25,1,1
75,43,1
27,3,1
33,13,1
53,21,1
36,6,1
64,30,1
111,75,1
165,125,1
22,4,1
85,65,1
41,17,1
81,45,1
25,1,1
-290,7,0
33,5,1
-282,23,0
28,2,1
60,22,1
-254,47,0
111,75,1
67,31,1
70,36,1
53,17,1
28,2,1
24,2,1
-294,3,0
46,8,1
120,82,1
38,16,1
-286,19,0
-286,7,0
32,6,1
57,21,1
52,18,1
109,93,1
-291,4,0
58,32,1
64,34,1
44,10,1
45,9,1
45,9,1
37,13,1
38,8,1
-301,2,0
-245,54,0
152,122,1
25,1,1
36,6,1
79,63,1
81,81,1
59,31,1
42,12,1
-264,33,0
83,47,1
97,81,1
27,3,1
33,9,1
43,15,1
56,30,1
-282,11,0
50,16,1
50,12,1
-292,5,0
-227,68,0
36,6,1
31,3,1
49,17,1
35,7,1
-293,10,0
53,21,1
49,17,1
34,4,1
-276,25,0
58,24,1
-292,13,0
41,9,1
55,27,1
63,27,1
-245,74,0
-292,9,0
99,83,1
-263,28,0
62,56,1
-296,21,0
28,10,1
86,48,1
132,110,1
33,5,1
44,18,1
67,23,1
-300,5,0
28,2,1
-279,16,0
129,113,1
42,12,1
45,13,1
-269,30,0
36,6,1
32,6,1
64,38,1
67,35,1
37,5,1
24,2,1
-276,25,0
99,67,1
44,10,1
-256,29,0
31,3,1
62,28,1
51,15,1
28,2,1
39,11,1
-261,38,0
76,50,1
97,57,1
61,29,1
-272,41,0
-264,49,0
-279,36,0
50,16,1
-264,41,0
25,1,1
-269,42,0
-272,37,0
45,13,1
30,4,1
25,1,1
24,2,1
-276,25,0
28,2,1
123,111,1
122,104,1
37,9,1
54,20,1
-283,16,0
38,8,1
62,24,1
25,1,1
-289,30,0
-301,6,0
25,1,1
87,67,1
24,2,1
52,34,1
86,60,1
45,13,1
-276,21,0
61,29,1
81,45,1
-299,4,0
76,42,1
-284,13,0
63,35,1
-272,17,0
46,12,1
-274,31,0
30,4,1
100,74,1
51,19,1
51,35,1
57,21,1
62,28,1
33,13,1
46,16,1
61,21,1
-274,31,0
29,5,1
43,11,1
-208,105,0
41,17,1
85,45,1
54,24,1
-291,4,0
235,259,1
45,13,1
30,4,1
25,1,1
24,2,1
-298,3,0
60,26,1
40,10,1
152,134,1
-290,7,0
-281,14,0
-300,1,0
31,3,1
78,60,1
-227,64,0
30,4,1
42,12,1
-296,5,0
72,38,1
42,8,1
24,2,1
-283,20,0
57,17,1
-272,29,0
43,11,1
-302,3,0
-297,2,0
93,61,1
-283,16,0
25,1,1
56,18,1
40,10,1
-293,10,0
45,21,1
47,11,1
50,20,1
63,39,1
83,43,1
118,100,1
33,5,1
67,35,1
25,1,1
53,21,1
-265,42,0
46,12,1
59,23,1
81,45,1
34,8,1
38,8,1
101,73,1
28,2,1
34,12,1
27,3,1
-258,43,0
130,100,1
36,6,1
-217,90,0
33,5,1
31,3,1
33,9,1
78,44,1
97,73,1
96,78,1
58,24,1
47,19,1
194,164,1
64,34,1
28,2,1
37,9,1
25,1,1
-296,5,0
25,1,1
25,1,1
62,40,1
28,2,1
30,4,1
114,92,1
164,158,1
45,13,1
55,39,1
47,15,1
-284,13,0
53,17,1
67,51,1
57,25,1
45,21,1
59,31,1
85,49,1
69,37,1
64,34,1
41,9,1
25,1,1
47,15,1
-275,20,0
71,39,1
48,10,1
37,5,1
74,44,1
47,15,1
28,10,1
-281,18,0
74,60,1
75,51,1
40,10,1
-268,29,0
25,1,1
25,1,1
121,113,1
24,2,1
54,20,1
-296,5,0
162,140,1
119,119,1
-298,3,0
-261,58,0
45,9,1
102,76,1
63,27,1
33,9,1
41,13,1
74,32,1
76,46,1
30,4,1
39,7,1
-302,3,0
-285,10,0
28,2,1
102,96,1
40,10,1
25,1,1
47,19,1
47,15,1
74,60,1
-298,3,0
51,15,1
49,25,1
49,33,1
39,15,1
-279,36,0
32,6,1
25,1,1
28,2,1
-289,10,0
25,1,1
73,45,1
68,38,1
118,76,1
-290,11,0
61,25,1
-289,18,0
-254,39,0
-283,20,0
97,89,1
31,7,1
67,27,1
23,11,1
31,3,1
-285,14,0
-300,1,0
43,11,1
28,2,1
43,23,1
-211,80,0
24,2,1
58,24,1
-299,4,0
49,17,1
46,12,1
60,18,1
37,5,1
76,50,1
25,1,1
64,30,1
-249,38,0
-284,13,0
36,10,1
36,6,1
84,54,1
37,21,1
46,16,1
53,21,1
73,37,1
30,4,1
38,8,1
51,23,1
59,27,1
125,93,1
-247,56,0
-291,12,0
25,1,1
-300,1,0
-303,4,0
-278,23,0
51,27,1
92,66,1
-242,67,0
97,69,1
35,7,1
24,2,1
57,25,1
56,26,1
-89,258,0
76,46,1
-295,4,0
72,30,1
-300,1,0
139,107,1
43,7,1
-230,75,0
47,11,1
72,42,1
63,31,1
68,38,1
93,57,1
41,9,1
63,23,1
58,20,1
52,26,1
61,41,1
42,16,1
-271,24,0
44,10,1
50,16,1
-287,16,0
46,12,1
25,1,1
24,2,1
34,4,1
98,92,1
47,15,1
84,70,1
54,16,1
-303,4,0
31,3,1
47,19,1
44,22,1
30,4,1
70,36,1
-276,21,0
38,8,1
-295,4,0
119,87,1
57,17,1
101,69,1
35,7,1
-229,82,0
-284,9,0
25,1,1
33,5,1
25,1,1
45,17,1
41,13,1
-301,2,0
86,48,1
42,8,1
-245,54,0
43,15,1
74,36,1
-284,9,0
27,3,1
37,9,1
40,18,1
25,1,1
85,49,1
25,1,1
24,2,1
-293,14,0
28,2,1
97,57,1
48,14,1
68,22,1
120,122,1
-304,9,0
31,3,1
90,52,1
33,5,1
-277,42,0
37,5,1
36,6,1
37,5,1
-289,78,0
42,16,1
-274,23,0
-291,4,0
37,9,1
63,39,1
41,9,1
42,16,1
34,8,1
33,5,1
31,3,1
-259,32,0
42,12,1
43,11,1
24,2,1
-277,30,0
99,55,1
63,27,1
90,48,1
-300,1,0
49,17,1
38,8,1
69,41,1
130,108,1
98,80,1
91,59,1
73,41,1
62,36,1
-280,21,0
56,26,1
89,45,1
46,16,1
44,14,1
45,13,1
36,6,1
25,1,1
49,21,1
-207,104,0
67,23,1
204,242,1
24,2,1
25,1,1
40,10,1
61,29,1
28,2,1
105,85,1
45,29,1
39,11,1
31,7,1
58,20,1
59,31,1
69,41,1
66,40,1
-287,12,0
31,3,1
34,4,1
71,35,1
108,70,1
25,1,1
35,15,1
47,23,1
43,11,1
-287,20,0
46,12,1
45,9,1
25,1,1
28,2,1
80,38,1
36,10,1
-250,31,0
51,19,1
48,14,1
54,20,1
-299,8,0
49,13,1
25,1,1
61,37,1
77,49,1
31,3,1
32,6,1
28,2,1
27,3,1
42,24,1
-294,15,0
44,14,1
-285,18,0
38,8,1
50,24,1
37,9,1
32,6,1
-300,1,0
52,14,1
49,21,1
-295,12,0
42,20,1
120,94,1
41,13,1
25,1,1
36,6,1
95,79,1
52,14,1
-300,1,0
54,20,1
-297,18,0
64,34,1
-299,20,0
25,1,1
44,14,1
39,11,1
28,2,1
71,47,1
49,13,1
54,32,1
41,21,1
25,1,1
72,58,1
23,3,1
43,11,1
25,1,1
48,22,1
-233,74,0
41,17,1
-271,28,0
61,49,1
25,1,1
-300,5,0
46,16,1
39,15,1
33,5,1
61,29,1
30,4,1
28,2,1
-284,29,0
25,1,1
-287,12,0
45,9,1
-292,21,0
53,25,1
46,16,1
32,6,1
32,6,1
29,5,1
73,33,1
48,14,1
28,2,1
35,7,1
24,2,1
74,36,1
82,56,1
38,12,1
28,2,1
-276,13,0
75,63,1
49,13,1
44,10,1
-268,29,0
53,21,1
46,12,1
-184,117,0
45,13,1
85,45,1
28,6,1
25,1,1
-304,5,0
41,9,1
-299,4,0
46,20,1
38,8,1
30,4,1
50,16,1
-271,36,0
-300,1,0
98,72,1
46,28,1
65,29,1
31,3,1
-290,15,0
40,30,1
25,1,1
54,24,1
-239,68,0
36,6,1
129,101,1
-280,17,0
87,47,1
25,1,1
28,2,1
25,1,1
93,65,1
35,7,1
-301,2,0
-211,88,0
90,76,1
57,29,1
35,7,1
90,56,1
36,6,1
59,31,1
25,1,1
71,35,1
41,17,1
28,2,1
83,47,1
55,27,1
-300,1,0
43,11,1
33,17,1
56,30,1
81,41,1
107,67,1
64,22,1
-271,44,0
71,31,1
-251,48,0
58,28,1
38,8,1
33,5,1
-298,7,0
43,11,1
32,6,1
30,4,1
-233,62,0
68,50,1
69,45,1
-276,25,0
-301,2,0
31,3,1
58,32,1
55,31,1
66,36,1
58,32,1
39,11,1
-300,1,0
-298,3,0
55,23,1
25,1,1
84,50,1
39,7,1
-294,15,0
-271,20,0
28,2,1
-303,4,0
46,12,1
81,49,1
133,89,1
28,2,1
-273,30,0
-284,13,0
25,1,1
52,14,1
25,1,1
28,2,1
42,8,1
119,87,1
31,3,1
25,1,1
45,13,1
-294,3,0
41,9,1
24,2,1
71,35,1
25,1,1
25,1,1
24,2,1
33,5,1
24,2,1
50,20,1
68,34,1
-253,66,0
74,40,1
33,5,1
-252,69,0
27,3,1
50,20,1
56,22,1
-269,22,0
30,4,1
-286,19,0
28,2,1
92,70,1
-289,6,0
40,6,1
28,2,1
35,7,1
-311,12,0
-232,69,0
25,1,1
45,13,1
-297,2,0
63,23,1
39,7,1
49,25,1
69,33,1
43,15,1
49,17,1
84,54,1
133,121,1
-284,9,0
53,17,1
45,13,1
97,69,1
-297,6,0
25,1,1
95,51,1
125,93,1
27,3,1
25,1,1
28,10,1
28,2,1
24,2,1
25,1,1
41,9,1
54,20,1
-282,15,0
25,1,1
41,9,1
30,4,1
33,9,1
-300,1,0
74,44,1
-280,25,0
-298,3,0
41,13,1
-228,105,0
83,39,1
-286,11,0
39,7,1
113,141,1
57,33,1
91,59,1
47,23,1
51,19,1
76,74,1
33,5,1
48,22,1
-256,45,0
44,14,1
25,1,1
52,22,1
65,33,1
74,36,1
31,7,1
34,4,1
58,20,1
72,30,1
42,16,1
46,16,1
24,2,1
36,18,1
-288,17,0
43,11,1
-292,13,0
81,45,1
171,147,1
-300,1,0
28,6,1
49,13,1
-262,27,0
-268,53,0
-256,45,0
31,3,1
25,1,1
31,3,1
25,1,1
60,22,1
25,1,1
76,34,1
69,37,1
46,12,1
45,17,1
145,121,1
69,29,1
80,46,1
80,42,1
-298,3,0
63,35,1
35,7,1
36,10,1
-300,1,0
38,16,1
51,23,1
32,6,1
-300,1,0
34,8,1
72,58,1
28,2,1
52,22,1
30,4,1
27,3,1
43,15,1
43,15,1
-211,96,0
28,2,1
-300,1,0
25,1,1
41,17,1
59,35,1
25,1,1
99,75,1
54,24,1
60,26,1
-286,15,0
-285,34,0
33,5,1
34,8,1
53,45,1
57,17,1
59,31,1
32,6,1
24,2,1
37,5,1
-297,2,0
37,5,1
116,82,1
-251,32,0
89,61,1
49,21,1
33,9,1
39,15,1
-252,41,0
31,3,1
37,9,1
28,2,1
65,25,1
54,28,1
35,7,1
89,61,1
-218,87,0
34,4,1
25,1,1
24,2,1
98,72,1
74,36,1
72,50,1
39,15,1
75,31,1
61,21,1
-302,11,0
46,8,1
-265,34,0
-242,67,0
44,70,1
-293,10,0
78,40,1
37,5,1
37,9,1
-289,18,0
37,9,1
-273,22,0
68,30,1
90,52,1
70,36,1
43,23,1
93,61,1
-300,1,0
52,14,1
69,37,1
60,26,1
73,33,1
58,20,1
78,52,1
27,3,1
-257,54,0
55,31,1
-300,1,0
24,2,1
67,31,1
30,4,1
28,6,1
-291,16,0
24,2,1
41,9,1
37,13,1
-294,7,0
66,32,1
105,97,1
25,1,1
45,21,1
43,11,1
76,46,1
68,26,1
-298,3,0
39,19,1
29,5,1
25,1,1
30,4,1
59,31,1
212,190,1
44,22,1
44,18,1
42,12,1
24,2,1
-263,40,0
25,1,1
25,1,1
-280,21,0
36,6,1
24,2,1
43,19,1
44,10,1
23,3,1
-250,55,0
69,37,1
51,15,1
25,1,1
37,5,1
44,14,1
96,74,1
40,6,1
34,4,1
79,59,1
49,29,1
31,3,1
25,1,1
-247,72,0
48,10,1
58,24,1
28,2,1
25,1,1
38,8,1
65,29,1
-276,21,0
35,11,1
25,1,1
32,6,1
25,1,1
33,9,1
52,18,1
35,7,1
56,26,1
79,55,1
26,8,1
36,6,1
151,119,1
69,65,1
-278,43,0
25,1,1
46,12,1
84,70,1
26,4,1
25,1,1
-298,3,0
25,1,1
74,40,1
169,141,1
89,69,1
28,2,1
29,5,1
-266,47,0
78,44,1
-264,25,0
71,55,1
114,68,1
-203,104,0
65,37,1
-273,26,0
25,1,1
139,99,1
25,1,1
53,21,1
65,37,1
86,44,1
37,5,1
51,15,1
63,23,1
54,20,1
30,4,1
-240,53,0
43,15,1
27,3,1
29,5,1
64,30,1
105,81,1
53,17,1
-253,50,0
33,5,1
42,16,1
41,9,1
92,62,1
25,1,1
-299,4,0
51,27,1
43,11,1
-280,21,0
78,44,1
61,45,1
79,39,1
26,4,1
44,10,1
25,1,1
25,1,1
66,32,1
34,8,1
34,4,1
61,21,1
25,1,1
-300,1,0
25,1,1
94,60,1
25,1,1
48,22,1
85,61,1
38,8,1
33,5,1
78,44,1
38,8,1
48,22,1
46,28,1
56,42,1
33,9,1
25,1,1
87,59,1
29,5,1
39,19,1
35,7,1
71,35,1
36,6,1
34,4,1
-297,2,0
34,4,1
73,33,1
-269,58,0
51,19,1
91,47,1
35,7,1
-224,89,0
73,33,1
65,29,1
25,1,1
95,59,1
44,10,1
82,36,1
25,1,1
-297,2,0
-287,20,0
39,27,1
-278,27,0
81,53,1
-292,13,0
-291,8,0
25,1,1
24,2,1
28,2,1
67,27,1
44,10,1
29,5,1
45,21,1
75,39,1
44,14,1
44,14,1
-294,19,0
25,1,1
36,6,1
42,12,1
34,4,1
28,2,1
127,87,1
28,2,1
39,7,1
-274,35,0
33,5,1
-297,6,0
82,44,1
30,4,1
-267,28,0
103,59,1
39,11,1
176,178,1
-298,3,0
24,2,1
71,39,1
-300,1,0
79,43,1
53,25,1
121,81,1
24,2,1
50,16,1
39,11,1
50,36,1
34,4,1
79,43,1
43,7,1
65,33,1
99,83,1
123,95,1
85,45,1
91,51,1
35,7,1
25,1,1
52,22,1
97,53,1
28,2,1
87,47,1
62,36,1
-296,13,0
-299,8,0
-266,23,0
138,132,1
33,9,1
25,1,1
78,40,1
36,6,1
25,1,1
44,10,1
54,24,1
25,1,1
112,82,1
62,36,1
25,1,1
50,36,1
25,1,1
-298,7,0
-298,15,0
62,28,1
72,26,1
37,9,1
-287,12,0
51,19,1
38,8,1
-299,4,0
-283,16,0
30,4,1
60,38,1
-300,1,0
66,32,1
-253,58,0
86,64,1
67,35,1
27,3,1
-299,8,0
74,44,1
25,1,1
67,23,1
75,35,1
42,8,1
63,27,1
77,33,1
-286,15,0
42,12,1
42,8,1
37,13,1
28,2,1
28,2,1
25,1,1
-298,11,0
101,61,1
50,20,1
-275,24,0
31,7,1
63,39,1
57,29,1
29,5,1
30,4,1
39,11,1
50,20,1
38,8,1
27,3,1
31,3,1
60,34,1
-283,28,0
65,29,1
45,9,1
45,13,1
-289,10,0
42,12,1
33,5,1
27,3,1
25,1,1
-222,71,0
30,4,1
-252,45,0
46,12,1
34,4,1
29,5,1
49,13,1
133,101,1
33,5,1
45,13,1
53,17,1
38,12,1
93,57,1
-279,12,0
32,6,1
-259,60,0
-292,5,0
40,14,1
28,2,1
-272,17,0
29,5,1
69,37,1
-298,3,0
-287,8,0
124,90,1
30,4,1
41,9,1
57,25,1
31,3,1
53,25,1
42,16,1
31,3,1
61,37,1
102,60,1
42,8,1
61,25,1
-299,4,0
-287,12,0
31,3,1
28,2,1
-293,6,0
25,1,1
-293,10,0
25,1,1
25,1,1
25,1,1
46,20,1
-282,19,0
43,11,1
28,2,1
46,24,1
-300,1,0
72,42,1
32,6,1
38,24,1
109,73,1
41,9,1
45,29,1
28,2,1
67,39,1
129,121,1
127,103,1
41,13,1
25,5,1
-300,9,0
53,25,1
34,12,1
35,7,1
35,7,1
28,2,1
28,2,1
78,48,1
89,49,1
28,2,1
80,66,1
25,1,1
79,55,1
48,18,1
46,40,1
91,67,1
-284,21,0
59,23,1
33,5,1
-285,14,0
-295,4,0
47,19,1
25,1,1
68,34,1
25,1,1
25,1,1
-241,54,0
60,26,1
39,15,1
72,30,1
133,117,1
94,56,1
37,5,1
-274,31,0
31,3,1
-283,16,0
-281,30,0
32,6,1
53,33,1
31,7,1
44,10,1
37,5,1
42,12,1
39,15,1
25,1,1
25,1,1
154,112,1
63,27,1
80,50,1
-250,59,0
48,18,1
32,6,1
42,12,1
-262,31,0
-298,3,0
37,9,1
39,11,1
25,1,1
48,10,1
87,59,1
44,22,1
44,10,1
57,21,1
-272,25,0
36,6,1
32,6,1
34,8,1
33,5,1
42,12,1
24,2,1
28,2,1
-269,34,0
64,30,1
42,8,1
51,27,1
35,7,1
53,21,1
32,6,1
58,20,1
82,64,1
42,12,1
51,35,1
53,17,1
34,12,1
28,2,1
34,8,1
67,39,1
27,3,1
25,1,1
-284,17,0
-297,10,0
31,3,1
35,7,1
28,2,1
81,65,1
50,24,1
125,89,1
48,14,1
-292,13,0
33,5,1
49,17,1
68,34,1
28,2,1
25,1,1
-271,28,0
66,28,1
-286,15,0
45,17,1
31,3,1
36,6,1
82,48,1
82,44,1
25,1,1
66,20,1
25,1,1
46,16,1
31,3,1
50,28,1
52,18,1
31,3,1
-301,2,0
-295,4,0
81,41,1
-296,5,0
-299,8,0
35,7,1
92,66,1
30,4,1
77,37,1
-302,3,0
-264,41,0
45,13,1
42,8,1
50,16,1
39,7,1
91,87,1
21,9,1
-262,59,0
-271,28,0
56,14,1
48,10,1
63,27,1
25,1,1
62,28,1
161,129,1
29,5,1
-290,15,0
34,4,1
62,32,1
61,21,1
112,82,1
24,2,1
-292,13,0
-301,2,0
135,95,1
-268,37,0
66,40,1
25,1,1
-301,2,0
33,9,1
36,6,1
105,77,1
69,45,1
65,29,1
33,5,1
112,94,1
-267,20,0
-244,57,0
-300,1,0
63,31,1
25,1,1
67,43,1
45,13,1
33,5,1
83,51,1
-286,15,0
28,2,1
102,92,1
72,30,1
53,17,1
61,29,1
43,15,1
34,4,1
67,39,1
-301,2,0
-301,2,0
88,58,1
25,1,1
78,52,1
45,13,1
39,7,1
63,39,1
28,2,1
43,23,1
50,16,1
25,1,1
75,47,1
57,29,1
60,22,1
39,19,1
32,6,1
56,26,1
79,39,1
-270,19,0
25,1,1
25,1,1
81,73,1
-277,26,0
31,3,1
32,14,1
34,4,1
37,13,1
-283,24,0
-289,22,0
59,23,1
53,21,1
28,2,1
-288,9,0
-302,3,0
36,6,1
31,3,1
38,8,1
73,41,1
30,4,1
-300,1,0
91,51,1
25,1,1
83,35,1
25,1,1
75,27,1
33,5,1
79,67,1
45,17,1
31,3,1
31,3,1
-295,8,0
55,23,1
62,32,1
63,27,1
33,5,1
77,37,1
-275,36,0
127,99,1
25,1,1
47,27,1
66,32,1
42,12,1
45,13,1
60,26,1
-232,61,0
77,33,1
34,4,1
-299,8,0
35,7,1
63,23,1
172,154,1
28,2,1
-286,11,0
28,2,1
25,1,1
25,1,1
34,4,1
56,26,1
51,19,1
78,80,1
50,20,1
70,40,1
-276,41,0
45,13,1
87,67,1
58,24,1
78,52,1
-264,29,0
41,9,1
-297,2,0
30,4,1
27,3,1
41,13,1
-299,8,0
-166,143,0
-256,45,0
39,7,1
58,32,1
39,11,1
42,8,1
101,57,1
55,15,1
25,1,1
25,1,1
33,5,1
-243,56,0
-294,7,0
28,2,1
84,58,1
52,18,1
24,2,1
61,25,1
-277,30,0
24,2,1
-300,1,0
70,40,1
121,81,1
65,25,1
25,1,1
54,24,1
44,10,1
45,17,1
119,75,1
-273,26,0
-283,16,0
102,64,1
25,1,1
39,7,1
44,10,1
27,3,1
24,2,1
28,2,1
77,45,1
44,10,1
-287,16,0
25,1,1
33,5,1
103,79,1
28,2,1
52,46,1
50,16,1
-255,80,0
61,25,1
34,12,1
24,2,1
32,6,1
66,40,1
118,92,1
38,8,1
-300,1,0
52,18,1
35,7,1
-290,23,0
33,5,1
44,10,1
58,24,1
39,11,1
37,5,1
-290,19,0
71,39,1
25,1,1
25,1,1
86,60,1
56,18,1
111,67,1
47,11,1
91,71,1
43,11,1
50,12,1
60,30,1
-300,1,0
25,1,1
39,11,1
124,98,1
31,3,1
58,24,1
42,12,1
32,6,1
31,3,1
93,69,1
-300,1,0
-288,9,0
-297,14,0
34,4,1
25,1,1
-301,2,0
-300,1,0
54,24,1
50,12,1
68,34,1
85,53,1
96,58,1
42,12,1
68,42,1
63,27,1
44,14,1
48,18,1
25,1,1
34,4,1
62,20,1
120,78,1
40,10,1
41,9,1
-174,123,0
54,16,1
63,35,1
31,3,1
-252,57,0
25,1,1
54,24,1
31,3,1
24,2,1
-294,3,0
49,17,1
71,31,1
48,14,1
47,19,1
25,1,1
-296,5,0
31,3,1
40,10,1
73,33,1
121,89,1
47,11,1
66,32,1
106,96,1
29,5,1
30,8,1
-301,14,0
62,24,1
42,12,1
25,1,1
88,46,1
24,2,1
-266,43,0
28,2,1
65,33,1
39,7,1
58,20,1
25,1,1
-280,17,0
-293,14,0
44,14,1
-264,37,0
-288,9,0
54,16,1
53,25,1
34,8,1
31,7,1
128,118,1
37,5,1
58,20,1
24,2,1
28,2,1
65,33,1
39,7,1
25,1,1
49,17,1
113,65,1
23,3,1
25,1,1
24,2,1
32,6,1
49,13,1
61,21,1
73,33,1
267,287,1
37,9,1
-298,3,0
90,56,1
72,42,1
51,11,1
34,4,1
166,160,1
67,43,1
82,40,1
31,3,1
88,46,1
53,29,1
109,97,1
34,4,1
-217,102,0
55,23,1
49,17,1
34,4,1
-195,136,0
43,15,1
-288,9,0
24,2,1
24,2,1
59,31,1
69,37,1
30,4,1
61,53,1
87,51,1
-272,21,0
28,2,1
86,44,1
33,5,1
-281,14,0
49,17,1
34,4,1
68,46,1
70,32,1
77,49,1
-273,34,0
75,39,1
84,58,1
26,4,1
38,8,1
59,23,1
40,10,1
25,1,1
75,43,1
-294,7,0
51,23,1
-237,58,0
-257,42,0
25,1,1
31,3,1
43,15,1
34,4,1
50,16,1
25,1,1
-300,1,0
-286,23,0
103,79,1
87,51,1
80,42,1
25,1,1
-286,11,0
34,4,1
-300,13,0
25,1,1
44,10,1
31,3,1
46,12,1
-300,1,0
-295,4,0
40,6,1
25,1,1
48,18,1
25,1,1
59,19,1
87,51,1
42,8,1
80,38,1
-267,36,0
34,4,1
40,6,1
46,16,1
65,29,1
-298,15,0
41,25,1
25,1,1
56,22,1
31,7,1
-264,37,0
77,45,1
93,73,1
37,5,1
36,6,1
39,7,1
79,59,1
98,80,1
45,13,1
65,33,1
25,1,1
78,36,1
83,63,1
25,1,1
92,50,1
47,15,1
30,4,1
35,7,1
39,7,1
40,10,1
32,6,1
107,59,1
132,138,1
28,2,1
25,1,1
-285,14,0
40,6,1
39,7,1
52,22,1
40,10,1
72,34,1
44,14,1
30,8,1
60,30,1
54,16,1
25,1,1
53,17,1
30,4,1
50,20,1
-269,46,0
27,3,1
33,5,1
30,4,1
33,9,1
-275,20,0
84,42,1
62,24,1
30,4,1
36,6,1
-272,21,0
78,40,1
32,6,1
-213,98,0
28,2,1
47,11,1
-289,10,0
33,9,1
44,18,1
-296,9,0
63,31,1
50,20,1
39,7,1
37,13,1
24,2,1
61,25,1
55,23,1
148,122,1
-299,8,0
55,23,1
25,1,1
42,40,1
23,3,1
32,6,1
67,23,1
64,30,1
73,29,1
37,9,1
42,8,1
50,16,1
43,7,1
99,63,1
-301,2,0
39,7,1
-284,9,0
121,81,1
-302,3,0
24,2,1
58,24,1
25,1,1
31,3,1
62,56,1
50,16,1
25,1,1
-300,1,0
49,25,1
-284,13,0
55,35,1
85,49,1
34,4,1
64,34,1
28,2,1
-206,91,0
25,1,1
25,1,1
28,2,1
-296,17,0
66,48,1
47,23,1
41,9,1
72,38,1
50,16,1
45,17,1
-297,2,0
121,93,1
118,96,1
-289,10,0
31,7,1
-292,13,0
30,4,1
41,9,1
39,11,1
39,11,1
35,7,1
44,10,1
76,50,1
67,43,1
-261,30,0
-274,19,0
34,4,1
26,4,1
-248,49,0
25,1,1
28,2,1
28,2,1
-268,37,0
-281,38,0
25,1,1
25,1,1
-289,10,0
60,34,1
34,8,1
24,2,1
91,59,1
-302,3,0
71,31,1
53,13,1
73,49,1
-264,29,0
-294,3,0
-296,13,0
100,58,1
91,83,1
58,24,1
33,5,1
76,38,1
-252,49,0
-272,33,0
81,49,1
-282,27,0
52,22,1
24,2,1
69,25,1
30,4,1
25,1,1
38,8,1
-253,38,0
42,16,1
55,23,1
69,29,1
-227,56,0
62,32,1
-234,51,0
175,139,1
102,68,1
33,5,1
25,1,1
-267,20,0
40,10,1
41,9,1
55,27,1
72,38,1
-295,8,0
47,19,1
51,31,1
-267,36,0
74,36,1
106,92,1
85,53,1
49,21,1
35,11,1
-300,1,0
41,9,1
37,9,1
59,31,1
64,26,1
27,3,1
42,8,1
47,11,1
96,58,1
46,28,1
154,140,1
47,15,1
28,2,1
45,13,1
33,5,1
64,34,1
95,59,1
47,15,1
64,38,1
44,14,1
131,107,1
61,25,1
-295,28,0
48,18,1
25,1,1
25,1,1
38,8,1
-300,1,0
32,6,1
-300,1,0
135,127,1
34,8,1
-292,17,0
46,16,1
-218,79,0
101,73,1
91,55,1
28,2,1
81,45,1
38,8,1
28,2,1
66,40,1
25,1,1
58,24,1
37,9,1
57,29,1
50,16,1
125,85,1
64,26,1
25,1,1
40,6,1
25,1,1
72,30,1
48,22,1
-299,4,0
34,4,1
25,1,1
34,4,1
33,5,1
86,56,1
90,60,1
55,19,1
24,2,1
105,85,1
87,67,1
-290,11,0
155,135,1
85,53,1
58,24,1
120,82,1
-276,21,0
-301,2,0
44,18,1
34,8,1
41,9,1
78,28,1
-297,2,0
46,20,1
25,1,1
-262,35,0
-282,19,0
52,50,1
58,28,1
-291,8,0
35,7,1
70,44,1
37,9,1
50,40,1
50,12,1
51,19,1
40,10,1
25,1,1
-295,12,0
75,43,1
76,46,1
-289,10,0
83,51,1
34,4,1
72,38,1
65,41,1
186,148,1
38,12,1
-299,4,0
-274,31,0
34,8,1
27,3,1
25,1,1
48,10,1
60,30,1
-253,50,0
83,39,1
38,20,1
71,39,1
31,3,1
31,3,1
67,31,1
38,8,1
55,39,1
72,54,1
-282,15,0
94,56,1
46,24,1
83,59,1
38,12,1
53,25,1
41,9,1
57,17,1
70,36,1
65,37,1
105,69,1
24,2,1
47,23,1
96,66,1
-284,17,0
24,2,1
39,11,1
62,28,1
57,25,1
40,14,1
25,1,1
75,43,1
97,61,1
28,2,1
36,6,1
172,162,1
75,51,1
53,17,1
56,22,1
44,10,1
-299,4,0
31,3,1
25,1,1
29,5,1
66,28,1
-257,54,0
35,7,1
96,70,1
43,15,1
34,4,1
-294,3,0
31,11,1
38,8,1
96,94,1
85,57,1
44,18,1
-233,78,0
42,12,1
107,63,1
-277,42,0
38,16,1
25,1,1
-287,16,0
-241,50,0
86,48,1
71,35,1
25,1,1
34,8,1
37,9,1
83,55,1
58,52,1
40,10,1
-249,54,0
90,48,1
-264,37,0
65,29,1
31,3,1
47,23,1
90,64,1
-290,15,0
-299,24,0
-290,15,0
40,10,1
46,16,1
30,4,1
69,33,1
72,34,1
209,165,1
44,14,1
31,3,1
-247,80,0
51,19,1
55,23,1
62,28,1
38,16,1
57,21,1
-277,18,0
26,4,1
-297,2,0
61,25,1
33,5,1
77,57,1
93,69,1
34,4,1
63,23,1
27,3,1
75,47,1
71,31,1
41,9,1
54,28,1
71,31,1
-279,20,0
-202,91,0
45,9,1
25,1,1
-244,65,0
38,8,1
63,27,1
48,14,1
52,14,1
39,7,1
-300,1,0
59,31,1
195,167,1
-251,60,0
50,12,1
60,22,1
56,18,1
47,19,1
40,10,1
-288,13,0
-230,79,0
-276,17,0
60,22,1
108,86,1
25,1,1
132,98,1
42,12,1
104,70,1
78,52,1
27,3,1
33,9,1
-295,8,0
25,1,1
42,8,1
25,1,1
30,4,1
-292,13,0
39,11,1
25,1,1
-252,45,0
69,33,1
73,89,1
46,16,1
66,32,1
35,31,1
-239,80,0
66,56,1
88,50,1
47,15,1
-206,103,0
45,9,1
76,26,1
37,5,1
-192,109,0
24,2,1
46,16,1
50,36,1
-293,6,0
43,19,1
51,15,1
59,27,1
105,69,1
28,2,1
53,25,1
53,13,1
36,6,1
89,61,1
45,9,1
-218,83,0
25,1,1
-278,19,0
82,56,1
-251,68,0
-274,43,0
-301,2,0
40,10,1
72,38,1
41,13,1
89,69,1
44,14,1
81,41,1
46,20,1
38,20,1
58,20,1
25,1,1
48,14,1
76,46,1
44,18,1
36,6,1
-288,9,0
57,37,1
87,47,1
69,29,1
31,27,1
66,36,1
210,200,1
55,19,1
35,11,1
39,7,1
-258,43,0
-300,1,0
-196,113,0
25,1,1
33,5,1
43,19,1
82,48,1
-288,13,0
28,2,1
54,20,1
28,2,1
30,4,1
28,2,1
-258,55,0
-280,9,0
-299,8,0
28,2,1
30,4,1
40,6,1
44,14,1
30,4,1
30,4,1
-296,5,0
59,19,1
57,25,1
25,1,1
-301,2,0
-286,15,0
28,2,1
25,1,1
-291,8,0
89,49,1
28,2,1
25,1,1
24,2,1
40,14,1
-301,2,0
-294,7,0
68,26,1
25,1,1
24,2,1
-295,16,0
24,2,1
25,1,1
30,4,1
71,35,1
28,2,1
-294,3,0
52,18,1
110,72,1
28,2,1
34,8,1
25,1,1
46,16,1
37,5,1
87,47,1
51,15,1
29,5,1
31,3,1
38,8,1
86,56,1
41,9,1
25,1,1
28,2,1
25,1,1
50,36,1
48,22,1
100,74,1
138,112,1
94,56,1
67,23,1
76,42,1
139,131,1
-265,34,0
52,22,1
43,11,1
80,54,1
-284,17,0
56,30,1
25,1,1
29,5,1
33,5,1
63,31,1
45,9,1
-253,30,0
78,44,1
58,20,1
68,42,1
61,33,1
42,8,1
71,35,1
125,101,1
-227,108,0
48,14,1
58,24,1
-276,37,0
118,80,1
59,27,1
65,53,1
-284,25,0
28,2,1
25,1,1
51,19,1
43,11,1
31,11,1
96,50,1
45,13,1
43,15,1
86,56,1
25,1,1
76,38,1
-225,86,0
38,8,1
62,28,1
86,56,1
25,1,1
88,66,1
62,48,1
-297,2,0
-276,49,0
52,22,1
-297,10,0
40,6,1
56,18,1
91,63,1
24,2,1
-288,5,0
58,20,1
53,13,1
-291,16,0
-300,1,0
127,107,1
66,40,1
25,1,1
59,27,1
72,38,1
-285,6,0
62,36,1
27,3,1
66,28,1
40,10,1
66,36,1
116,90,1
94,76,1
34,4,1
64,34,1
59,23,1
71,35,1
31,3,1
85,69,1
48,22,1
-290,11,0
39,7,1
-297,2,0
46,16,1
28,2,1
69,37,1
27,3,1
54,28,1
83,39,1
32,10,1
67,59,1
34,4,1
139,107,1
39,7,1
46,12,1
63,23,1
31,3,1
45,9,1
32,6,1
44,14,1
42,12,1
149,113,1
25,1,1
50,12,1
43,15,1
-300,1,0
89,53,1
46,12,1
46,28,1
50,20,1
40,6,1
118,108,1
25,1,1
151,107,1
31,3,1
34,8,1
85,45,1
102,64,1
28,2,1
25,1,1
28,2,1
24,2,1
36,6,1
-272,25,0
79,51,1
74,44,1
79,47,1
32,6,1
25,1,1
-289,10,0
53,21,1
-275,16,0
25,1,1
36,6,1
74,40,1
83,59,1
41,9,1
57,29,1
25,1,1
122,80,1
147,111,1
25,1,1
49,13,1
-300,5,0
144,118,1
40,6,1
28,2,1
51,15,1
-301,2,0
54,16,1
56,26,1
-297,2,0
73,41,1
30,4,1
-248,49,0
25,1,1
24,2,1
28,2,1
-283,8,0
-280,37,0
40,6,1
56,30,1
-288,9,0
31,3,1
68,34,1
31,3,1
98,60,1
39,7,1
24,2,1
83,67,1
68,26,1
-296,5,0
49,13,1
83,51,1
41,13,1
-285,14,0
-284,13,0
38,12,1
-299,4,0
33,5,1
31,3,1
104,98,1
81,53,1
81,41,1
34,4,1
39,11,1
25,1,1
31,3,1
32,10,1
24,2,1
25,1,1
-269,18,0
76,38,1
78,32,1
143,111,1
114,76,1
45,17,1
-231,76,0
72,38,1
52,14,1
69,41,1
63,35,1
77,37,1
30,4,1
24,2,1
28,2,1
-296,9,0
-276,21,0
59,51,1
41,9,1
26,4,1
41,13,1
65,29,1
-295,8,0
69,29,1
82,44,1
24,2,1
41,21,1
91,55,1
-270,27,0
-289,18,0
-295,12,0
28,2,1
46,20,1
25,1,1
-260,29,0
46,12,1
49,21,1
46,24,1
25,1,1
47,11,1
-287,12,0
137,117,1
28,2,1
51,15,1
27,3,1
61,21,1
-295,24,0
38,12,1
25,1,1
104,106,1
38,8,1
24,2,1
41,17,1
25,1,1
53,21,1
-248,49,0
82,52,1
-264,53,0
47,19,1
73,29,1
31,3,1
-300,1,0
70,32,1
40,10,1
-274,23,0
40,14,1
39,7,1
81,57,1
58,24,1
-305,14,0
101,69,1
25,1,1
42,20,1
33,5,1
52,22,1
37,9,1
28,2,1
24,2,1
-307,8,0
57,37,1
117,81,1
84,66,1
110,84,1
42,8,1
32,6,1
-294,3,0
45,25,1
55,19,1
48,14,1
25,1,1
-261,34,0
26,8,1
54,24,1
76,50,1
30,4,1
64,26,1
31,3,1
46,12,1
76,34,1
40,6,1
73,73,1
33,5,1
-287,32,0
29,5,1
-302,3,0
-258,67,0
45,13,1
48,22,1
101,73,1
50,20,1
56,30,1
35,7,1
34,8,1
66,28,1
49,25,1
56,18,1
53,17,1
41,9,1
79,39,1
75,35,1
47,11,1
92,50,1
54,20,1
106,56,1
52,18,1
-266,39,0
50,20,1
28,2,1
53,21,1
47,11,1
45,17,1
57,25,1
44,14,1
71,43,1
25,1,1
25,1,1
41,13,1
128,126,1
25,1,1
38,8,1
25,1,1
89,73,1
36,6,1
25,1,1
65,37,1
76,38,1
-229,62,0
-300,1,0
34,4,1
55,19,1
94,60,1
72,58,1
44,14,1
38,8,1
-252,53,0
31,3,1
25,1,1
56,22,1
53,21,1
69,29,1
52,34,1
-296,5,0
31,3,1
102,72,1
43,11,1
-246,43,0
87,51,1
-243,64,0
38,8,1
74,44,1
52,18,1
31,7,1
64,38,1
24,2,1
37,9,1
-292,13,0
-269,34,0
44,14,1
-220,73,0
48,14,1
28,2,1
40,10,1
84,46,1
43,11,1
28,2,1
37,5,1
38,16,1
62,48,1
97,81,1
68,30,1
118,76,1
53,21,1
30,4,1
28,2,1
59,27,1
114,84,1
-300,1,0
67,35,1
28,2,1
60,26,1
25,1,1
49,21,1
58,32,1
95,75,1
-302,3,0
34,4,1
30,4,1
62,32,1
104,66,1
59,23,1
-270,47,0
36,6,1
44,18,1
31,3,1
-275,16,0
58,20,1
25,1,1
67,31,1
61,25,1
35,7,1
57,21,1
25,1,1
25,1,1
93,73,1
129,93,1
75,35,1
51,15,1
28,2,1
95,51,1
45,25,1
28,2,1
-299,4,0
64,30,1
25,1,1
37,5,1
24,2,1
24,2,1
-290,27,0
-293,10,0
31,3,1
77,49,1
43,11,1
55,15,1
77,45,1
-274,31,0
-268,29,0
56,22,1
50,20,1
25,1,1
48,14,1
56,26,1
31,3,1
84,58,1
60,26,1
38,8,1
51,35,1
72,38,1
25,1,1
61,29,1
55,23,1
40,10,1
63,39,1
31,3,1
35,7,1
47,11,1
30,4,1
25,1,1
25,1,1
25,1,1
44,10,1
-287,20,0
25,1,1
57,37,1
60,18,1
-299,8,0
57,37,1
25,1,1
100,78,1
63,31,1
46,16,1
74,44,1
36,22,1
52,22,1
38,16,1
105,97,1
-262,47,0
61,37,1
25,1,1
-277,30,0
31,3,1
40,18,1
31,3,1
-289,26,0
-241,50,0
70,36,1
35,7,1
34,4,1
51,19,1
28,2,1
25,1,1
55,19,1
38,8,1
29,5,1
-299,4,0
59,23,1
33,5,1
-280,17,0
46,16,1
38,8,1
41,9,1
-237,50,0
58,20,1
-299,4,0
70,28,1
-288,25,0
33,5,1
-271,40,0
36,6,1
65,29,1
96,66,1
39,7,1
31,3,1
-247,48,0
41,13,1
-288,17,0
28,2,1
-281,18,0
80,46,1
59,31,1
26,8,1
51,11,1
37,9,1
48,26,1
-289,10,0
120,86,1
25,1,1
29,41,1
64,38,1
51,15,1
47,23,1
28,2,1
-295,4,0
53,13,1
41,13,1
53,21,1
41,9,1
-300,1,0
63,27,1
75,35,1
57,17,1
42,8,1
25,1,1
36,6,1
62,32,1
40,18,1
80,50,1
73,29,1
52,18,1
31,3,1
-287,8,0
46,12,1
27,3,1
44,14,1
60,30,1
42,12,1
-300,5,0
36,6,1
37,9,1
33,5,1
29,5,1
38,12,1
45,25,1
64,34,1
-302,3,0
25,1,1
47,11,1
79,59,1
65,37,1
31,7,1
-300,13,0
25,1,1
-261,62,0
-300,1,0
30,4,1
103,79,1
92,54,1
53,17,1
33,5,1
-298,3,0
69,33,1
41,13,1
120,90,1
-299,8,0
55,27,1
57,25,1
31,3,1
63,23,1
-288,13,0
144,126,1
99,63,1
-277,14,0
64,46,1
-253,50,0
55,15,1
34,8,1
-278,27,0
73,49,1
45,13,1
35,7,1
31,3,1
62,28,1
60,30,1
33,5,1
-294,7,0
32,6,1
53,21,1
52,22,1
30,8,1
77,41,1
28,2,1
27,3,1
25,1,1
40,14,1
76,46,1
40,10,1
-303,4,0
31,7,1
-297,2,0
28,6,1
25,1,1
-281,14,0
-276,21,0
66,32,1
97,73,1
34,4,1
-300,1,0
-292,9,0
84,46,1
58,24,1
64,26,1
35,7,1
57,17,1
34,4,1
54,12,1
59,31,1
25,1,1
28,2,1
27,3,1
-239,64,0
25,1,1
-297,10,0
41,9,1
82,52,1
37,5,1
69,37,1
43,11,1
97,61,1
-282,19,0
35,7,1
49,13,1
131,111,1
-282,31,0
59,27,1
72,34,1
122,108,1
41,13,1
31,3,1
46,16,1
28,2,1
25,1,1
118,92,1
73,33,1
25,1,1
48,14,1
28,2,1
-270,27,0
31,3,1
96,46,1
28,2,1
61,33,1
25,1,1
24,2,1
91,67,1
48,18,1
40,6,1
28,2,1
35,11,1
-270,39,0
45,21,1
63,27,1
36,10,1
89,45,1
44,14,1
24,2,1
40,6,1
-303,4,0
25,1,1
41,9,1
38,8,1
24,2,1
39,27,1
169,133,1
82,48,1
34,4,1
33,5,1
31,3,1
56,22,1
86,44,1
31,3,1
49,13,1
31,3,1
80,46,1
28,2,1
-295,16,0
63,27,1
98,88,1
25,1,1
60,34,1
-251,40,0
83,71,1
-300,9,0
41,13,1
30,4,1
-267,44,0
45,9,1
47,11,1
107,67,1
100,98,1
84,54,1
36,6,1
54,20,1
-262,23,0
86,52,1
45,25,1
33,5,1
36,10,1
43,15,1
54,16,1
30,4,1
54,20,1
63,23,1
-283,16,0
40,6,1
43,11,1
89,49,1
71,35,1
28,2,1
24,2,1
-269,22,0
92,82,1
55,23,1
25,1,1
28,2,1
31,3,1
106,72,1
34,8,1
79,47,1
-298,3,0
33,5,1
64,34,1
47,15,1
84,66,1
37,5,1
43,15,1
59,15,1
-241,62,0
-293,14,0
-268,25,0
-279,12,0
151,123,1
-300,1,0
110,72,1
25,1,1
73,45,1
111,95,1
72,38,1
-294,7,0
35,7,1
-292,13,0
44,10,1
40,10,1
24,2,1
44,14,1
43,11,1
31,3,1
25,1,1
52,38,1
34,8,1
58,20,1
70,32,1
74,44,1
62,28,1
-295,12,0
52,18,1
49,17,1
74,32,1
59,23,1
34,4,1
40,10,1
51,15,1
64,34,1
40,6,1
43,19,1
-296,9,0
-285,14,0
42,8,1
55,19,1
61,29,1
25,1,1
-275,16,0
31,3,1
34,4,1
-290,7,0
51,23,1
-296,9,0
25,1,1
35,7,1
50,12,1
36,6,1
45,13,1
64,22,1
37,9,1
64,38,1
62,20,1
30,4,1
68,46,1
37,9,1
52,18,1
43,23,1
69,37,1
27,3,1
68,26,1
-299,4,0
79,35,1
78,40,1
28,2,1
28,2,1
46,12,1
51,19,1
25,1,1
31,3,1
73,49,1
73,37,1
43,11,1
-300,13,0
39,7,1
-294,7,0
47,11,1
-295,8,0
40,10,1
31,3,1
-233,102,0
67,27,1
37,9,1
31,3,1
109,73,1
25,1,1
55,23,1
42,16,1
25,1,1
65,37,1
-249,74,0
34,4,1
34,4,1
40,30,1
25,1,1
-272,17,0
64,34,1
57,21,1
30,4,1
38,8,1
60,18,1
63,27,1
-269,18,0
47,11,1
112,78,1
25,1,1
34,8,1
42,12,1
59,15,1
30,4,1
101,69,1
43,7,1
59,23,1
25,1,1
43,11,1
-300,1,0
57,21,1
50,20,1
52,18,1
27,3,1
44,14,1
25,1,1
64,38,1
42,8,1
91,47,1
32,6,1
-292,25,0
-247,48,0
24,2,1
63,31,1
-298,11,0
25,1,1
-295,8,0
49,13,1
24,2,1
34,8,1
50,16,1
34,8,1
40,10,1
42,8,1
40,14,1
98,72,1
35,7,1
-292,5,0
72,38,1
82,40,1
47,15,1
116,90,1
29,5,1
54,20,1
34,4,1
-300,1,0
34,4,1
48,18,1
93,65,1
92,50,1
31,3,1
25,1,1
46,16,1
42,16,1
37,9,1
67,39,1
36,6,1
38,12,1
-307,24,0
48,14,1
45,21,1
31,3,1
32,6,1
92,54,1
32,10,1
31,3,1
87,51,1
25,1,1
-300,1,0
83,51,1
30,4,1
-292,9,0
44,18,1
-270,27,0
63,27,1
25,1,1
28,2,1
73,41,1
25,1,1
52,10,1
-295,12,0
80,42,1
-293,6,0
87,63,1
87,67,1
81,45,1
-169,170,0
47,15,1
25,1,1
-257,38,0
39,7,1
35,7,1
99,59,1
-301,2,0
67,31,1
39,7,1
100,70,1
-292,5,0
27,3,1
54,28,1
-294,11,0
48,10,1
37,13,1
28,2,1
41,9,1
85,45,1
37,9,1
33,5,1
28,2,1
62,32,1
57,25,1
61,29,1
25,1,1
45,13,1
65,29,1
51,31,1
53,17,1
30,4,1
63,27,1
-272,25,0
-302,3,0
28,2,1
61,29,1
118,96,1
-291,16,0
33,5,1
56,30,1
42,12,1
25,1,1
-262,31,0
27,3,1
-277,14,0
54,20,1
39,11,1
28,2,1
27,3,1
45,13,1
76,58,1
61,29,1
35,7,1
-274,35,0
79,79,1
41,17,1
65,25,1
94,60,1
28,2,1
31,3,1
35,11,1
63,31,1
68,38,1
47,23,1
54,20,1
73,29,1
-297,18,0
44,14,1
-291,28,0
75,35,1
58,28,1
45,17,1
54,16,1
-293,14,0
66,32,1
40,10,1
53,17,1
31,3,1
39,11,1
67,31,1
55,19,1
39,7,1
52,22,1
67,39,1
49,21,1
48,14,1
33,5,1
50,20,1
-209,90,0
31,3,1
25,1,1
43,11,1
68,22,1
46,8,1
25,1,1
28,2,1
48,14,1
40,14,1
34,4,1
-279,20,0
45,13,1
40,26,1
92,66,1
46,24,1
-275,16,0
32,6,1
79,71,1
42,8,1
62,24,1
37,9,1
40,14,1
66,24,1
144,154,1
-246,67,0
61,25,1
25,1,1
56,18,1
75,39,1
44,14,1
55,23,1
-300,1,0
27,3,1
48,22,1
-302,3,0
25,1,1
28,2,1
31,3,1
24,2,1
59,35,1
43,15,1
24,2,1
47,15,1
58,24,1
25,1,1
36,6,1
34,4,1
107,83,1
-286,15,0
-299,12,0
34,4,1
47,19,1
30,4,1
90,52,1
39,11,1
71,35,1
-275,28,0
48,14,1
28,2,1
41,13,1
25,1,1
55,23,1
34,4,1
-296,13,0
52,22,1
25,1,1
44,14,1
27,3,1
63,31,1
-295,12,0
37,5,1
80,46,1
89,57,1
43,11,1
44,14,1
55,19,1
-287,12,0
38,8,1
181,161,1
35,11,1
36,6,1
48,22,1
35,15,1
45,13,1
47,19,1
-301,2,0
37,5,1
54,24,1
101,65,1
69,41,1
54,32,1
31,3,1
64,42,1
-295,4,0
87,55,1
71,39,1
28,2,1
27,3,1
89,65,1
38,12,1
98,64,1
43,11,1
25,1,1
51,15,1
43,11,1
42,8,1
45,17,1
58,28,1
90,48,1
-299,4,0
37,9,1
41,13,1
61,29,1
69,29,1
40,14,1
126,88,1
25,1,1
80,46,1
24,2,1
55,15,1
-296,13,0
68,30,1
43,11,1
39,7,1
25,1,1
85,57,1
46,16,1
48,14,1
75,47,1
58,24,1
173,173,1
58,24,1
45,13,1
25,1,1
-279,20,0
65,25,1
25,1,1
46,16,1
-288,5,0
28,2,1
25,1,1
36,6,1
53,25,1
69,33,1
44,14,1
46,12,1
-300,17,0
95,59,1
62,24,1
34,8,1
45,13,1
-300,1,0
109,101,1
67,27,1
30,12,1
79,47,1
74,56,1
30,4,1
65,29,1
52,26,1
68,34,1
44,10,1
67,43,1
25,1,1
34,4,1
52,14,1
32,6,1
139,143,1
32,6,1
76,30,1
-256,45,0
25,1,1
51,15,1
48,14,1
24,2,1
72,34,1
31,7,1
42,16,1
35,7,1
41,13,1
50,20,1
-281,18,0
37,5,1
60,26,1
106,88,1
33,5,1
60,18,1
35,7,1
82,40,1
-275,24,0
28,2,1
40,10,1
71,31,1
52,18,1
78,60,1
76,34,1
47,15,1
66,32,1
37,9,1
89,49,1
38,8,1
59,31,1
-300,1,0
43,7,1
25,1,1
99,55,1
49,17,1
52,22,1
100,66,1
32,6,1
55,19,1
67,39,1
24,2,1
25,1,1
-287,8,0
-221,86,0
-272,33,0
107,91,1
103,59,1
45,13,1
62,20,1
34,8,1
25,1,1
78,48,1
35,7,1
41,9,1
41,9,1
57,33,1
85,85,1
25,1,1
28,2,1
25,1,1
60,26,1
52,30,1
44,14,1
35,7,1
50,16,1
100,54,1
59,23,1
33,5,1
28,2,1
100,66,1
-292,13,0
47,19,1
112,82,1
65,33,1
48,22,1
53,13,1
24,2,1
57,21,1
53,17,1
41,13,1
42,12,1
30,4,1
28,2,1
107,83,1
38,8,1
28,2,1
51,19,1
30,4,1
60,22,1
54,16,1
-289,6,0
-227,104,0
