-264,0
36,1
-284,2
81,3
-275,4
-293,5
-294,6
-229,7
118,8
-223,9
-265,10
40,11
-267,12
128,13
87,14
111,15
-301,16
25,17
-298,18
-269,19
82,20
125,21
-225,22
-289,23
42,24
46,25
46,26
50,27
-294,28
-296,29
-285,30
25,31
25,32
-294,33
-301,34
-273,35
137,36
24,37
-295,38
-233,39
-208,40
-291,41
36,42
35,43
-294,44
36,45
-232,46
144,47
40,48
28,49
-281,50
-272,51
-238,52
-269,53
63,54
28,55
90,56
90,57
-264,58
127,59
144,60
25,61
-276,62
-236,63
-300,64
28,65
-241,66
-223,67
-272,68
184,69
55,70
-285,71
-301,72
-215,73
-286,74
61,75
-276,76
-288,77
-254,78
-266,79
36,80
-221,81
-301,82
-277,83
-256,84
79,85
-297,86
-266,87
95,88
120,89
101,90
-296,91
39,92
-238,93
-300,94
-294,95
-300,96
-293,97
39,98
-284,99
-297,100
-278,101
67,102
-280,103
55,104
-269,105
-254,106
-293,107
38,108
27,109
-295,110
34,111
-202,112
-298,113
-299,114
-281,115
-299,116
-278,117
27,118
-300,119
60,120
52,121
25,122
156,123
-228,124
-283,125
42,126
-237,127
-282,128
38,129
-234,130
37,131
90,132
51,133
-225,134
-239,135
-246,136
108,137
82,138
-290,139
64,140
-293,141
-186,142
-293,143
-260,144
25,145
25,146
-300,147
40,148
-295,149
-260,150
-270,151
25,152
-272,153
-278,154
61,155
47,156
25,157
-262,158
34,159
73,160
-250,161
-271,162
68,163
-300,164
-300,165
116,166
151,167
89,168
30,169
25,170
-298,171
-294,172
-242,173
92,174
55,175
21,176
61,177
-276,178
68,179
-235,180
-158,181
-256,182
-257,183
-216,184
56,185
-258,186
129,187
160,188
-297,189
-297,190
-296,191
184,192
78,193
164,194
-297,195
144,196
52,197
-204,198
-248,199
25,200
25,201
27,202
-285,203
77,204
-287,205
-300,206
-287,207
-303,208
-228,209
-286,210
111,211
131,212
180,213
34,214
-250,215
36,216
-299,217
25,218
-217,219
-212,220
-259,221
-292,222
40,223
67,224
-300,225
35,226
28,227
-211,228
33,229
44,230
64,231
176,232
-291,233
-270,234
-265,235
46,236
125,237
-287,238
52,239
24,240
103,241
33,242
-280,243
-303,244
-280,245
28,246
-283,247
-253,248
-244,249
31,250
47,251
-273,252
137,253
51,254
-214,255
-258,256
-297,257
68,258
25,259
-190,260
180,261
47,262
25,263
25,264
33,265
-288,266
148,267
-297,268
-293,269
48,270
-260,271
-288,272
-300,273
24,274
-237,275
39,276
-268,277
-302,278
-272,279
-286,280
41,281
188,282
43,283
-282,284
-196,285
29,286
-293,287
154,288
-272,289
-304,290
83,291
-210,292
-225,293
-282,294
176,295
103,296
41,297
109,298
-299,299
-287,300
-274,301
-264,302
24,303
97,304
28,305
30,306
-195,307
24,308
-297,309
-303,310
72,311
-224,312
25,313
25,314
57,315
48,316
-291,317
-245,318
25,319
24,320
-167,321
-241,322
39,323
80,324
-208,325
39,326
61,327
-269,328
-287,329
-291,330
-276,331
-265,332
-277,333
28,334
-205,335
-285,336
24,337
-246,338
83,339
-297,340
49,341
-287,342
-187,343
101,344
-243,345
108,346
88,347
51,348
55,349
160,350
-247,351
-223,352
24,353
-291,354
80,355
33,356
56,357
45,358
-188,359
156,360
60,361
-211,362
35,363
-243,364
100,365
-286,366
27,367
-272,368
-280,369
-287,370
56,371
42,372
63,373
-199,374
-273,375
42,376
59,377
-299,378
157,379
95,380
32,381
-298,382
-289,383
84,384
-294,385
62,386
51,387
-195,388
29,389
-287,390
89,391
-268,392
64,393
-289,394
-283,395
32,396
38,397
24,398
109,399
-239,400
76,401
25,402
-271,403
-274,404
-261,405
63,406
50,407
-259,408
37,409
25,410
-292,411
-294,412
43,413
28,414
132,415
81,416
41,417
35,418
-230,419
108,420
-263,421
25,422
-300,423
31,424
-254,425
-283,426
-294,427
27,428
-295,429
79,430
60,431
-289,432
-277,433
25,434
132,435
26,436
88,437
-246,438
-159,439
-279,440
-256,441
162,442
34,443
28,444
-300,445
-208,446
-300,447
24,448
63,449
75,450
30,451
52,452
70,453
37,454
47,455
-280,456
-202,457
48,458
25,459
-240,460
34,461
116,462
59,463
126,464
25,465
54,466
-244,467
-300,468
-285,469
55,470
33,471
26,472
40,473
-275,474
-301,475
-276,476
-291,477
-253,478
-289,479
41,480
-282,481
-259,482
-117,483
96,484
62,485
-300,486
27,487
25,488
-291,489
-278,490
-290,491
88,492
-294,493
49,494
25,495
-276,496
61,497
-266,498
33,499
-292,500
-253,501
87,502
37,503
-300,504
-151,505
-268,506
33,507
-267,508
46,509
31,510
-241,511
28,512
39,513
48,514
-290,515
64,516
-235,517
-212,518
24,519
44,520
-297,521
-262,522
-273,523
66,524
-266,525
-267,526
-197,527
30,528
-218,529
-272,530
34,531
-288,532
-258,533
-294,534
-228,535
-294,536
41,537
28,538
189,539
58,540
-171,541
-257,542
-256,543
52,544
-248,545
71,546
-298,547
-187,548
-296,549
-195,550
25,551
-282,552
-295,553
-292,554
24,555
40,556
-228,557
-203,558
-232,559
46,560
-301,561
-275,562
39,563
35,564
-272,565
93,566
30,567
47,568
25,569
87,570
-233,571
78,572
102,573
-244,574
-301,575
-143,576
92,577
-238,578
-187,579
-299,580
25,581
-291,582
-225,583
-293,584
-232,585
30,586
30,587
38,588
64,589
25,590
83,591
43,592
-297,593
61,594
-261,595
-264,596
-205,597
-247,598
-242,599
32,600
-189,601
-289,602
-208,603
-277,604
-258,605
-275,606
54,607
172,608
-206,609
56,610
27,611
-184,612
50,613
181,614
-283,615
95,616
-291,617
50,618
-290,619
-243,620
-202,621
-247,622
25,623
-297,624
29,625
-300,626
61,627
-190,628
-280,629
-300,630
-263,631
25,632
-273,633
-271,634
144,635
-249,636
164,637
-228,638
-296,639
64,640
-255,641
-290,642
147,643
45,644
-294,645
56,646
25,647
-183,648
-291,649
147,650
54,651
25,652
-294,653
-268,654
-292,655
-242,656
28,657
62,658
54,659
184,660
-301,661
-192,662
-289,663
-294,664
97,665
-212,666
57,667
-298,668
28,669
25,670
-196,671
40,672
-287,673
-266,674
-297,675
-287,676
136,677
53,678
25,679
-274,680
24,681
-235,682
-302,683
-291,684
24,685
107,686
-278,687
55,688
28,689
115,690
56,691
-268,692
127,693
23,694
-301,695
85,696
52,697
31,698
-300,699
-283,700
57,701
-292,702
44,703
-259,704
-294,705
24,706
-295,707
-232,708
79,709
-300,710
-280,711
-274,712
-265,713
-286,714
-244,715
-298,716
-234,717
-283,718
58,719
-301,720
25,721
-249,722
-281,723
-269,724
-292,725
-299,726
-166,727
-292,728
111,729
-276,730
86,731
28,732
-287,733
48,734
25,735
54,736
41,737
-153,738
93,739
-294,740
-196,741
-257,742
-303,743
-289,744
-296,745
-302,746
104,747
-297,748
25,749
39,750
-300,751
75,752
-243,753
51,754
-295,755
-269,756
62,757
-296,758
-278,759
25,760
52,761
-220,762
28,763
-271,764
-298,765
28,766
-303,767
-250,768
105,769
25,770
-283,771
-291,772
-296,773
-282,774
-297,775
-297,776
59,777
-279,778
88,779
55,780
-273,781
80,782
40,783
139,784
-299,785
42,786
-300,787
-268,788
105,789
34,790
41,791
-268,792
-288,793
-178,794
-247,795
105,796
48,797
47,798
25,799
-209,800
-240,801
153,802
-220,803
34,804
25,805
-298,806
-199,807
48,808
132,809
59,810
-279,811
92,812
-283,813
29,814
-169,815
-300,816
-283,817
24,818
-233,819
84,820
-278,821
-193,822
-245,823
172,824
-263,825
52,826
-207,827
140,828
-258,829
-204,830
78,831
43,832
-296,833
25,834
-293,835
-267,836
142,837
31,838
-273,839
47,840
-291,841
-200,842
-288,843
-285,844
-251,845
75,846
-217,847
-282,848
69,849
-243,850
-300,851
-208,852
-175,853
-205,854
-258,855
-248,856
73,857
44,858
-227,859
25,860
-262,861
-286,862
132,863
-297,864
-278,865
-290,866
36,867
75,868
-299,869
-244,870
77,871
92,872
132,873
111,874
78,875
-290,876
30,877
52,878
-270,879
-300,880
45,881
-293,882
-256,883
-293,884
146,885
27,886
-295,887
-301,888
25,889
37,890
-269,891
-273,892
-272,893
109,894
-259,895
-269,896
-122,897
-149,898
-293,899
-302,900
102,901
75,902
-280,903
42,904
-280,905
-291,906
-292,907
-300,908
-301,909
130,910
-300,911
-283,912
-290,913
-226,914
-289,915
130,916
25,917
57,918
25,919
56,920
44,921
-300,922
-283,923
56,924
-266,925
-273,926
-286,927
-287,928
169,929
56,930
-284,931
-178,932
153,933
60,934
-266,935
37,936
-282,937
-284,938
-150,939
-275,940
-227,941
47,942
-262,943
-271,944
30,945
-300,946
33,947
-283,948
58,949
25,950
-221,951
33,952
-291,953
-262,954
-296,955
37,956
25,957
-197,958
40,959
88,960
-280,961
44,962
-293,963
-295,964
-278,965
-282,966
-255,967
-250,968
148,969
-282,970
51,971
-239,972
-263,973
-301,974
-272,975
-290,976
-183,977
-295,978
-297,979
-248,980
-242,981
37,982
-302,983
-187,984
-295,985
-275,986
-296,987
35,988
-263,989
55,990
-298,991
-280,992
122,993
-266,994
-291,995
-288,996
163,997
-256,998
-268,999
-252,1000
-260,1001
25,1002
-298,1003
24,1004
39,1005
-277,1006
-281,1007
148,1008
-293,1009
-295,1010
-300,1011
77,1012
-188,1013
28,1014
79,1015
-199,1016
-290,1017
-285,1018
-258,1019
-235,1020
24,1021
-227,1022
-295,1023
-286,1024
-240,1025
-226,1026
-259,1027
48,1028
26,1029
-293,1030
-294,1031
-223,1032
-286,1033
28,1034
25,1035
-213,1036
48,1037
29,1038
-195,1039
113,1040
-240,1041
53,1042
30,1043
59,1044
184,1045
-290,1046
33,1047
-258,1048
-281,1049
68,1050
-297,1051
-278,1052
-301,1053
-290,1054
-273,1055
-302,1056
-164,1057
-252,1058
-281,1059
-207,1060
-168,1061
132,1062
-283,1063
-251,1064
-284,1065
-186,1066
-294,1067
56,1068
-291,1069
-258,1070
-297,1071
32,1072
-288,1073
-282,1074
-163,1075
-264,1076
85,1077
60,1078
64,1079
-202,1080
24,1081
64,1082
-298,1083
-293,1084
-210,1085
-300,1086
39,1087
-197,1088
-296,1089
36,1090
-234,1091
-261,1092
-303,1093
107,1094
125,1095
173,1096
-145,1097
-300,1098
63,1099
-205,1100
75,1101
94,1102
33,1103
-280,1104
31,1105
28,1106
-290,1107
36,1108
-272,1109
-291,1110
-296,1111
126,1112
-253,1113
-297,1114
-290,1115
-299,1116
-278,1117
-273,1118
-278,1119
87,1120
-279,1121
76,1122
-295,1123
-231,1124
24,1125
24,1126
-274,1127
-232,1128
-257,1129
-264,1130
47,1131
-297,1132
25,1133
47,1134
25,1135
41,1136
27,1137
-287,1138
-265,1139
41,1140
78,1141
-207,1142
-275,1143
-252,1144
-245,1145
-274,1146
30,1147
-279,1148
-293,1149
-241,1150
51,1151
157,1152
-295,1153
34,1154
-268,1155
-290,1156
-274,1157
82,1158
-262,1159
27,1160
-260,1161
-282,1162
-138,1163
35,1164
-197,1165
70,1166
-257,1167
25,1168
-247,1169
138,1170
-302,1171
-258,1172
-266,1173
-159,1174
50,1175
-237,1176
64,1177
-251,1178
35,1179
-205,1180
-284,1181
100,1182
-202,1183
40,1184
129,1185
-300,1186
54,1187
-218,1188
37,1189
49,1190
29,1191
-293,1192
33,1193
26,1194
-265,1195
172,1196
-287,1197
-301,1198
27,1199
-299,1200
32,1201
49,1202
-159,1203
-259,1204
-262,1205
122,1206
-225,1207
-292,1208
42,1209
57,1210
47,1211
-280,1212
-297,1213
-267,1214
58,1215
-279,1216
162,1217
36,1218
-248,1219
97,1220
80,1221
85,1222
47,1223
-295,1224
-300,1225
-301,1226
-232,1227
-208,1228
-251,1229
-215,1230
-297,1231
-296,1232
-271,1233
-260,1234
-296,1235
88,1236
-208,1237
24,1238
-227,1239
77,1240
56,1241
-262,1242
-297,1243
42,1244
48,1245
35,1246
-300,1247
-246,1248
24,1249
73,1250
66,1251
-246,1252
164,1253
-269,1254
45,1255
-275,1256
-172,1257
25,1258
58,1259
-279,1260
-282,1261
-286,1262
84,1263
-264,1264
-266,1265
61,1266
-293,1267
33,1268
89,1269
-230,1270
-198,1271
74,1272
-294,1273
28,1274
-267,1275
25,1276
-161,1277
-301,1278
-284,1279
98,1280
28,1281
72,1282
46,1283
180,1284
42,1285
107,1286
77,1287
-176,1288
-300,1289
51,1290
-213,1291
-258,1292
-286,1293
28,1294
24,1295
33,1296
25,1297
134,1298
86,1299
24,1300
118,1301
90,1302
-219,1303
-285,1304
25,1305
-288,1306
-178,1307
24,1308
-292,1309
39,1310
42,1311
145,1312
-302,1313
160,1314
-298,1315
116,1316
-221,1317
30,1318
196,1319
-289,1320
-253,1321
118,1322
-269,1323
57,1324
57,1325
-265,1326
34,1327
100,1328
188,1329
115,1330
-231,1331
-290,1332
-171,1333
-274,1334
28,1335
25,1336
-302,1337
34,1338
-266,1339
67,1340
-287,1341
112,1342
87,1343
-295,1344
86,1345
-285,1346
-230,1347
25,1348
30,1349
-257,1350
-296,1351
63,1352
137,1353
-290,1354
-282,1355
-292,1356
-273,1357
25,1358
79,1359
118,1360
-267,1361
-171,1362
25,1363
-226,1364
31,1365
-297,1366
52,1367
44,1368
-298,1369
28,1370
64,1371
160,1372
-205,1373
30,1374
25,1375
-289,1376
-258,1377
150,1378
-247,1379
-211,1380
-226,1381
-293,1382
-296,1383
76,1384
35,1385
-222,1386
-297,1387
-111,1388
-241,1389
-283,1390
-269,1391
162,1392
-231,1393
28,1394
25,1395
126,1396
-301,1397
-262,1398
-252,1399
-293,1400
-219,1401
118,1402
70,1403
56,1404
-248,1405
-282,1406
-290,1407
132,1408
-242,1409
-285,1410
-264,1411
-226,1412
106,1413
-301,1414
-283,1415
25,1416
-297,1417
-285,1418
52,1419
-249,1420
-270,1421
-262,1422
-291,1423
107,1424
-300,1425
-278,1426
-291,1427
-270,1428
-292,1429
115,1430
61,1431
68,1432
41,1433
31,1434
-289,1435
-280,1436
28,1437
152,1438
41,1439
-300,1440
-226,1441
-258,1442
-294,1443
-269,1444
-233,1445
-251,1446
25,1447
45,1448
-195,1449
67,1450
-260,1451
107,1452
-277,1453
148,1454
24,1455
46,1456
93,1457
64,1458
-272,1459
180,1460
25,1461
55,1462
-253,1463
-276,1464
55,1465
-228,1466
-242,1467
63,1468
82,1469
-298,1470
-268,1471
-249,1472
39,1473
-275,1474
-258,1475
-272,1476
-295,1477
-287,1478
-273,1479
-294,1480
-269,1481
-281,1482
71,1483
-299,1484
57,1485
80,1486
25,1487
45,1488
-255,1489
-276,1490
-278,1491
47,1492
-284,1493
43,1494
29,1495
64,1496
-240,1497
55,1498
-273,1499
28,1500
32,1501
66,1502
-277,1503
28,1504
-267,1505
-274,1506
-302,1507
-300,1508
31,1509
41,1510
-299,1511
25,1512
-296,1513
55,1514
50,1515
-289,1516
90,1517
33,1518
40,1519
25,1520
50,1521
-254,1522
82,1523
116,1524
34,1525
-278,1526
-268,1527
25,1528
-295,1529
63,1530
-271,1531
83,1532
-292,1533
28,1534
-274,1535
-249,1536
-259,1537
-287,1538
-152,1539
-297,1540
-253,1541
26,1542
-280,1543
25,1544
25,1545
-296,1546
-227,1547
-256,1548
26,1549
32,1550
53,1551
160,1552
-289,1553
27,1554
77,1555
-277,1556
-281,1557
-300,1558
25,1559
45,1560
-262,1561
-264,1562
-295,1563
-252,1564
-251,1565
-276,1566
-225,1567
-248,1568
78,1569
-284,1570
39,1571
-276,1572
-270,1573
-251,1574
-249,1575
74,1576
53,1577
27,1578
-263,1579
152,1580
-291,1581
42,1582
-273,1583
174,1584
186,1585
115,1586
-229,1587
36,1588
-225,1589
-290,1590
24,1591
-255,1592
-209,1593
28,1594
89,1595
-303,1596
-300,1597
71,1598
-244,1599
34,1600
185,1601
102,1602
-284,1603
38,1604
41,1605
-285,1606
-295,1607
70,1608
-253,1609
-257,1610
28,1611
-297,1612
-188,1613
-220,1614
-261,1615
43,1616
85,1617
-299,1618
-292,1619
-206,1620
30,1621
44,1622
-302,1623
92,1624
-283,1625
148,1626
-283,1627
54,1628
169,1629
-197,1630
37,1631
29,1632
-257,1633
97,1634
-282,1635
-224,1636
106,1637
-288,1638
-288,1639
-209,1640
69,1641
-300,1642
44,1643
-225,1644
30,1645
84,1646
-251,1647
144,1648
-277,1649
77,1650
-298,1651
-238,1652
-274,1653
56,1654
49,1655
63,1656
58,1657
148,1658
63,1659
-293,1660
-270,1661
112,1662
33,1663
-289,1664
-144,1665
155,1666
46,1667
78,1668
77,1669
25,1670
-296,1671
54,1672
-290,1673
-301,1674
57,1675
31,1676
25,1677
-295,1678
25,1679
-275,1680
-294,1681
38,1682
-296,1683
95,1684
-269,1685
-283,1686
-115,1687
38,1688
-253,1689
25,1690
-300,1691
71,1692
-205,1693
32,1694
36,1695
75,1696
40,1697
72,1698
-169,1699
-228,1700
-272,1701
30,1702
28,1703
-262,1704
-289,1705
-268,1706
-287,1707
-271,1708
28,1709
-269,1710
-302,1711
-224,1712
-276,1713
117,1714
25,1715
-214,1716
57,1717
46,1718
-260,1719
-295,1720
-217,1721
25,1722
-264,1723
28,1724
-293,1725
30,1726
49,1727
24,1728
44,1729
39,1730
-156,1731
-205,1732
31,1733
27,1734
39,1735
90,1736
164,1737
85,1738
-147,1739
34,1740
181,1741
-250,1742
-274,1743
34,1744
-224,1745
42,1746
-290,1747
46,1748
28,1749
-261,1750
-265,1751
35,1752
113,1753
75,1754
37,1755
25,1756
146,1757
-290,1758
23,1759
-279,1760
24,1761
42,1762
82,1763
36,1764
34,1765
45,1766
-138,1767
38,1768
-302,1769
-300,1770
126,1771
58,1772
67,1773
36,1774
71,1775
-300,1776
24,1777
-268,1778
-287,1779
38,1780
-266,1781
46,1782
-285,1783
-294,1784
37,1785
-262,1786
-285,1787
-292,1788
46,1789
31,1790
-295,1791
31,1792
24,1793
33,1794
-296,1795
25,1796
-263,1797
-299,1798
-299,1799
-295,1800
66,1801
23,1802
111,1803
-206,1804
24,1805
-280,1806
25,1807
-296,1808
-301,1809
-231,1810
-286,1811
-253,1812
-244,1813
-281,1814
-181,1815
41,1816
-240,1817
-274,1818
39,1819
49,1820
32,1821
57,1822
-300,1823
-297,1824
49,1825
-273,1826
-271,1827
-290,1828
-278,1829
-300,1830
29,1831
-258,1832
-272,1833
65,1834
35,1835
25,1836
-227,1837
43,1838
-233,1839
99,1840
-220,1841
42,1842
-266,1843
69,1844
37,1845
168,1846
-256,1847
35,1848
55,1849
-227,1850
38,1851
-205,1852
-254,1853
-289,1854
144,1855
187,1856
24,1857
40,1858
-274,1859
-244,1860
-294,1861
35,1862
38,1863
-258,1864
-252,1865
25,1866
68,1867
28,1868
87,1869
-279,1870
-281,1871
50,1872
58,1873
-279,1874
-301,1875
32,1876
-290,1877
184,1878
-295,1879
-249,1880
-279,1881
25,1882
-294,1883
-160,1884
-270,1885
127,1886
-276,1887
50,1888
141,1889
37,1890
-302,1891
74,1892
-302,1893
-286,1894
172,1895
-290,1896
45,1897
-240,1898
36,1899
49,1900
-284,1901
163,1902
28,1903
164,1904
-245,1905
-294,1906
-273,1907
51,1908
30,1909
37,1910
75,1911
-289,1912
25,1913
120,1914
-282,1915
-278,1916
-281,1917
-274,1918
-279,1919
24,1920
65,1921
125,1922
160,1923
59,1924
-271,1925
112,1926
-262,1927
107,1928
-288,1929
-190,1930
87,1931
42,1932
-278,1933
-300,1934
-283,1935
51,1936
-292,1937
-299,1938
-289,1939
-187,1940
32,1941
58,1942
-268,1943
-300,1944
-294,1945
81,1946
-279,1947
36,1948
83,1949
-281,1950
26,1951
-272,1952
-283,1953
52,1954
-248,1955
-290,1956
-200,1957
36,1958
-296,1959
79,1960
27,1961
-257,1962
-247,1963
-288,1964
-268,1965
31,1966
27,1967
63,1968
172,1969
-223,1970
28,1971
-265,1972
-304,1973
-294,1974
38,1975
-300,1976
-285,1977
93,1978
118,1979
-301,1980
25,1981
-246,1982
-300,1983
32,1984
-283,1985
33,1986
-229,1987
140,1988
56,1989
-257,1990
38,1991
151,1992
118,1993
72,1994
-213,1995
-267,1996
41,1997
86,1998
-295,1999
36,2000
101,2001
-296,2002
-251,2003
-296,2004
58,2005
-274,2006
-296,2007
-296,2008
-263,2009
69,2010
140,2011
-290,2012
36,2013
-207,2014
-248,2015
31,2016
56,2017
-300,2018
28,2019
63,2020
-288,2021
-280,2022
-207,2023
33,2024
40,2025
67,2026
68,2027
-271,2028
-291,2029
-280,2030
-300,2031
-297,2032
41,2033
-281,2034
31,2035
118,2036
44,2037
-259,2038
-255,2039
31,2040
-169,2041
121,2042
-213,2043
49,2044
39,2045
25,2046
-164,2047
-283,2048
26,2049
-250,2050
112,2051
-197,2052
37,2053
59,2054
78,2055
-300,2056
-291,2057
-245,2058
-300,2059
-203,2060
-294,2061
-268,2062
77,2063
-237,2064
-281,2065
43,2066
124,2067
41,2068
-235,2069
-256,2070
-291,2071
-265,2072
25,2073
68,2074
-275,2075
25,2076
-296,2077
-150,2078
-288,2079
-280,2080
32,2081
-277,2082
176,2083
-279,2084
-213,2085
-217,2086
-264,2087
135,2088
26,2089
97,2090
-157,2091
-301,2092
-165,2093
25,2094
-304,2095
-297,2096
-294,2097
-288,2098
152,2099
94,2100
-300,2101
34,2102
-245,2103
-210,2104
134,2105
30,2106
168,2107
-300,2108
-228,2109
-292,2110
-183,2111
41,2112
25,2113
60,2114
35,2115
133,2116
110,2117
-297,2118
173,2119
-269,2120
72,2121
-276,2122
-298,2123
-246,2124
-291,2125
-295,2126
-273,2127
-300,2128
25,2129
25,2130
-258,2131
39,2132
60,2133
69,2134
-299,2135
66,2136
-235,2137
25,2138
-252,2139
65,2140
-251,2141
63,2142
46,2143
128,2144
-295,2145
79,2146
59,2147
-297,2148
55,2149
-207,2150
35,2151
25,2152
68,2153
-289,2154
-264,2155
-294,2156
33,2157
25,2158
132,2159
-288,2160
30,2161
113,2162
87,2163
-244,2164
59,2165
188,2166
70,2167
-282,2168
24,2169
-270,2170
-277,2171
-282,2172
28,2173
-271,2174
-297,2175
24,2176
25,2177
25,2178
33,2179
-240,2180
-251,2181
-272,2182
-297,2183
24,2184
92,2185
47,2186
-168,2187
43,2188
70,2189
-232,2190
-281,2191
-300,2192
-233,2193
58,2194
-288,2195
25,2196
126,2197
45,2198
98,2199
-291,2200
-291,2201
-247,2202
-258,2203
180,2204
32,2205
-290,2206
-303,2207
-282,2208
-268,2209
40,2210
33,2211
168,2212
-234,2213
-287,2214
-158,2215
69,2216
-297,2217
-189,2218
36,2219
145,2220
-262,2221
36,2222
83,2223
-284,2224
150,2225
28,2226
25,2227
55,2228
100,2229
28,2230
-273,2231
-265,2232
57,2233
121,2234
-297,2235
121,2236
-287,2237
-297,2238
-284,2239
44,2240
56,2241
25,2242
-278,2243
63,2244
119,2245
-257,2246
25,2247
-237,2248
71,2249
-271,2250
47,2251
-259,2252
-153,2253
-286,2254
-275,2255
-263,2256
-178,2257
56,2258
62,2259
-292,2260
139,2261
-228,2262
113,2263
-281,2264
-163,2265
37,2266
-284,2267
104,2268
-282,2269
79,2270
-291,2271
49,2272
-232,2273
47,2274
38,2275
25,2276
54,2277
-290,2278
-297,2279
-251,2280
82,2281
-293,2282
-244,2283
105,2284
55,2285
-241,2286
40,2287
34,2288
107,2289
-284,2290
64,2291
160,2292
44,2293
78,2294
-265,2295
88,2296
132,2297
-242,2298
51,2299
-267,2300
-294,2301
28,2302
-296,2303
43,2304
-238,2305
28,2306
55,2307
86,2308
37,2309
-284,2310
151,2311
68,2312
-274,2313
88,2314
-302,2315
104,2316
37,2317
-236,2318
-265,2319
25,2320
-276,2321
71,2322
-295,2323
27,2324
73,2325
-227,2326
90,2327
40,2328
24,2329
-295,2330
160,2331
46,2332
68,2333
156,2334
68,2335
-262,2336
-297,2337
-220,2338
-293,2339
180,2340
-215,2341
-232,2342
60,2343
-294,2344
-257,2345
45,2346
-282,2347
-255,2348
-215,2349
124,2350
-300,2351
-299,2352
-257,2353
-279,2354
28,2355
61,2356
-300,2357
-286,2358
-270,2359
-254,2360
25,2361
-298,2362
-274,2363
37,2364
74,2365
160,2366
138,2367
103,2368
-294,2369
37,2370
-228,2371
-288,2372
151,2373
-278,2374
37,2375
57,2376
-239,2377
-282,2378
64,2379
-239,2380
-295,2381
-301,2382
47,2383
-304,2384
-216,2385
33,2386
50,2387
45,2388
-301,2389
-285,2390
-291,2391
-291,2392
28,2393
-252,2394
56,2395
-293,2396
-282,2397
-261,2398
25,2399
-281,2400
-251,2401
-280,2402
51,2403
-299,2404
79,2405
26,2406
61,2407
80,2408
104,2409
42,2410
-215,2411
47,2412
-246,2413
25,2414
25,2415
-278,2416
-226,2417
-241,2418
-254,2419
-242,2420
-267,2421
58,2422
32,2423
-234,2424
64,2425
69,2426
47,2427
47,2428
57,2429
-269,2430
50,2431
41,2432
55,2433
25,2434
-180,2435
71,2436
-242,2437
-236,2438
-196,2439
31,2440
-219,2441
-286,2442
-301,2443
-278,2444
68,2445
102,2446
95,2447
25,2448
52,2449
-303,2450
-267,2451
-218,2452
-281,2453
53,2454
113,2455
-286,2456
-291,2457
78,2458
-292,2459
25,2460
34,2461
-162,2462
-300,2463
66,2464
25,2465
-297,2466
-296,2467
53,2468
26,2469
34,2470
-234,2471
-300,2472
48,2473
58,2474
25,2475
-218,2476
-298,2477
63,2478
-286,2479
-299,2480
30,2481
42,2482
45,2483
-281,2484
23,2485
60,2486
37,2487
34,2488
81,2489
-241,2490
42,2491
136,2492
80,2493
-297,2494
-269,2495
-237,2496
103,2497
93,2498
-297,2499
-279,2500
63,2501
-253,2502
56,2503
-292,2504
27,2505
-262,2506
39,2507
24,2508
-229,2509
41,2510
51,2511
33,2512
76,2513
28,2514
34,2515
33,2516
-260,2517
-258,2518
-297,2519
-289,2520
-279,2521
-283,2522
-294,2523
25,2524
-239,2525
72,2526
25,2527
-260,2528
45,2529
-256,2530
-292,2531
29,2532
146,2533
-263,2534
42,2535
-274,2536
151,2537
44,2538
-300,2539
-268,2540
79,2541
29,2542
56,2543
-294,2544
48,2545
35,2546
129,2547
150,2548
94,2549
-302,2550
48,2551
112,2552
166,2553
-271,2554
-226,2555
105,2556
25,2557
188,2558
49,2559
50,2560
35,2561
28,2562
34,2563
57,2564
25,2565
-252,2566
46,2567
-282,2568
91,2569
-220,2570
73,2571
-252,2572
41,2573
88,2574
-274,2575
-287,2576
25,2577
59,2578
-300,2579
-256,2580
96,2581
26,2582
-275,2583
25,2584
119,2585
111,2586
-270,2587
64,2588
71,2589
57,2590
178,2591
-304,2592
85,2593
-247,2594
-266,2595
75,2596
98,2597
-253,2598
27,2599
-183,2600
40,2601
-300,2602
-293,2603
77,2604
38,2605
-289,2606
-296,2607
117,2608
-271,2609
25,2610
33,2611
67,2612
42,2613
-251,2614
-280,2615
-300,2616
-268,2617
-229,2618
36,2619
-129,2620
-298,2621
45,2622
60,2623
-285,2624
-270,2625
-274,2626
-296,2627
84,2628
25,2629
38,2630
-295,2631
44,2632
49,2633
-202,2634
43,2635
31,2636
-253,2637
45,2638
-281,2639
23,2640
47,2641
64,2642
28,2643
-245,2644
-223,2645
54,2646
47,2647
109,2648
41,2649
-228,2650
112,2651
25,2652
-262,2653
-283,2654
175,2655
40,2656
53,2657
-240,2658
34,2659
-296,2660
41,2661
116,2662
53,2663
-272,2664
-275,2665
-244,2666
25,2667
36,2668
40,2669
31,2670
78,2671
45,2672
-270,2673
180,2674
-226,2675
-299,2676
-271,2677
69,2678
-270,2679
38,2680
-247,2681
32,2682
-291,2683
76,2684
75,2685
29,2686
-237,2687
28,2688
-298,2689
39,2690
25,2691
28,2692
-294,2693
67,2694
-299,2695
-300,2696
164,2697
78,2698
43,2699
38,2700
27,2701
79,2702
74,2703
-254,2704
34,2705
-184,2706
58,2707
-273,2708
25,2709
-288,2710
80,2711
82,2712
97,2713
127,2714
86,2715
27,2716
25,2717
-263,2718
36,2719
-297,2720
27,2721
28,2722
-197,2723
-257,2724
81,2725
37,2726
28,2727
39,2728
31,2729
66,2730
79,2731
-294,2732
51,2733
-291,2734
25,2735
64,2736
25,2737
-232,2738
89,2739
-252,2740
-284,2741
-296,2742
37,2743
-299,2744
40,2745
-294,2746
83,2747
25,2748
111,2749
-290,2750
44,2751
144,2752
27,2753
57,2754
-290,2755
34,2756
-268,2757
-273,2758
24,2759
-231,2760
56,2761
104,2762
44,2763
67,2764
-294,2765
-259,2766
34,2767
-263,2768
87,2769
-290,2770
41,2771
-262,2772
136,2773
53,2774
56,2775
-233,2776
25,2777
42,2778
68,2779
71,2780
-151,2781
-298,2782
59,2783
-247,2784
-291,2785
-291,2786
-281,2787
118,2788
-256,2789
25,2790
41,2791
142,2792
45,2793
-292,2794
25,2795
92,2796
85,2797
-300,2798
156,2799
83,2800
124,2801
-289,2802
-298,2803
-250,2804
41,2805
42,2806
-231,2807
-256,2808
31,2809
-239,2810
51,2811
41,2812
34,2813
25,2814
-261,2815
141,2816
-298,2817
53,2818
61,2819
59,2820
56,2821
-285,2822
42,2823
70,2824
36,2825
-290,2826
43,2827
-274,2828
-219,2829
-300,2830
-300,2831
47,2832
61,2833
28,2834
41,2835
84,2836
67,2837
-240,2838
-269,2839
34,2840
28,2841
-264,2842
-296,2843
-257,2844
137,2845
-276,2846
81,2847
-277,2848
89,2849
-277,2850
39,2851
68,2852
-275,2853
61,2854
34,2855
-300,2856
-294,2857
-220,2858
169,2859
-261,2860
98,2861
-281,2862
-281,2863
-275,2864
152,2865
-265,2866
81,2867
-295,2868
-253,2869
-271,2870
-297,2871
114,2872
-281,2873
-303,2874
-292,2875
-291,2876
24,2877
-277,2878
77,2879
-283,2880
67,2881
-274,2882
101,2883
32,2884
130,2885
60,2886
55,2887
148,2888
-298,2889
50,2890
27,2891
130,2892
-264,2893
-232,2894
59,2895
-295,2896
72,2897
-291,2898
-300,2899
33,2900
63,2901
25,2902
73,2903
80,2904
25,2905
26,2906
-267,2907
52,2908
69,2909
25,2910
25,2911
81,2912
32,2913
-263,2914
-293,2915
25,2916
-275,2917
43,2918
-301,2919
-259,2920
-279,2921
-270,2922
46,2923
186,2924
25,2925
50,2926
86,2927
-294,2928
70,2929
-282,2930
-300,2931
163,2932
75,2933
180,2934
-267,2935
-288,2936
-294,2937
64,2938
-300,2939
25,2940
-288,2941
30,2942
-288,2943
-295,2944
-277,2945
26,2946
34,2947
-275,2948
34,2949
33,2950
90,2951
101,2952
28,2953
-282,2954
-279,2955
110,2956
33,2957
-300,2958
34,2959
25,2960
-164,2961
24,2962
-296,2963
47,2964
-301,2965
45,2966
24,2967
-283,2968
31,2969
59,2970
62,2971
50,2972
-262,2973
39,2974
44,2975
34,2976
136,2977
-303,2978
62,2979
-296,2980
52,2981
43,2982
39,2983
-281,2984
-297,2985
46,2986
62,2987
63,2988
79,2989
88,2990
-241,2991
53,2992
36,2993
89,2994
38,2995
202,2996
-301,2997
28,2998
36,2999
65,3000
100,3001
66,3002
25,3003
33,3004
-295,3005
57,3006
-255,3007
-298,3008
95,3009
56,3010
33,3011
-175,3012
63,3013
-290,3014
-279,3015
33,3016
36,3017
41,3018
78,3019
25,3020
-289,3021
-152,3022
75,3023
-246,3024
25,3025
116,3026
-259,3027
-253,3028
23,3029
47,3030
-293,3031
35,3032
40,3033
25,3034
92,3035
95,3036
34,3037
-271,3038
-273,3039
-279,3040
28,3041
58,3042
51,3043
35,3044
-251,3045
30,3046
26,3047
47,3048
80,3049
-265,3050
76,3051
-248,3052
-277,3053
-299,3054
-301,3055
-273,3056
147,3057
55,3058
-292,3059
-234,3060
-295,3061
-289,3062
74,3063
52,3064
123,3065
-227,3066
25,3067
71,3068
-295,3069
36,3070
67,3071
-288,3072
25,3073
-271,3074
-294,3075
76,3076
61,3077
-242,3078
46,3079
25,3080
55,3081
-128,3082
57,3083
46,3084
-274,3085
53,3086
-300,3087
33,3088
28,3089
-291,3090
57,3091
-242,3092
49,3093
98,3094
22,3095
-296,3096
43,3097
76,3098
-282,3099
66,3100
-260,3101
28,3102
-289,3103
37,3104
40,3105
-273,3106
52,3107
-291,3108
-286,3109
25,3110
28,3111
59,3112
66,3113
-282,3114
-290,3115
-297,3116
161,3117
-297,3118
32,3119
-300,3120
-297,3121
-300,3122
37,3123
164,3124
28,3125
-299,3126
73,3127
-301,3128
52,3129
-286,3130
65,3131
104,3132
-276,3133
93,3134
76,3135
-285,3136
34,3137
46,3138
-268,3139
25,3140
55,3141
41,3142
62,3143
152,3144
41,3145
112,3146
-300,3147
87,3148
69,3149
44,3150
-300,3151
-279,3152
-290,3153
-293,3154
-300,3155
200,3156
75,3157
104,3158
36,3159
-284,3160
-206,3161
69,3162
-289,3163
36,3164
-296,3165
76,3166
-297,3167
-281,3168
66,3169
25,3170
-268,3171
37,3172
-250,3173
-281,3174
58,3175
40,3176
25,3177
91,3178
-244,3179
58,3180
-297,3181
-246,3182
50,3183
-261,3184
-270,3185
63,3186
-275,3187
-261,3188
88,3189
-212,3190
44,3191
42,3192
62,3193
117,3194
33,3195
-298,3196
55,3197
27,3198
35,3199
76,3200
76,3201
50,3202
57,3203
71,3204
69,3205
-260,3206
-249,3207
100,3208
23,3209
-301,3210
-257,3211
46,3212
-276,3213
-239,3214
100,3215
32,3216
56,3217
-267,3218
40,3219
-288,3220
-273,3221
-288,3222
-214,3223
-285,3224
80,3225
198,3226
118,3227
32,3228
-250,3229
-288,3230
-215,3231
-293,3232
55,3233
184,3234
83,3235
-266,3236
-274,3237
-233,3238
-286,3239
-290,3240
29,3241
-251,3242
24,3243
222,3244
30,3245
-276,3246
54,3247
41,3248
155,3249
-278,3250
128,3251
24,3252
-293,3253
81,3254
-293,3255
86,3256
36,3257
-290,3258
-288,3259
-219,3260
63,3261
-276,3262
-293,3263
32,3264
168,3265
59,3266
-270,3267
33,3268
25,3269
120,3270
-288,3271
25,3272
39,3273
68,3274
94,3275
29,3276
25,3277
-257,3278
-288,3279
-303,3280
46,3281
61,3282
52,3283
25,3284
38,3285
30,3286
-285,3287
39,3288
-256,3289
74,3290
-281,3291
-254,3292
-286,3293
-298,3294
39,3295
-297,3296
24,3297
35,3298
-270,3299
-290,3300
-275,3301
-286,3302
50,3303
67,3304
109,3305
25,3306
59,3307
49,3308
73,3309
111,3310
-300,3311
172,3312
-165,3313
25,3314
43,3315
-296,3316
-297,3317
31,3318
-299,3319
106,3320
-273,3321
47,3322
28,3323
-300,3324
95,3325
60,3326
-277,3327
40,3328
-283,3329
71,3330
39,3331
67,3332
-297,3333
-278,3334
90,3335
37,3336
-215,3337
55,3338
160,3339
112,3340
-273,3341
25,3342
71,3343
55,3344
33,3345
47,3346
72,3347
157,3348
-296,3349
166,3350
-225,3351
39,3352
-286,3353
-301,3354
156,3355
24,3356
31,3357
60,3358
-274,3359
99,3360
40,3361
24,3362
87,3363
40,3364
-294,3365
-265,3366
-300,3367
25,3368
34,3369
55,3370
57,3371
-290,3372
44,3373
-286,3374
120,3375
35,3376
30,3377
30,3378
-289,3379
-244,3380
-265,3381
106,3382
84,3383
-250,3384
25,3385
88,3386
-300,3387
38,3388
28,3389
34,3390
-217,3391
-196,3392
24,3393
-219,3394
-259,3395
53,3396
82,3397
103,3398
-289,3399
62,3400
-228,3401
45,3402
37,3403
-287,3404
-225,3405
52,3406
-275,3407
-278,3408
95,3409
87,3410
100,3411
27,3412
81,3413
34,3414
115,3415
-301,3416
62,3417
48,3418
24,3419
26,3420
-296,3421
-274,3422
154,3423
36,3424
-283,3425
-247,3426
36,3427
60,3428
-275,3429
31,3430
-206,3431
-278,3432
80,3433
40,3434
35,3435
79,3436
33,3437
-269,3438
45,3439
59,3440
108,3441
24,3442
45,3443
-279,3444
46,3445
-295,3446
101,3447
-291,3448
-236,3449
-274,3450
55,3451
25,3452
-272,3453
65,3454
-242,3455
-297,3456
-297,3457
73,3458
-287,3459
51,3460
-246,3461
68,3462
54,3463
-294,3464
-300,3465
-299,3466
59,3467
31,3468
-290,3469
-279,3470
75,3471
121,3472
25,3473
41,3474
38,3475
98,3476
24,3477
31,3478
42,3479
-297,3480
25,3481
58,3482
-270,3483
33,3484
-292,3485
25,3486
-301,3487
-280,3488
-227,3489
36,3490
-296,3491
39,3492
32,3493
23,3494
25,3495
80,3496
-282,3497
98,3498
-272,3499
-280,3500
25,3501
40,3502
154,3503
40,3504
-272,3505
25,3506
-281,3507
-280,3508
50,3509
-156,3510
58,3511
125,3512
-285,3513
28,3514
32,3515
41,3516
34,3517
27,3518
48,3519
-299,3520
-301,3521
86,3522
-298,3523
136,3524
25,3525
-300,3526
-288,3527
-276,3528
58,3529
61,3530
108,3531
30,3532
38,3533
33,3534
31,3535
83,3536
87,3537
51,3538
25,3539
85,3540
48,3541
-276,3542
-283,3543
-287,3544
-215,3545
-299,3546
56,3547
-266,3548
-272,3549
40,3550
25,3551
61,3552
35,3553
99,3554
36,3555
31,3556
-275,3557
34,3558
97,3559
37,3560
168,3561
47,3562
-246,3563
40,3564
-250,3565
-301,3566
-230,3567
-290,3568
40,3569
39,3570
39,3571
28,3572
-277,3573
30,3574
56,3575
51,3576
35,3577
80,3578
-289,3579
-293,3580
-279,3581
78,3582
-275,3583
70,3584
24,3585
-286,3586
-261,3587
69,3588
-279,3589
-199,3590
79,3591
25,3592
88,3593
-295,3594
-159,3595
76,3596
-258,3597
72,3598
-284,3599
47,3600
25,3601
-262,3602
25,3603
38,3604
-261,3605
32,3606
25,3607
87,3608
136,3609
-301,3610
88,3611
30,3612
-297,3613
43,3614
-283,3615
47,3616
-266,3617
-298,3618
51,3619
25,3620
-247,3621
-277,3622
-279,3623
-299,3624
-282,3625
40,3626
-262,3627
98,3628
33,3629
39,3630
-275,3631
76,3632
33,3633
77,3634
-257,3635
79,3636
49,3637
-275,3638
77,3639
-260,3640
-251,3641
49,3642
-250,3643
-288,3644
-237,3645
125,3646
72,3647
-238,3648
-294,3649
33,3650
-302,3651
73,3652
59,3653
28,3654
-283,3655
110,3656
-281,3657
-190,3658
51,3659
127,3660
28,3661
39,3662
-289,3663
75,3664
94,3665
155,3666
-296,3667
34,3668
59,3669
-276,3670
61,3671
-295,3672
28,3673
31,3674
41,3675
-294,3676
82,3677
66,3678
-278,3679
84,3680
-302,3681
-307,3682
-300,3683
-289,3684
-302,3685
105,3686
170,3687
94,3688
58,3689
42,3690
25,3691
35,3692
64,3693
25,3694
-302,3695
103,3696
-262,3697
98,3698
147,3699
56,3700
64,3701
78,3702
33,3703
68,3704
-279,3705
31,3706
57,3707
33,3708
-297,3709
67,3710
48,3711
25,3712
58,3713
86,3714
48,3715
-290,3716
22,3717
-225,3718
37,3719
53,3720
61,3721
47,3722
-254,3723
25,3724
32,3725
-263,3726
77,3727
53,3728
69,3729
33,3730
-301,3731
73,3732
94,3733
33,3734
-274,3735
-301,3736
39,3737
-297,3738
71,3739
102,3740
38,3741
-261,3742
66,3743
49,3744
39,3745
-260,3746
41,3747
51,3748
25,3749
39,3750
95,3751
-297,3752
35,3753
-282,3754
99,3755
133,3756
67,3757
25,3758
98,3759
28,3760
40,3761
136,3762
34,3763
25,3764
53,3765
46,3766
32,3767
25,3768
73,3769
94,3770
85,3771
25,3772
30,3773
34,3774
40,3775
25,3776
27,3777
38,3778
-249,3779
-295,3780
-208,3781
44,3782
-280,3783
152,3784
26,3785
120,3786
25,3787
30,3788
-303,3789
63,3790
-275,3791
-296,3792
-295,3793
-294,3794
93,3795
-281,3796
-261,3797
25,3798
87,3799
52,3800
27,3801
-291,3802
30,3803
-293,3804
-251,3805
-228,3806
-284,3807
40,3808
94,3809
82,3810
90,3811
-298,3812
25,3813
-297,3814
33,3815
-292,3816
24,3817
32,3818
74,3819
51,3820
27,3821
163,3822
-288,3823
-271,3824
22,3825
-192,3826
25,3827
55,3828
-249,3829
-282,3830
-286,3831
-270,3832
-259,3833
75,3834
45,3835
-288,3836
-297,3837
136,3838
28,3839
74,3840
34,3841
28,3842
-297,3843
76,3844
-290,3845
-262,3846
39,3847
65,3848
31,3849
-287,3850
-303,3851
50,3852
98,3853
74,3854
-293,3855
64,3856
28,3857
-301,3858
-260,3859
-271,3860
-263,3861
-275,3862
25,3863
132,3864
66,3865
85,3866
90,3867
71,3868
65,3869
43,3870
101,3871
-216,3872
107,3873
-299,3874
34,3875
-293,3876
69,3877
65,3878
56,3879
25,3880
-300,3881
-282,3882
52,3883
25,3884
-244,3885
-300,3886
38,3887
73,3888
45,3889
37,3890
-240,3891
67,3892
50,3893
73,3894
31,3895
43,3896
-273,3897
39,3898
153,3899
-216,3900
-167,3901
37,3902
43,3903
-173,3904
-287,3905
-285,3906
-253,3907
134,3908
-284,3909
-274,3910
-243,3911
-299,3912
43,3913
-290,3914
51,3915
64,3916
50,3917
-297,3918
36,3919
-270,3920
73,3921
103,3922
-226,3923
55,3924
87,3925
39,3926
-236,3927
-286,3928
-281,3929
-292,3930
57,3931
-293,3932
-297,3933
40,3934
25,3935
-284,3936
-257,3937
38,3938
46,3939
38,3940
42,3941
-291,3942
-259,3943
90,3944
89,3945
37,3946
-233,3947
-152,3948
-289,3949
-256,3950
162,3951
44,3952
60,3953
25,3954
-159,3955
-287,3956
31,3957
56,3958
53,3959
74,3960
-301,3961
-300,3962
53,3963
55,3964
-264,3965
53,3966
27,3967
172,3968
84,3969
-273,3970
-267,3971
-300,3972
98,3973
99,3974
52,3975
69,3976
28,3977
43,3978
47,3979
28,3980
58,3981
37,3982
-198,3983
53,3984
-248,3985
51,3986
-184,3987
52,3988
33,3989
33,3990
47,3991
40,3992
31,3993
53,3994
-297,3995
65,3996
30,3997
-228,3998
84,3999
38,4000
31,4001
30,4002
59,4003
-240,4004
62,4005
39,4006
36,4007
-252,4008
43,4009
42,4010
-275,4011
-289,4012
86,4013
-291,4014
122,4015
29,4016
-300,4017
102,4018
30,4019
-241,4020
-243,4021
-283,4022
36,4023
-276,4024
86,4025
119,4026
-292,4027
56,4028
70,4029
-298,4030
25,4031
37,4032
-280,4033
65,4034
-227,4035
81,4036
37,4037
92,4038
-154,4039
95,4040
45,4041
52,4042
50,4043
48,4044
47,4045
45,4046
40,4047
64,4048
25,4049
89,4050
-200,4051
49,4052
-288,4053
60,4054
71,4055
-291,4056
-254,4057
56,4058
-297,4059
-295,4060
-263,4061
75,4062
-288,4063
30,4064
80,4065
-257,4066
-304,4067
28,4068
44,4069
-298,4070
95,4071
-162,4072
97,4073
113,4074
38,4075
40,4076
-179,4077
-289,4078
44,4079
132,4080
28,4081
-195,4082
38,4083
-289,4084
25,4085
26,4086
-279,4087
93,4088
-266,4089
98,4090
86,4091
180,4092
-286,4093
-308,4094
-235,4095
25,4096
-220,4097
69,4098
-281,4099
65,4100
25,4101
28,4102
57,4103
113,4104
-282,4105
43,4106
39,4107
-302,4108
66,4109
43,4110
40,4111
36,4112
-292,4113
110,4114
-298,4115
39,4116
83,4117
-258,4118
-294,4119
25,4120
-231,4121
25,4122
54,4123
29,4124
-297,4125
-300,4126
-256,4127
67,4128
25,4129
121,4130
-289,4131
29,4132
59,4133
-242,4134
-287,4135
70,4136
56,4137
-297,4138
-301,4139
107,4140
25,4141
46,4142
-273,4143
-251,4144
160,4145
74,4146
-260,4147
-284,4148
-268,4149
107,4150
53,4151
24,4152
52,4153
-305,4154
55,4155
28,4156
35,4157
33,4158
64,4159
50,4160
-255,4161
-298,4162
97,4163
37,4164
-250,4165
48,4166
40,4167
54,4168
49,4169
66,4170
24,4171
44,4172
-274,4173
-199,4174
33,4175
-233,4176
75,4177
43,4178
28,4179
28,4180
25,4181
35,4182
110,4183
-276,4184
96,4185
51,4186
46,4187
25,4188
-218,4189
-223,4190
36,4191
-287,4192
-302,4193
102,4194
23,4195
-302,4196
-263,4197
113,4198
29,4199
54,4200
42,4201
63,4202
59,4203
75,4204
72,4205
-296,4206
-258,4207
66,4208
121,4209
-221,4210
-288,4211
37,4212
49,4213
31,4214
-260,4215
-289,4216
97,4217
-278,4218
29,4219
158,4220
-299,4221
25,4222
157,4223
63,4224
54,4225
42,4226
27,4227
36,4228
24,4229
60,4230
-266,4231
-255,4232
76,4233
83,4234
38,4235
95,4236
25,4237
75,4238
74,4239
47,4240
39,4241
80,4242
40,4243
-258,4244
24,4245
67,4246
46,4247
31,4248
32,4249
-237,4250
-278,4251
29,4252
53,4253
169,4254
41,4255
92,4256
102,4257
-288,4258
37,4259
69,4260
24,4261
25,4262
50,4263
25,4264
-277,4265
123,4266
40,4267
33,4268
39,4269
95,4270
-287,4271
38,4272
-274,4273
55,4274
65,4275
-268,4276
27,4277
-299,4278
-294,4279
104,4280
32,4281
-293,4282
24,4283
-293,4284
25,4285
-274,4286
45,4287
85,4288
47,4289
-271,4290
28,4291
-261,4292
-275,4293
-269,4294
51,4295
62,4296
-297,4297
30,4298
-287,4299
24,4300
32,4301
-297,4302
75,4303
25,4304
30,4305
150,4306
79,4307
27,4308
77,4309
67,4310
53,4311
72,4312
-296,4313
52,4314
-259,4315
75,4316
42,4317
180,4318
28,4319
-294,4320
51,4321
57,4322
122,4323
48,4324
33,4325
-271,4326
63,4327
61,4328
41,4329
35,4330
42,4331
-287,4332
162,4333
50,4334
-289,4335
79,4336
66,4337
24,4338
34,4339
28,4340
137,4341
28,4342
46,4343
28,4344
34,4345
-301,4346
61,4347
98,4348
42,4349
31,4350
42,4351
37,4352
53,4353
61,4354
-266,4355
64,4356
25,4357
34,4358
64,4359
-300,4360
25,4361
66,4362
57,4363
25,4364
-297,4365
-294,4366
58,4367
28,4368
28,4369
-207,4370
136,4371
50,4372
42,4373
-245,4374
27,4375
25,4376
-240,4377
55,4378
76,4379
-249,4380
48,4381
60,4382
68,4383
-172,4384
-274,4385
64,4386
-277,4387
-249,4388
25,4389
27,4390
-293,4391
52,4392
-264,4393
-257,4394
66,4395
76,4396
80,4397
96,4398
44,4399
-270,4400
63,4401
25,4402
80,4403
25,4404
76,4405
-293,4406
-275,4407
-286,4408
-264,4409
102,4410
24,4411
37,4412
166,4413
-298,4414
52,4415
-248,4416
41,4417
-246,4418
-287,4419
-301,4420
33,4421
59,4422
31,4423
-292,4424
47,4425
124,4426
68,4427
40,4428
72,4429
-290,4430
46,4431
-299,4432
25,4433
84,4434
-238,4435
-246,4436
113,4437
-300,4438
-260,4439
30,4440
24,4441
139,4442
62,4443
-285,4444
49,4445
52,4446
-244,4447
53,4448
43,4449
45,4450
48,4451
57,4452
25,4453
-302,4454
-289,4455
66,4456
54,4457
-299,4458
-284,4459
25,4460
31,4461
62,4462
45,4463
31,4464
-229,4465
-298,4466
25,4467
28,4468
-197,4469
31,4470
55,4471
-225,4472
47,4473
-295,4474
76,4475
153,4476
59,4477
-285,4478
24,4479
71,4480
46,4481
82,4482
68,4483
103,4484
48,4485
85,4486
25,4487
30,4488
145,4489
53,4490
-297,4491
54,4492
-301,4493
34,4494
25,4495
-289,4496
65,4497
52,4498
28,4499
63,4500
140,4501
36,4502
44,4503
80,4504
52,4505
30,4506
-300,4507
33,4508
-295,4509
32,4510
-294,4511
30,4512
-218,4513
109,4514
43,4515
40,4516
129,4517
-295,4518
-283,4519
28,4520
39,4521
37,4522
22,4523
28,4524
46,4525
25,4526
58,4527
-297,4528
44,4529
69,4530
35,4531
42,4532
85,4533
-301,4534
31,4535
112,4536
32,4537
-296,4538
106,4539
-204,4540
40,4541
31,4542
33,4543
24,4544
71,4545
61,4546
36,4547
55,4548
67,4549
44,4550
76,4551
-237,4552
59,4553
-299,4554
81,4555
30,4556
83,4557
80,4558
48,4559
103,4560
58,4561
31,4562
-296,4563
25,4564
24,4565
-177,4566
-280,4567
52,4568
25,4569
-274,4570
51,4571
52,4572
33,4573
108,4574
71,4575
61,4576
51,4577
46,4578
82,4579
61,4580
-278,4581
76,4582
103,4583
28,4584
57,4585
55,4586
-295,4587
57,4588
103,4589
-232,4590
-291,4591
46,4592
97,4593
127,4594
46,4595
24,4596
-191,4597
116,4598
55,4599
-244,4600
75,4601
44,4602
78,4603
45,4604
81,4605
-226,4606
-269,4607
31,4608
-285,4609
25,4610
-272,4611
52,4612
78,4613
37,4614
117,4615
40,4616
64,4617
39,4618
-226,4619
50,4620
-294,4621
25,4622
25,4623
31,4624
-249,4625
92,4626
-271,4627
60,4628
42,4629
-269,4630
63,4631
31,4632
78,4633
-255,4634
46,4635
-171,4636
117,4637
74,4638
77,4639
-302,4640
84,4641
-297,4642
85,4643
-231,4644
84,4645
63,4646
28,4647
53,4648
25,4649
-300,4650
56,4651
-300,4652
72,4653
-289,4654
60,4655
82,4656
59,4657
-256,4658
-277,4659
104,4660
50,4661
34,4662
59,4663
43,4664
25,4665
98,4666
183,4667
-278,4668
27,4669
-293,4670
-287,4671
-292,4672
42,4673
-262,4674
-255,4675
59,4676
55,4677
-262,4678
-279,4679
68,4680
48,4681
-283,4682
57,4683
63,4684
64,4685
-299,4686
33,4687
33,4688
57,4689
45,4690
-284,4691
-282,4692
27,4693
25,4694
120,4695
-272,4696
25,4697
35,4698
48,4699
56,4700
151,4701
116,4702
-286,4703
-300,4704
47,4705
27,4706
-287,4707
65,4708
-234,4709
136,4710
99,4711
24,4712
-287,4713
-151,4714
58,4715
-301,4716
61,4717
58,4718
62,4719
25,4720
-300,4721
29,4722
41,4723
100,4724
34,4725
-300,4726
-300,4727
45,4728
-284,4729
89,4730
48,4731
65,4732
29,4733
28,4734
119,4735
27,4736
-227,4737
-288,4738
100,4739
30,4740
-278,4741
62,4742
-237,4743
35,4744
46,4745
-296,4746
162,4747
-282,4748
136,4749
71,4750
58,4751
32,4752
-259,4753
67,4754
48,4755
147,4756
-278,4757
29,4758
-273,4759
-250,4760
103,4761
87,4762
47,4763
65,4764
24,4765
-300,4766
59,4767
28,4768
-300,4769
25,4770
33,4771
30,4772
28,4773
25,4774
-223,4775
25,4776
30,4777
68,4778
-291,4779
25,4780
-298,4781
98,4782
-300,4783
52,4784
30,4785
36,4786
-258,4787
127,4788
-268,4789
28,4790
85,4791
119,4792
30,4793
-283,4794
-295,4795
-282,4796
-276,4797
27,4798
65,4799
-296,4800
49,4801
129,4802
29,4803
48,4804
-292,4805
45,4806
48,4807
-302,4808
30,4809
72,4810
65,4811
25,4812
37,4813
48,4814
44,4815
31,4816
35,4817
-303,4818
183,4819
41,4820
-218,4821
25,4822
46,4823
77,4824
104,4825
-286,4826
-304,4827
-261,4828
39,4829
63,4830
46,4831
-250,4832
48,4833
25,4834
-300,4835
58,4836
103,4837
28,4838
25,4839
79,4840
25,4841
182,4842
25,4843
33,4844
77,4845
40,4846
28,4847
-246,4848
88,4849
25,4850
-272,4851
84,4852
46,4853
36,4854
73,4855
184,4856
57,4857
25,4858
147,4859
88,4860
27,4861
41,4862
61,4863
149,4864
-252,4865
-298,4866
72,4867
28,4868
87,4869
66,4870
48,4871
44,4872
-284,4873
28,4874
-295,4875
42,4876
29,4877
-288,4878
-275,4879
-264,4880
-295,4881
-275,4882
30,4883
77,4884
31,4885
-280,4886
40,4887
116,4888
105,4889
-302,4890
-266,4891
60,4892
49,4893
-287,4894
-268,4895
41,4896
77,4897
68,4898
-289,4899
65,4900
90,4901
44,4902
52,4903
-276,4904
55,4905
102,4906
-297,4907
48,4908
45,4909
44,4910
36,4911
87,4912
-265,4913
25,4914
-201,4915
39,4916
45,4917
28,4918
-281,4919
40,4920
61,4921
-273,4922
44,4923
-294,4924
112,4925
37,4926
39,4927
91,4928
-265,4929
28,4930
-300,4931
39,4932
81,4933
-299,4934
40,4935
80,4936
67,4937
30,4938
56,4939
25,4940
160,4941
-254,4942
31,4943
25,4944
-297,4945
-283,4946
61,4947
78,4948
42,4949
65,4950
-301,4951
28,4952
56,4953
66,4954
41,4955
69,4956
-225,4957
67,4958
-269,4959
-284,4960
-221,4961
66,4962
49,4963
74,4964
-276,4965
30,4966
-281,4967
24,4968
47,4969
-256,4970
44,4971
45,4972
-151,4973
44,4974
39,4975
37,4976
68,4977
-287,4978
29,4979
47,4980
75,4981
25,4982
-288,4983
25,4984
43,4985
33,4986
53,4987
-235,4988
-300,4989
-296,4990
31,4991
61,4992
34,4993
25,4994
33,4995
119,4996
170,4997
-285,4998
-276,4999
25,5000
-258,5001
38,5002
-233,5003
49,5004
37,5005
75,5006
-294,5007
41,5008
74,5009
-247,5010
-249,5011
45,5012
-296,5013
78,5014
85,5015
41,5016
31,5017
73,5018
25,5019
51,5020
35,5021
-274,5022
-266,5023
68,5024
-302,5025
-288,5026
25,5027
52,5028
-216,5029
28,5030
35,5031
41,5032
-249,5033
40,5034
46,5035
66,5036
-259,5037
57,5038
32,5039
47,5040
40,5041
-289,5042
-281,5043
-289,5044
-271,5045
64,5046
39,5047
25,5048
-287,5049
123,5050
88,5051
61,5052
45,5053
61,5054
81,5055
24,5056
41,5057
25,5058
28,5059
25,5060
54,5061
-284,5062
77,5063
43,5064
53,5065
39,5066
-231,5067
-275,5068
54,5069
69,5070
45,5071
27,5072
31,5073
55,5074
29,5075
-286,5076
28,5077
-248,5078
38,5079
31,5080
68,5081
59,5082
24,5083
-273,5084
28,5085
-247,5086
64,5087
104,5088
36,5089
-296,5090
25,5091
86,5092
24,5093
69,5094
82,5095
-288,5096
-299,5097
-298,5098
107,5099
-244,5100
40,5101
32,5102
55,5103
49,5104
-278,5105
58,5106
50,5107
80,5108
-280,5109
25,5110
25,5111
47,5112
-297,5113
42,5114
32,5115
32,5116
25,5117
58,5118
-267,5119
58,5120
25,5121
59,5122
24,5123
39,5124
25,5125
-258,5126
54,5127
53,5128
43,5129
45,5130
-293,5131
90,5132
46,5133
52,5134
-266,5135
-288,5136
95,5137
38,5138
89,5139
68,5140
37,5141
48,5142
30,5143
28,5144
-284,5145
-285,5146
-300,5147
37,5148
71,5149
-301,5150
42,5151
122,5152
34,5153
74,5154
32,5155
-226,5156
119,5157
50,5158
31,5159
-276,5160
36,5161
29,5162
-294,5163
54,5164
37,5165
44,5166
-272,5167
-269,5168
-215,5169
69,5170
95,5171
-298,5172
-277,5173
96,5174
40,5175
112,5176
-296,5177
81,5178
-221,5179
89,5180
111,5181
39,5182
54,5183
24,5184
-219,5185
117,5186
24,5187
28,5188
-284,5189
36,5190
-256,5191
28,5192
-283,5193
31,5194
79,5195
25,5196
98,5197
63,5198
30,5199
-280,5200
39,5201
-279,5202
58,5203
38,5204
72,5205
46,5206
-296,5207
43,5208
88,5209
49,5210
44,5211
-281,5212
-267,5213
-288,5214
184,5215
57,5216
66,5217
75,5218
-291,5219
36,5220
-279,5221
27,5222
76,5223
31,5224
-294,5225
-256,5226
28,5227
74,5228
25,5229
-249,5230
64,5231
45,5232
66,5233
92,5234
30,5235
62,5236
-300,5237
34,5238
30,5239
41,5240
-257,5241
59,5242
73,5243
-252,5244
-298,5245
-214,5246
-250,5247
25,5248
27,5249
25,5250
-260,5251
50,5252
-283,5253
-250,5254
31,5255
24,5256
57,5257
-243,5258
92,5259
53,5260
51,5261
-261,5262
42,5263
66,5264
25,5265
47,5266
-297,5267
-246,5268
-301,5269
47,5270
61,5271
44,5272
51,5273
53,5274
40,5275
35,5276
43,5277
-293,5278
37,5279
64,5280
73,5281
-282,5282
151,5283
-295,5284
25,5285
99,5286
53,5287
-232,5288
85,5289
82,5290
34,5291
90,5292
74,5293
67,5294
-271,5295
54,5296
51,5297
99,5298
-294,5299
-287,5300
30,5301
45,5302
31,5303
-274,5304
77,5305
-282,5306
25,5307
-229,5308
51,5309
49,5310
-262,5311
-296,5312
30,5313
33,5314
-269,5315
63,5316
46,5317
28,5318
59,5319
-267,5320
176,5321
45,5322
68,5323
76,5324
-300,5325
27,5326
36,5327
104,5328
58,5329
36,5330
-284,5331
-300,5332
110,5333
46,5334
-290,5335
57,5336
25,5337
47,5338
-246,5339
88,5340
86,5341
-238,5342
64,5343
-291,5344
-300,5345
147,5346
25,5347
111,5348
25,5349
76,5350
-297,5351
-287,5352
30,5353
-300,5354
34,5355
66,5356
-302,5357
-299,5358
30,5359
39,5360
80,5361
30,5362
76,5363
31,5364
127,5365
61,5366
27,5367
-294,5368
62,5369
66,5370
60,5371
-269,5372
81,5373
57,5374
44,5375
110,5376
58,5377
-303,5378
76,5379
-297,5380
-292,5381
-300,5382
46,5383
76,5384
44,5385
-252,5386
31,5387
91,5388
42,5389
-297,5390
-297,5391
42,5392
50,5393
73,5394
49,5395
-243,5396
-298,5397
-298,5398
-300,5399
31,5400
104,5401
46,5402
-287,5403
24,5404
28,5405
-268,5406
38,5407
86,5408
-288,5409
-181,5410
57,5411
-276,5412
-294,5413
56,5414
65,5415
27,5416
28,5417
-261,5418
-283,5419
26,5420
-292,5421
81,5422
55,5423
-278,5424
58,5425
25,5426
62,5427
57,5428
41,5429
33,5430
44,5431
25,5432
-300,5433
42,5434
-302,5435
39,5436
36,5437
-300,5438
-274,5439
79,5440
-248,5441
24,5442
-296,5443
-290,5444
-293,5445
25,5446
44,5447
83,5448
-283,5449
43,5450
-253,5451
40,5452
52,5453
61,5454
-298,5455
45,5456
113,5457
161,5458
77,5459
-289,5460
81,5461
188,5462
-301,5463
-278,5464
64,5465
26,5466
48,5467
40,5468
25,5469
28,5470
43,5471
-301,5472
44,5473
50,5474
-262,5475
36,5476
45,5477
72,5478
74,5479
-259,5480
-298,5481
-300,5482
28,5483
49,5484
28,5485
45,5486
109,5487
48,5488
59,5489
-258,5490
102,5491
38,5492
51,5493
-301,5494
-289,5495
31,5496
28,5497
49,5498
-280,5499
48,5500
-295,5501
87,5502
35,5503
34,5504
53,5505
28,5506
-297,5507
27,5508
-295,5509
60,5510
156,5511
70,5512
67,5513
-297,5514
34,5515
-293,5516
25,5517
-243,5518
27,5519
-297,5520
-296,5521
30,5522
35,5523
35,5524
28,5525
103,5526
124,5527
40,5528
45,5529
65,5530
30,5531
105,5532
82,5533
28,5534
104,5535
48,5536
-267,5537
53,5538
24,5539
-290,5540
25,5541
42,5542
-291,5543
-287,5544
110,5545
39,5546
53,5547
31,5548
25,5549
-235,5550
99,5551
29,5552
54,5553
-283,5554
-254,5555
65,5556
24,5557
100,5558
30,5559
54,5560
50,5561
-254,5562
32,5563
29,5564
37,5565
156,5566
34,5567
55,5568
39,5569
47,5570
36,5571
-296,5572
30,5573
-293,5574
49,5575
28,5576
56,5577
-295,5578
113,5579
71,5580
-292,5581
49,5582
65,5583
41,5584
-272,5585
31,5586
-275,5587
-262,5588
55,5589
34,5590
85,5591
51,5592
25,5593
35,5594
45,5595
-295,5596
48,5597
-210,5598
-291,5599
-298,5600
28,5601
72,5602
63,5603
50,5604
-278,5605
-300,5606
74,5607
57,5608
25,5609
38,5610
-255,5611
25,5612
25,5613
133,5614
31,5615
56,5616
-292,5617
34,5618
75,5619
-282,5620
67,5621
91,5622
55,5623
26,5624
70,5625
37,5626
42,5627
25,5628
71,5629
57,5630
34,5631
69,5632
28,5633
-292,5634
47,5635
115,5636
25,5637
-149,5638
94,5639
50,5640
-294,5641
94,5642
38,5643
35,5644
25,5645
75,5646
25,5647
25,5648
-287,5649
-219,5650
-272,5651
37,5652
-306,5653
26,5654
47,5655
-312,5656
26,5657
33,5658
25,5659
32,5660
-295,5661
-273,5662
43,5663
43,5664
33,5665
-294,5666
-300,5667
66,5668
54,5669
53,5670
31,5671
78,5672
75,5673
-257,5674
131,5675
25,5676
28,5677
-295,5678
-237,5679
47,5680
54,5681
54,5682
74,5683
-273,5684
-283,5685
88,5686
43,5687
60,5688
67,5689
63,5690
78,5691
27,5692
31,5693
31,5694
69,5695
-302,5696
34,5697
-291,5698
61,5699
-267,5700
37,5701
25,5702
-276,5703
-240,5704
62,5705
43,5706
39,5707
151,5708
99,5709
-233,5710
48,5711
27,5712
113,5713
-293,5714
48,5715
39,5716
67,5717
-253,5718
-290,5719
-296,5720
109,5721
41,5722
106,5723
46,5724
46,5725
-250,5726
27,5727
155,5728
79,5729
31,5730
43,5731
-288,5732
29,5733
45,5734
36,5735
-295,5736
30,5737
30,5738
83,5739
25,5740
28,5741
33,5742
44,5743
25,5744
43,5745
50,5746
-269,5747
37,5748
45,5749
-297,5750
25,5751
25,5752
36,5753
37,5754
31,5755
114,5756
-188,5757
-271,5758
37,5759
-246,5760
-255,5761
38,5762
107,5763
24,5764
28,5765
28,5766
25,5767
107,5768
93,5769
83,5770
-276,5771
132,5772
-288,5773
52,5774
-278,5775
25,5776
135,5777
149,5778
-291,5779
-282,5780
56,5781
-270,5782
24,5783
-292,5784
-263,5785
-300,5786
30,5787
-253,5788
38,5789
77,5790
60,5791
56,5792
113,5793
28,5794
63,5795
-281,5796
53,5797
84,5798
-245,5799
-259,5800
41,5801
78,5802
48,5803
69,5804
40,5805
-284,5806
-280,5807
45,5808
34,5809
28,5810
75,5811
36,5812
82,5813
34,5814
23,5815
-244,5816
90,5817
-272,5818
107,5819
39,5820
-263,5821
-238,5822
76,5823
-291,5824
25,5825
99,5826
30,5827
-287,5828
95,5829
39,5830
59,5831
-300,5832
52,5833
71,5834
30,5835
39,5836
73,5837
-282,5838
31,5839
85,5840
42,5841
36,5842
-288,5843
25,5844
-221,5845
178,5846
52,5847
121,5848
-269,5849
78,5850
28,5851
-260,5852
-301,5853
47,5854
-300,5855
-298,5856
34,5857
93,5858
28,5859
93,5860
-299,5861
56,5862
68,5863
-225,5864
-276,5865
57,5866
80,5867
36,5868
-193,5869
69,5870
30,5871
62,5872
53,5873
108,5874
84,5875
28,5876
49,5877
43,5878
36,5879
-300,5880
-300,5881
40,5882
31,5883
25,5884
-245,5885
-296,5886
44,5887
25,5888
109,5889
25,5890
30,5891
49,5892
37,5893
-288,5894
41,5895
36,5896
35,5897
-243,5898
77,5899
-271,5900
-265,5901
-297,5902
147,5903
49,5904
38,5905
64,5906
40,5907
28,5908
68,5909
48,5910
54,5911
24,5912
28,5913
50,5914
-284,5915
104,5916
31,5917
72,5918
87,5919
105,5920
34,5921
111,5922
-209,5923
25,5924
32,5925
58,5926
37,5927
31,5928
-289,5929
52,5930
25,5931
85,5932
33,5933
23,5934
-296,5935
30,5936
-291,5937
136,5938
47,5939
65,5940
67,5941
28,5942
82,5943
57,5944
-255,5945
55,5946
31,5947
81,5948
-290,5949
82,5950
-251,5951
39,5952
60,5953
-251,5954
105,5955
57,5956
-279,5957
96,5958
97,5959
87,5960
53,5961
88,5962
45,5963
-257,5964
-211,5965
25,5966
-255,5967
26,5968
25,5969
79,5970
-295,5971
27,5972
-283,5973
31,5974
59,5975
-272,5976
35,5977
36,5978
25,5979
48,5980
-286,5981
28,5982
-267,5983
-287,5984
-293,5985
55,5986
31,5987
25,5988
35,5989
25,5990
59,5991
92,5992
58,5993
45,5994
89,5995
40,5996
37,5997
34,5998
58,5999
31,6000
-269,6001
87,6002
-280,6003
64,6004
24,6005
25,6006
47,6007
93,6008
71,6009
61,6010
-274,6011
-292,6012
70,6013
48,6014
71,6015
30,6016
-271,6017
42,6018
36,6019
41,6020
-301,6021
-264,6022
-299,6023
-287,6024
53,6025
66,6026
43,6027
98,6028
27,6029
-282,6030
-298,6031
62,6032
66,6033
54,6034
37,6035
25,6036
88,6037
50,6038
77,6039
83,6040
46,6041
-273,6042
65,6043
28,6044
33,6045
41,6046
24,6047
28,6048
126,6049
49,6050
24,6051
31,6052
-260,6053
100,6054
30,6055
28,6056
41,6057
61,6058
93,6059
131,6060
35,6061
57,6062
56,6063
56,6064
108,6065
49,6066
93,6067
86,6068
-291,6069
25,6070
41,6071
-285,6072
25,6073
154,6074
61,6075
-268,6076
-300,6077
61,6078
120,6079
-298,6080
37,6081
-275,6082
28,6083
24,6084
55,6085
-279,6086
34,6087
54,6088
-287,6089
24,6090
32,6091
-267,6092
62,6093
71,6094
53,6095
85,6096
37,6097
-274,6098
95,6099
48,6100
46,6101
72,6102
67,6103
54,6104
84,6105
-298,6106
28,6107
-276,6108
31,6109
72,6110
60,6111
51,6112
34,6113
47,6114
111,6115
-273,6116
39,6117
101,6118
-276,6119
39,6120
94,6121
-250,6122
60,6123
33,6124
25,6125
24,6126
98,6127
-231,6128
56,6129
41,6130
-259,6131
90,6132
42,6133
69,6134
-292,6135
44,6136
102,6137
-265,6138
34,6139
129,6140
31,6141
82,6142
58,6143
24,6144
96,6145
37,6146
42,6147
28,6148
28,6149
-259,6150
37,6151
31,6152
44,6153
55,6154
25,6155
-294,6156
31,6157
34,6158
28,6159
138,6160
69,6161
98,6162
30,6163
-270,6164
43,6165
30,6166
31,6167
-287,6168
51,6169
25,6170
55,6171
-273,6172
-296,6173
-294,6174
46,6175
-286,6176
28,6177
35,6178
32,6179
-284,6180
-290,6181
37,6182
24,6183
67,6184
-269,6185
50,6186
-241,6187
-302,6188
55,6189
157,6190
52,6191
28,6192
36,6193
108,6194
42,6195
31,6196
47,6197
27,6198
86,6199
98,6200
118,6201
31,6202
56,6203
30,6204
31,6205
25,6206
-290,6207
37,6208
80,6209
57,6210
82,6211
31,6212
29,6213
36,6214
28,6215
37,6216
41,6217
59,6218
42,6219
-290,6220
40,6221
71,6222
50,6223
106,6224
36,6225
-269,6226
30,6227
156,6228
35,6229
59,6230
25,6231
-288,6232
69,6233
53,6234
84,6235
72,6236
32,6237
-251,6238
27,6239
-294,6240
31,6241
66,6242
75,6243
27,6244
81,6245
51,6246
-245,6247
65,6248
26,6249
-285,6250
53,6251
49,6252
46,6253
34,6254
25,6255
72,6256
38,6257
-255,6258
128,6259
70,6260
80,6261
47,6262
108,6263
46,6264
39,6265
53,6266
36,6267
-285,6268
51,6269
-278,6270
51,6271
25,6272
-266,6273
52,6274
-299,6275
-295,6276
-246,6277
25,6278
75,6279
82,6280
37,6281
90,6282
51,6283
-260,6284
38,6285
75,6286
81,6287
25,6288
94,6289
80,6290
113,6291
142,6292
27,6293
-247,6294
36,6295
53,6296
39,6297
25,6298
-296,6299
61,6300
-259,6301
-271,6302
79,6303
77,6304
-288,6305
36,6306
62,6307
37,6308
68,6309
-290,6310
-280,6311
-279,6312
-285,6313
-240,6314
-244,6315
36,6316
-261,6317
35,6318
52,6319
112,6320
42,6321
75,6322
38,6323
-301,6324
-264,6325
75,6326
139,6327
33,6328
38,6329
43,6330
-288,6331
-286,6332
62,6333
32,6334
58,6335
50,6336
86,6337
-264,6338
80,6339
-271,6340
31,6341
-252,6342
78,6343
53,6344
78,6345
112,6346
-300,6347
-256,6348
54,6349
113,6350
42,6351
24,6352
59,6353
31,6354
28,6355
36,6356
28,6357
28,6358
-300,6359
31,6360
25,6361
45,6362
36,6363
35,6364
80,6365
-261,6366
20,6367
88,6368
84,6369
28,6370
43,6371
25,6372
-288,6373
-216,6374
89,6375
47,6376
77,6377
119,6378
59,6379
65,6380
37,6381
53,6382
30,6383
77,6384
-238,6385
140,6386
-300,6387
41,6388
24,6389
157,6390
-299,6391
81,6392
55,6393
34,6394
-248,6395
-277,6396
54,6397
25,6398
-291,6399
-255,6400
52,6401
-302,6402
25,6403
49,6404
33,6405
28,6406
25,6407
25,6408
24,6409
52,6410
-287,6411
61,6412
-217,6413
60,6414
51,6415
-307,6416
-299,6417
25,6418
70,6419
-301,6420
-268,6421
24,6422
85,6423
82,6424
24,6425
-289,6426
49,6427
33,6428
46,6429
84,6430
25,6431
-282,6432
47,6433
85,6434
50,6435
35,6436
-282,6437
100,6438
-294,6439
44,6440
142,6441
42,6442
37,6443
-269,6444
24,6445
49,6446
110,6447
60,6448
52,6449
-300,6450
-279,6451
42,6452
59,6453
103,6454
-271,6455
-280,6456
33,6457
58,6458
60,6459
41,6460
28,6461
69,6462
25,6463
25,6464
37,6465
109,6466
24,6467
64,6468
56,6469
65,6470
76,6471
-285,6472
30,6473
-264,6474
50,6475
53,6476
30,6477
25,6478
45,6479
-293,6480
-286,6481
34,6482
36,6483
82,6484
75,6485
-268,6486
56,6487
-266,6488
57,6489
-279,6490
27,6491
25,6492
25,6493
28,6494
56,6495
-266,6496
46,6497
142,6498
36,6499
-298,6500
30,6501
-217,6502
25,6503
48,6504
95,6505
82,6506
70,6507
-293,6508
115,6509
38,6510
36,6511
43,6512
-288,6513
38,6514
25,6515
46,6516
25,6517
38,6518
41,6519
-261,6520
58,6521
27,6522
25,6523
25,6524
69,6525
53,6526
60,6527
28,6528
25,6529
31,6530
-289,6531
-216,6532
58,6533
30,6534
-258,6535
90,6536
-282,6537
39,6538
-237,6539
155,6540
71,6541
28,6542
79,6543
36,6544
25,6545
-283,6546
104,6547
135,6548
57,6549
-281,6550
-279,6551
-250,6552
78,6553
68,6554
45,6555
75,6556
85,6557
49,6558
102,6559
37,6560
27,6561
54,6562
41,6563
126,6564
-255,6565
31,6566
42,6567
42,6568
-291,6569
24,6570
73,6571
106,6572
-273,6573
-283,6574
39,6575
52,6576
31,6577
25,6578
46,6579
35,6580
28,6581
40,6582
-293,6583
34,6584
97,6585
60,6586
124,6587
37,6588
29,6589
81,6590
40,6591
90,6592
53,6593
25,6594
62,6595
-294,6596
25,6597
85,6598
-274,6599
-282,6600
37,6601
40,6602
-274,6603
-285,6604
32,6605
-300,6606
25,6607
54,6608
-298,6609
25,6610
59,6611
33,6612
65,6613
24,6614
150,6615
51,6616
96,6617
28,6618
31,6619
-272,6620
40,6621
24,6622
-297,6623
25,6624
95,6625
56,6626
93,6627
-292,6628
61,6629
-276,6630
28,6631
-309,6632
25,6633
81,6634
28,6635
60,6636
80,6637
75,6638
25,6639
103,6640
-295,6641
53,6642
28,6643
28,6644
143,6645
-292,6646
94,6647
42,6648
38,6649
-236,6650
35,6651
60,6652
59,6653
70,6654
-266,6655
171,6656
29,6657
80,6658
25,6659
51,6660
25,6661
58,6662
-169,6663
33,6664
50,6665
25,6666
87,6667
44,6668
31,6669
-247,6670
43,6671
49,6672
30,6673
72,6674
42,6675
-254,6676
104,6677
34,6678
36,6679
59,6680
39,6681
55,6682
28,6683
28,6684
28,6685
72,6686
48,6687
70,6688
72,6689
31,6690
65,6691
25,6692
69,6693
107,6694
-277,6695
45,6696
28,6697
77,6698
27,6699
59,6700
47,6701
-283,6702
33,6703
27,6704
-299,6705
33,6706
57,6707
91,6708
29,6709
86,6710
28,6711
28,6712
73,6713
-250,6714
64,6715
68,6716
-294,6717
24,6718
25,6719
-288,6720
86,6721
-295,6722
-289,6723
75,6724
-291,6725
123,6726
24,6727
56,6728
48,6729
61,6730
51,6731
64,6732
82,6733
90,6734
67,6735
45,6736
31,6737
25,6738
-252,6739
57,6740
37,6741
43,6742
37,6743
75,6744
-256,6745
42,6746
-291,6747
-302,6748
31,6749
-284,6750
25,6751
34,6752
-303,6753
40,6754
-282,6755
53,6756
92,6757
25,6758
24,6759
30,6760
-267,6761
42,6762
99,6763
57,6764
28,6765
49,6766
66,6767
84,6768
62,6769
64,6770
62,6771
39,6772
52,6773
-301,6774
37,6775
28,6776
31,6777
-269,6778
-283,6779
51,6780
71,6781
25,6782
-262,6783
44,6784
-293,6785
28,6786
31,6787
49,6788
89,6789
25,6790
-300,6791
60,6792
56,6793
34,6794
55,6795
53,6796
33,6797
50,6798
33,6799
41,6800
89,6801
43,6802
-302,6803
68,6804
53,6805
-294,6806
-272,6807
-260,6808
24,6809
43,6810
37,6811
58,6812
43,6813
25,6814
38,6815
44,6816
25,6817
53,6818
48,6819
-301,6820
-286,6821
34,6822
59,6823
25,6824
-288,6825
-277,6826
-302,6827
35,6828
61,6829
166,6830
55,6831
27,6832
33,6833
29,6834
28,6835
28,6836
28,6837
69,6838
-282,6839
105,6840
49,6841
35,6842
-306,6843
43,6844
-245,6845
41,6846
66,6847
28,6848
117,6849
25,6850
-290,6851
-288,6852
118,6853
56,6854
-297,6855
34,6856
-286,6857
44,6858
-279,6859
26,6860
-297,6861
41,6862
30,6863
-294,6864
28,6865
31,6866
-288,6867
28,6868
38,6869
53,6870
107,6871
56,6872
-268,6873
95,6874
-300,6875
49,6876
25,6877
75,6878
35,6879
62,6880
166,6881
65,6882
57,6883
36,6884
-239,6885
42,6886
41,6887
119,6888
-273,6889
31,6890
70,6891
58,6892
41,6893
58,6894
39,6895
25,6896
70,6897
38,6898
46,6899
78,6900
94,6901
34,6902
-300,6903
27,6904
97,6905
110,6906
33,6907
140,6908
54,6909
60,6910
-294,6911
77,6912
85,6913
35,6914
33,6915
48,6916
-234,6917
47,6918
42,6919
33,6920
106,6921
27,6922
-292,6923
-300,6924
-303,6925
56,6926
60,6927
89,6928
-285,6929
28,6930
-301,6931
54,6932
-301,6933
38,6934
57,6935
-234,6936
40,6937
25,6938
49,6939
54,6940
34,6941
-236,6942
-285,6943
24,6944
-224,6945
-287,6946
75,6947
42,6948
25,6949
88,6950
74,6951
38,6952
76,6953
25,6954
57,6955
39,6956
25,6957
55,6958
56,6959
65,6960
64,6961
91,6962
-275,6963
33,6964
-260,6965
-298,6966
36,6967
79,6968
58,6969
43,6970
29,6971
-286,6972
-285,6973
80,6974
28,6975
56,6976
69,6977
32,6978
105,6979
30,6980
56,6981
-289,6982
45,6983
33,6984
-303,6985
52,6986
69,6987
55,6988
-295,6989
107,6990
28,6991
25,6992
55,6993
25,6994
25,6995
48,6996
68,6997
-244,6998
30,6999
43,7000
65,7001
35,7002
95,7003
31,7004
25,7005
46,7006
45,7007
57,7008
61,7009
57,7010
70,7011
-249,7012
-300,7013
39,7014
27,7015
65,7016
43,7017
31,7018
40,7019
24,7020
139,7021
46,7022
-256,7023
-260,7024
-291,7025
44,7026
25,7027
-258,7028
53,7029
70,7030
-221,7031
49,7032
-241,7033
36,7034
-282,7035
-255,7036
78,7037
64,7038
40,7039
71,7040
58,7041
36,7042
92,7043
83,7044
40,7045
-292,7046
56,7047
51,7048
33,7049
77,7050
89,7051
44,7052
25,7053
37,7054
25,7055
-295,7056
63,7057
67,7058
104,7059
50,7060
-274,7061
25,7062
56,7063
-269,7064
41,7065
-245,7066
-300,7067
-295,7068
34,7069
32,7070
-249,7071
28,7072
-267,7073
69,7074
28,7075
35,7076
73,7077
-286,7078
59,7079
-260,7080
-289,7081
66,7082
85,7083
100,7084
56,7085
145,7086
-277,7087
-279,7088
55,7089
68,7090
46,7091
54,7092
36,7093
76,7094
56,7095
52,7096
73,7097
47,7098
56,7099
54,7100
57,7101
47,7102
42,7103
-268,7104
29,7105
22,7106
65,7107
58,7108
-264,7109
63,7110
25,7111
126,7112
50,7113
72,7114
25,7115
54,7116
70,7117
-286,7118
55,7119
63,7120
55,7121
62,7122
51,7123
-300,7124
40,7125
-281,7126
30,7127
41,7128
39,7129
28,7130
96,7131
54,7132
-216,7133
42,7134
89,7135
43,7136
40,7137
-276,7138
63,7139
75,7140
-301,7141
31,7142
-172,7143
24,7144
-298,7145
35,7146
47,7147
28,7148
24,7149
73,7150
25,7151
-288,7152
61,7153
53,7154
25,7155
81,7156
45,7157
44,7158
-292,7159
42,7160
-258,7161
71,7162
33,7163
42,7164
28,7165
25,7166
47,7167
24,7168
25,7169
54,7170
45,7171
34,7172
100,7173
53,7174
45,7175
68,7176
65,7177
34,7178
46,7179
49,7180
50,7181
40,7182
54,7183
31,7184
112,7185
30,7186
81,7187
113,7188
35,7189
51,7190
73,7191
65,7192
42,7193
65,7194
28,7195
-275,7196
-295,7197
104,7198
60,7199
-300,7200
-275,7201
52,7202
49,7203
60,7204
26,7205
37,7206
25,7207
49,7208
33,7209
61,7210
54,7211
32,7212
27,7213
58,7214
84,7215
53,7216
82,7217
30,7218
24,7219
-295,7220
68,7221
-272,7222
-299,7223
80,7224
-286,7225
34,7226
68,7227
76,7228
68,7229
69,7230
-283,7231
-269,7232
57,7233
61,7234
48,7235
-294,7236
33,7237
102,7238
30,7239
-291,7240
46,7241
-291,7242
25,7243
-287,7244
-282,7245
25,7246
34,7247
-290,7248
106,7249
56,7250
51,7251
46,7252
39,7253
25,7254
93,7255
31,7256
63,7257
25,7258
86,7259
55,7260
60,7261
73,7262
25,7263
28,7264
28,7265
49,7266
-272,7267
-287,7268
109,7269
30,7270
35,7271
-238,7272
-286,7273
54,7274
-246,7275
54,7276
75,7277
68,7278
25,7279
25,7280
-287,7281
33,7282
180,7283
81,7284
40,7285
25,7286
79,7287
24,7288
-276,7289
179,7290
-275,7291
51,7292
28,7293
37,7294
54,7295
25,7296
83,7297
75,7298
36,7299
57,7300
-261,7301
64,7302
-294,7303
39,7304
51,7305
-255,7306
37,7307
34,7308
70,7309
52,7310
42,7311
71,7312
46,7313
104,7314
49,7315
-281,7316
71,7317
163,7318
29,7319
42,7320
31,7321
89,7322
45,7323
90,7324
70,7325
56,7326
65,7327
-295,7328
26,7329
-300,7330
58,7331
107,7332
41,7333
50,7334
38,7335
-269,7336
48,7337
64,7338
36,7339
81,7340
25,7341
30,7342
41,7343
-295,7344
56,7345
90,7346
94,7347
43,7348
-268,7349
50,7350
32,7351
56,7352
-276,7353
104,7354
27,7355
-277,7356
49,7357
-247,7358
46,7359
34,7360
60,7361
56,7362
44,7363
45,7364
45,7365
-255,7366
33,7367
41,7368
74,7369
-295,7370
31,7371
36,7372
-214,7373
32,7374
35,7375
54,7376
34,7377
92,7378
-300,7379
59,7380
63,7381
104,7382
24,7383
59,7384
86,7385
166,7386
24,7387
40,7388
31,7389
117,7390
35,7391
54,7392
-254,7393
76,7394
39,7395
47,7396
69,7397
25,7398
34,7399
65,7400
41,7401
-272,7402
46,7403
25,7404
-263,7405
121,7406
71,7407
-296,7408
52,7409
51,7410
25,7411
-301,7412
60,7413
-291,7414
66,7415
41,7416
138,7417
87,7418
105,7419
77,7420
57,7421
48,7422
-292,7423
69,7424
45,7425
32,7426
34,7427
28,7428
25,7429
69,7430
65,7431
77,7432
96,7433
67,7434
-237,7435
-275,7436
51,7437
87,7438
-270,7439
48,7440
30,7441
-292,7442
67,7443
-288,7444
110,7445
73,7446
39,7447
67,7448
25,7449
52,7450
25,7451
86,7452
43,7453
32,7454
69,7455
39,7456
60,7457
43,7458
58,7459
132,7460
42,7461
-267,7462
47,7463
-252,7464
59,7465
37,7466
50,7467
39,7468
32,7469
-241,7470
53,7471
71,7472
77,7473
35,7474
50,7475
25,7476
45,7477
99,7478
25,7479
-300,7480
45,7481
102,7482
-258,7483
39,7484
42,7485
-255,7486
25,7487
70,7488
27,7489
51,7490
61,7491
-246,7492
91,7493
57,7494
36,7495
47,7496
28,7497
24,7498
83,7499
70,7500
-296,7501
36,7502
24,7503
44,7504
80,7505
34,7506
-240,7507
25,7508
53,7509
-240,7510
75,7511
47,7512
53,7513
39,7514
23,7515
63,7516
52,7517
31,7518
-217,7519
33,7520
48,7521
58,7522
68,7523
-298,7524
48,7525
49,7526
47,7527
102,7528
25,7529
-276,7530
36,7531
52,7532
-292,7533
74,7534
98,7535
43,7536
140,7537
82,7538
44,7539
58,7540
-210,7541
60,7542
28,7543
-279,7544
36,7545
46,7546
39,7547
28,7548
-287,7549
28,7550
-164,7551
128,7552
42,7553
59,7554
55,7555
37,7556
75,7557
34,7558
32,7559
37,7560
55,7561
33,7562
37,7563
86,7564
-295,7565
76,7566
38,7567
88,7568
40,7569
25,7570
25,7571
48,7572
34,7573
44,7574
58,7575
32,7576
31,7577
30,7578
81,7579
123,7580
28,7581
-287,7582
57,7583
25,7584
-300,7585
-266,7586
33,7587
87,7588
51,7589
31,7590
50,7591
69,7592
49,7593
-233,7594
47,7595
24,7596
49,7597
28,7598
67,7599
88,7600
-263,7601
37,7602
60,7603
-259,7604
159,7605
28,7606
44,7607
68,7608
-274,7609
28,7610
30,7611
31,7612
34,7613
81,7614
-292,7615
74,7616
45,7617
43,7618
-265,7619
40,7620
-297,7621
25,7622
56,7623
65,7624
-298,7625
76,7626
79,7627
28,7628
44,7629
-216,7630
44,7631
86,7632
32,7633
100,7634
31,7635
24,7636
61,7637
45,7638
49,7639
-294,7640
28,7641
42,7642
-254,7643
60,7644
120,7645
118,7646
24,7647
59,7648
-297,7649
72,7650
65,7651
62,7652
-292,7653
58,7654
25,7655
56,7656
-296,7657
61,7658
-259,7659
70,7660
-297,7661
28,7662
50,7663
64,7664
34,7665
28,7666
75,7667
43,7668
71,7669
43,7670
30,7671
105,7672
31,7673
48,7674
32,7675
100,7676
-300,7677
57,7678
41,7679
64,7680
78,7681
41,7682
49,7683
62,7684
68,7685
28,7686
55,7687
103,7688
105,7689
51,7690
-220,7691
79,7692
38,7693
111,7694
-223,7695
33,7696
37,7697
-259,7698
45,7699
56,7700
30,7701
60,7702
-257,7703
65,7704
68,7705
36,7706
94,7707
67,7708
35,7709
-303,7710
36,7711
51,7712
69,7713
-289,7714
60,7715
-278,7716
70,7717
54,7718
28,7719
78,7720
93,7721
63,7722
-297,7723
36,7724
43,7725
45,7726
-296,7727
31,7728
97,7729
48,7730
-295,7731
66,7732
81,7733
43,7734
28,7735
45,7736
47,7737
38,7738
-272,7739
64,7740
-295,7741
33,7742
32,7743
64,7744
44,7745
24,7746
88,7747
-288,7748
-298,7749
66,7750
82,7751
48,7752
48,7753
-295,7754
31,7755
186,7756
142,7757
-291,7758
84,7759
56,7760
28,7761
-238,7762
25,7763
42,7764
36,7765
36,7766
63,7767
53,7768
34,7769
-255,7770
24,7771
34,7772
100,7773
-302,7774
42,7775
48,7776
122,7777
106,7778
-297,7779
-301,7780
42,7781
68,7782
34,7783
101,7784
98,7785
-252,7786
45,7787
52,7788
28,7789
41,7790
68,7791
33,7792
54,7793
-296,7794
-288,7795
28,7796
47,7797
31,7798
48,7799
66,7800
93,7801
35,7802
41,7803
51,7804
-300,7805
48,7806
74,7807
39,7808
40,7809
56,7810
108,7811
123,7812
-290,7813
40,7814
34,7815
52,7816
65,7817
-298,7818
40,7819
-276,7820
25,7821
31,7822
25,7823
28,7824
36,7825
70,7826
-253,7827
67,7828
-291,7829
58,7830
32,7831
24,7832
-273,7833
34,7834
77,7835
28,7836
25,7837
-221,7838
-252,7839
33,7840
37,7841
36,7842
33,7843
48,7844
48,7845
-279,7846
34,7847
50,7848
48,7849
65,7850
25,7851
169,7852
25,7853
-295,7854
-259,7855
52,7856
34,7857
-292,7858
-294,7859
127,7860
25,7861
94,7862
54,7863
-269,7864
56,7865
45,7866
71,7867
-300,7868
36,7869
36,7870
36,7871
66,7872
-273,7873
-293,7874
59,7875
-266,7876
77,7877
53,7878
25,7879
-300,7880
57,7881
30,7882
71,7883
53,7884
50,7885
-264,7886
64,7887
50,7888
127,7889
59,7890
34,7891
82,7892
57,7893
36,7894
-246,7895
60,7896
106,7897
65,7898
-272,7899
44,7900
70,7901
73,7902
56,7903
68,7904
76,7905
38,7906
39,7907
76,7908
-270,7909
-271,7910
-284,7911
73,7912
-297,7913
24,7914
33,7915
43,7916
105,7917
-298,7918
39,7919
59,7920
31,7921
28,7922
25,7923
136,7924
74,7925
63,7926
192,7927
34,7928
58,7929
96,7930
51,7931
36,7932
25,7933
110,7934
24,7935
65,7936
28,7937
47,7938
-289,7939
74,7940
27,7941
28,7942
51,7943
-300,7944
50,7945
49,7946
78,7947
103,7948
28,7949
-300,7950
25,7951
-272,7952
25,7953
28,7954
31,7955
43,7956
113,7957
24,7958
129,7959
52,7960
40,7961
46,7962
35,7963
71,7964
28,7965
78,7966
50,7967
35,7968
201,7969
62,7970
-296,7971
41,7972
49,7973
86,7974
37,7975
28,7976
28,7977
38,7978
31,7979
25,7980
-246,7981
46,7982
45,7983
58,7984
-244,7985
25,7986
-297,7987
28,7988
40,7989
58,7990
-268,7991
96,7992
86,7993
62,7994
68,7995
59,7996
54,7997
40,7998
28,7999
101,8000
31,8001
36,8002
107,8003
25,8004
63,8005
113,8006
-286,8007
94,8008
106,8009
33,8010
-279,8011
-285,8012
35,8013
27,8014
37,8015
38,8016
135,8017
71,8018
54,8019
76,8020
54,8021
50,8022
70,8023
33,8024
68,8025
65,8026
116,8027
43,8028
73,8029
28,8030
-271,8031
32,8032
38,8033
51,8034
77,8035
51,8036
99,8037
31,8038
83,8039
47,8040
-298,8041
58,8042
28,8043
-256,8044
56,8045
56,8046
-249,8047
24,8048
57,8049
-298,8050
-292,8051
113,8052
55,8053
31,8054
34,8055
104,8056
-296,8057
28,8058
24,8059
35,8060
46,8061
33,8062
36,8063
88,8064
23,8065
31,8066
24,8067
106,8068
87,8069
-290,8070
124,8071
49,8072
37,8073
47,8074
24,8075
59,8076
142,8077
72,8078
-284,8079
63,8080
-247,8081
48,8082
34,8083
113,8084
31,8085
36,8086
74,8087
57,8088
75,8089
42,8090
31,8091
57,8092
49,8093
47,8094
69,8095
-298,8096
-290,8097
69,8098
-252,8099
50,8100
33,8101
120,8102
72,8103
30,8104
24,8105
49,8106
-294,8107
41,8108
51,8109
40,8110
49,8111
25,8112
79,8113
30,8114
75,8115
30,8116
55,8117
-299,8118
-292,8119
25,8120
-191,8121
71,8122
28,8123
49,8124
30,8125
42,8126
-295,8127
36,8128
28,8129
69,8130
28,8131
84,8132
66,8133
69,8134
24,8135
44,8136
25,8137
-271,8138
-290,8139
67,8140
-295,8141
121,8142
85,8143
47,8144
50,8145
29,8146
-292,8147
64,8148
25,8149
73,8150
42,8151
-278,8152
33,8153
46,8154
74,8155
-287,8156
24,8157
29,8158
56,8159
70,8160
-269,8161
28,8162
35,8163
35,8164
40,8165
32,8166
40,8167
28,8168
62,8169
45,8170
62,8171
-300,8172
41,8173
-305,8174
-300,8175
33,8176
72,8177
49,8178
-286,8179
77,8180
28,8181
56,8182
41,8183
69,8184
53,8185
25,8186
84,8187
25,8188
55,8189
53,8190
60,8191
98,8192
-293,8193
-244,8194
27,8195
27,8196
48,8197
33,8198
41,8199
31,8200
48,8201
62,8202
56,8203
49,8204
-267,8205
56,8206
28,8207
48,8208
33,8209
45,8210
24,8211
101,8212
45,8213
71,8214
-264,8215
120,8216
61,8217
33,8218
92,8219
48,8220
91,8221
86,8222
-267,8223
-266,8224
-237,8225
94,8226
67,8227
83,8228
39,8229
28,8230
85,8231
44,8232
27,8233
34,8234
52,8235
59,8236
24,8237
50,8238
-288,8239
75,8240
106,8241
49,8242
104,8243
39,8244
63,8245
76,8246
65,8247
-267,8248
38,8249
25,8250
86,8251
38,8252
97,8253
32,8254
43,8255
63,8256
58,8257
-283,8258
37,8259
27,8260
27,8261
59,8262
35,8263
25,8264
52,8265
69,8266
49,8267
-268,8268
80,8269
34,8270
-294,8271
84,8272
36,8273
33,8274
44,8275
115,8276
25,8277
68,8278
62,8279
85,8280
76,8281
27,8282
48,8283
46,8284
37,8285
-279,8286
-283,8287
43,8288
-283,8289
42,8290
49,8291
41,8292
-285,8293
34,8294
76,8295
42,8296
73,8297
34,8298
37,8299
78,8300
32,8301
-273,8302
57,8303
47,8304
28,8305
52,8306
-296,8307
64,8308
58,8309
83,8310
33,8311
27,8312
28,8313
34,8314
67,8315
47,8316
64,8317
184,8318
55,8319
117,8320
31,8321
38,8322
57,8323
37,8324
-300,8325
-295,8326
48,8327
48,8328
68,8329
28,8330
122,8331
45,8332
69,8333
36,8334
51,8335
-293,8336
84,8337
36,8338
-276,8339
24,8340
55,8341
82,8342
-300,8343
48,8344
-260,8345
-270,8346
34,8347
44,8348
54,8349
45,8350
25,8351
31,8352
109,8353
35,8354
24,8355
49,8356
25,8357
58,8358
76,8359
25,8360
45,8361
-269,8362
36,8363
25,8364
111,8365
40,8366
50,8367
-304,8368
46,8369
99,8370
55,8371
34,8372
-269,8373
37,8374
-300,8375
34,8376
43,8377
33,8378
114,8379
-296,8380
67,8381
45,8382
46,8383
25,8384
27,8385
62,8386
51,8387
73,8388
65,8389
105,8390
95,8391
74,8392
54,8393
88,8394
44,8395
24,8396
-289,8397
76,8398
121,8399
53,8400
29,8401
28,8402
74,8403
80,8404
70,8405
77,8406
74,8407
-302,8408
-288,8409
63,8410
25,8411
33,8412
-295,8413
84,8414
27,8415
40,8416
38,8417
44,8418
42,8419
51,8420
25,8421
-300,8422
31,8423
118,8424
49,8425
37,8426
57,8427
92,8428
38,8429
-300,8430
33,8431
-300,8432
36,8433
-259,8434
61,8435
67,8436
-261,8437
77,8438
28,8439
36,8440
-303,8441
63,8442
103,8443
31,8444
-287,8445
116,8446
25,8447
36,8448
-253,8449
46,8450
95,8451
25,8452
33,8453
51,8454
82,8455
30,8456
56,8457
40,8458
30,8459
38,8460
69,8461
59,8462
37,8463
36,8464
50,8465
28,8466
93,8467
38,8468
45,8469
28,8470
75,8471
86,8472
-295,8473
59,8474
52,8475
38,8476
-260,8477
68,8478
29,8479
-288,8480
94,8481
53,8482
25,8483
52,8484
43,8485
-295,8486
24,8487
36,8488
-278,8489
46,8490
57,8491
69,8492
54,8493
77,8494
49,8495
30,8496
39,8497
34,8498
-300,8499
-210,8500
38,8501
39,8502
-299,8503
66,8504
-291,8505
77,8506
46,8507
33,8508
-227,8509
65,8510
42,8511
46,8512
-277,8513
36,8514
69,8515
54,8516
135,8517
25,8518
103,8519
33,8520
24,8521
52,8522
45,8523
43,8524
40,8525
25,8526
39,8527
43,8528
-269,8529
36,8530
36,8531
66,8532
30,8533
33,8534
-283,8535
58,8536
-299,8537
49,8538
25,8539
71,8540
34,8541
28,8542
39,8543
44,8544
53,8545
46,8546
-276,8547
64,8548
28,8549
25,8550
-272,8551
32,8552
-282,8553
26,8554
-286,8555
-302,8556
38,8557
49,8558
33,8559
46,8560
86,8561
46,8562
46,8563
24,8564
39,8565
-258,8566
50,8567
76,8568
68,8569
28,8570
42,8571
49,8572
-300,8573
54,8574
25,8575
25,8576
39,8577
53,8578
56,8579
-251,8580
-289,8581
-296,8582
40,8583
50,8584
40,8585
59,8586
96,8587
25,8588
34,8589
30,8590
47,8591
59,8592
43,8593
25,8594
44,8595
-273,8596
32,8597
25,8598
-285,8599
26,8600
66,8601
55,8602
35,8603
31,8604
79,8605
33,8606
77,8607
40,8608
62,8609
82,8610
58,8611
74,8612
72,8613
55,8614
-171,8615
128,8616
89,8617
-289,8618
-295,8619
34,8620
-285,8621
-294,8622
-289,8623
-286,8624
72,8625
35,8626
28,8627
-299,8628
25,8629
25,8630
45,8631
-294,8632
129,8633
101,8634
36,8635
-239,8636
38,8637
60,8638
26,8639
67,8640
-295,8641
-261,8642
67,8643
-300,8644
25,8645
37,8646
-223,8647
58,8648
42,8649
52,8650
31,8651
36,8652
41,8653
41,8654
-285,8655
28,8656
25,8657
111,8658
31,8659
46,8660
33,8661
38,8662
63,8663
54,8664
31,8665
38,8666
62,8667
73,8668
33,8669
53,8670
-267,8671
-273,8672
54,8673
46,8674
47,8675
31,8676
41,8677
29,8678
30,8679
56,8680
34,8681
72,8682
40,8683
37,8684
132,8685
88,8686
73,8687
-284,8688
-279,8689
57,8690
66,8691
26,8692
39,8693
48,8694
58,8695
36,8696
126,8697
25,8698
-281,8699
61,8700
50,8701
-300,8702
60,8703
143,8704
30,8705
47,8706
-292,8707
36,8708
60,8709
40,8710
68,8711
85,8712
49,8713
54,8714
84,8715
57,8716
-272,8717
53,8718
25,8719
59,8720
34,8721
-297,8722
62,8723
70,8724
80,8725
54,8726
44,8727
91,8728
-294,8729
40,8730
31,8731
-285,8732
95,8733
36,8734
25,8735
49,8736
-219,8737
-298,8738
62,8739
55,8740
32,8741
25,8742
68,8743
44,8744
48,8745
71,8746
-269,8747
62,8748
47,8749
-300,8750
78,8751
39,8752
80,8753
-274,8754
79,8755
72,8756
35,8757
63,8758
27,8759
94,8760
43,8761
24,8762
26,8763
34,8764
40,8765
49,8766
63,8767
55,8768
30,8769
44,8770
37,8771
39,8772
44,8773
-296,8774
44,8775
33,8776
39,8777
72,8778
103,8779
61,8780
47,8781
40,8782
-246,8783
-280,8784
-294,8785
112,8786
-272,8787
-300,8788
28,8789
-268,8790
61,8791
-261,8792
41,8793
64,8794
59,8795
99,8796
68,8797
36,8798
-281,8799
39,8800
42,8801
39,8802
70,8803
25,8804
79,8805
45,8806
66,8807
28,8808
-268,8809
41,8810
77,8811
51,8812
59,8813
34,8814
64,8815
61,8816
25,8817
43,8818
-279,8819
33,8820
64,8821
107,8822
46,8823
27,8824
34,8825
55,8826
28,8827
43,8828
22,8829
-261,8830
25,8831
41,8832
35,8833
-300,8834
25,8835
54,8836
52,8837
35,8838
34,8839
48,8840
63,8841
88,8842
25,8843
-296,8844
33,8845
65,8846
57,8847
51,8848
102,8849
90,8850
48,8851
30,8852
31,8853
25,8854
-267,8855
34,8856
29,8857
50,8858
36,8859
52,8860
76,8861
120,8862
29,8863
-295,8864
-268,8865
-294,8866
34,8867
87,8868
62,8869
59,8870
60,8871
69,8872
27,8873
-258,8874
93,8875
76,8876
25,8877
40,8878
34,8879
79,8880
28,8881
117,8882
37,8883
46,8884
44,8885
60,8886
45,8887
-278,8888
57,8889
25,8890
46,8891
51,8892
42,8893
36,8894
40,8895
58,8896
113,8897
58,8898
50,8899
27,8900
32,8901
60,8902
25,8903
39,8904
25,8905
43,8906
-266,8907
109,8908
30,8909
41,8910
39,8911
111,8912
58,8913
66,8914
69,8915
-297,8916
-300,8917
87,8918
-267,8919
-287,8920
73,8921
97,8922
80,8923
40,8924
27,8925
63,8926
44,8927
-228,8928
44,8929
69,8930
-235,8931
-298,8932
-300,8933
-287,8934
69,8935
49,8936
40,8937
69,8938
39,8939
66,8940
42,8941
49,8942
41,8943
44,8944
74,8945
68,8946
28,8947
30,8948
63,8949
73,8950
31,8951
38,8952
71,8953
-278,8954
-279,8955
-298,8956
-259,8957
37,8958
28,8959
28,8960
-280,8961
67,8962
39,8963
-294,8964
61,8965
38,8966
-240,8967
59,8968
45,8969
-290,8970
74,8971
30,8972
56,8973
-301,8974
75,8975
71,8976
44,8977
57,8978
84,8979
33,8980
30,8981
68,8982
83,8983
-231,8984
56,8985
40,8986
34,8987
55,8988
35,8989
47,8990
39,8991
38,8992
25,8993
28,8994
30,8995
25,8996
75,8997
84,8998
111,8999
-243,9000
28,9001
-277,9002
28,9003
33,9004
41,9005
34,9006
45,9007
28,9008
34,9009
33,9010
50,9011
29,9012
45,9013
118,9014
-280,9015
115,9016
33,9017
73,9018
115,9019
35,9020
-217,9021
92,9022
25,9023
53,9024
49,9025
-298,9026
42,9027
31,9028
30,9029
47,9030
44,9031
85,9032
75,9033
88,9034
64,9035
168,9036
61,9037
28,9038
28,9039
35,9040
102,9041
31,9042
112,9043
41,9044
-300,9045
-237,9046
59,9047
25,9048
37,9049
31,9050
50,9051
52,9052
25,9053
49,9054
30,9055
-275,9056
25,9057
-297,9058
24,9059
28,9060
57,9061
80,9062
76,9063
25,9064
33,9065
30,9066
24,9067
44,9068
24,9069
-300,9070
-286,9071
28,9072
61,9073
31,9074
72,9075
38,9076
33,9077
31,9078
45,9079
62,9080
32,9081
82,9082
95,9083
121,9084
89,9085
79,9086
42,9087
-302,9088
52,9089
54,9090
45,9091
39,9092
37,9093
63,9094
34,9095
107,9096
27,9097
106,9098
37,9099
60,9100
97,9101
-276,9102
34,9103
28,9104
-288,9105
34,9106
25,9107
48,9108
35,9109
56,9110
25,9111
52,9112
25,9113
72,9114
38,9115
36,9116
-299,9117
25,9118
48,9119
33,9120
101,9121
25,9122
50,9123
53,9124
28,9125
129,9126
41,9127
41,9128
46,9129
35,9130
34,9131
25,9132
36,9133
47,9134
54,9135
52,9136
34,9137
28,9138
25,9139
28,9140
62,9141
32,9142
65,9143
36,9144
-271,9145
106,9146
31,9147
37,9148
53,9149
34,9150
82,9151
51,9152
-295,9153
49,9154
-270,9155
43,9156
63,9157
25,9158
76,9159
73,9160
52,9161
35,9162
-302,9163
47,9164
25,9165
109,9166
68,9167
33,9168
38,9169
40,9170
46,9171
48,9172
52,9173
38,9174
45,9175
63,9176
-232,9177
63,9178
39,9179
34,9180
25,9181
25,9182
160,9183
36,9184
43,9185
55,9186
-224,9187
59,9188
-285,9189
31,9190
28,9191
24,9192
27,9193
48,9194
28,9195
-222,9196
70,9197
60,9198
58,9199
43,9200
70,9201
29,9202
31,9203
47,9204
-231,9205
-292,9206
83,9207
-301,9208
38,9209
63,9210
-297,9211
65,9212
71,9213
33,9214
-260,9215
25,9216
30,9217
53,9218
25,9219
39,9220
30,9221
61,9222
69,9223
27,9224
78,9225
64,9226
25,9227
24,9228
-277,9229
28,9230
-299,9231
46,9232
107,9233
61,9234
64,9235
87,9236
68,9237
75,9238
28,9239
77,9240
73,9241
44,9242
122,9243
46,9244
36,9245
59,9246
34,9247
-278,9248
32,9249
53,9250
128,9251
88,9252
50,9253
-279,9254
113,9255
-297,9256
85,9257
32,9258
60,9259
82,9260
28,9261
25,9262
86,9263
-250,9264
88,9265
58,9266
182,9267
52,9268
25,9269
55,9270
55,9271
-301,9272
-291,9273
-253,9274
37,9275
46,9276
-273,9277
-298,9278
-287,9279
60,9280
51,9281
51,9282
-302,9283
53,9284
-252,9285
28,9286
73,9287
92,9288
63,9289
40,9290
39,9291
70,9292
56,9293
-259,9294
80,9295
62,9296
-303,9297
34,9298
-235,9299
27,9300
28,9301
57,9302
-249,9303
112,9304
31,9305
-291,9306
44,9307
28,9308
51,9309
-300,9310
37,9311
33,9312
66,9313
67,9314
55,9315
-291,9316
41,9317
75,9318
69,9319
75,9320
25,9321
150,9322
28,9323
48,9324
34,9325
33,9326
25,9327
31,9328
30,9329
52,9330
41,9331
58,9332
41,9333
44,9334
63,9335
-288,9336
92,9337
53,9338
40,9339
97,9340
63,9341
30,9342
30,9343
79,9344
25,9345
47,9346
-274,9347
24,9348
54,9349
93,9350
53,9351
30,9352
45,9353
-285,9354
46,9355
-302,9356
68,9357
39,9358
35,9359
149,9360
30,9361
48,9362
67,9363
33,9364
47,9365
115,9366
25,9367
72,9368
50,9369
52,9370
40,9371
56,9372
-270,9373
33,9374
37,9375
56,9376
-278,9377
41,9378
59,9379
-278,9380
31,9381
49,9382
52,9383
65,9384
43,9385
56,9386
28,9387
25,9388
97,9389
41,9390
28,9391
40,9392
39,9393
41,9394
-297,9395
58,9396
-266,9397
25,9398
40,9399
42,9400
46,9401
59,9402
46,9403
31,9404
-288,9405
58,9406
70,9407
31,9408
25,9409
86,9410
77,9411
50,9412
37,9413
38,9414
50,9415
54,9416
-301,9417
88,9418
25,9419
36,9420
56,9421
69,9422
30,9423
51,9424
82,9425
116,9426
102,9427
39,9428
49,9429
42,9430
59,9431
129,9432
37,9433
35,9434
40,9435
25,9436
62,9437
67,9438
94,9439
28,9440
54,9441
128,9442
-238,9443
25,9444
31,9445
46,9446
-300,9447
33,9448
44,9449
45,9450
55,9451
25,9452
-213,9453
28,9454
35,9455
-262,9456
44,9457
55,9458
75,9459
-276,9460
63,9461
25,9462
42,9463
-293,9464
25,9465
43,9466
51,9467
62,9468
52,9469
58,9470
33,9471
53,9472
25,9473
84,9474
65,9475
64,9476
40,9477
34,9478
24,9479
56,9480
30,9481
109,9482
52,9483
47,9484
38,9485
81,9486
86,9487
58,9488
-262,9489
80,9490
25,9491
-300,9492
137,9493
124,9494
34,9495
-301,9496
46,9497
25,9498
38,9499
106,9500
52,9501
79,9502
25,9503
59,9504
34,9505
42,9506
31,9507
25,9508
39,9509
55,9510
25,9511
25,9512
35,9513
70,9514
31,9515
44,9516
25,9517
28,9518
27,9519
47,9520
29,9521
31,9522
50,9523
34,9524
83,9525
78,9526
39,9527
50,9528
30,9529
-282,9530
40,9531
43,9532
54,9533
50,9534
53,9535
25,9536
27,9537
25,9538
-257,9539
25,9540
41,9541
28,9542
53,9543
102,9544
178,9545
-276,9546
39,9547
25,9548
91,9549
25,9550
31,9551
56,9552
124,9553
31,9554
25,9555
37,9556
48,9557
50,9558
71,9559
40,9560
45,9561
25,9562
71,9563
110,9564
25,9565
28,9566
40,9567
69,9568
33,9569
-295,9570
-262,9571
25,9572
66,9573
61,9574
46,9575
84,9576
68,9577
31,9578
24,9579
60,9580
33,9581
77,9582
43,9583
37,9584
74,9585
24,9586
28,9587
-279,9588
46,9589
33,9590
30,9591
64,9592
24,9593
25,9594
67,9595
24,9596
49,9597
37,9598
40,9599
25,9600
63,9601
-273,9602
38,9603
30,9604
40,9605
41,9606
31,9607
-268,9608
89,9609
90,9610
56,9611
44,9612
-244,9613
49,9614
64,9615
47,9616
46,9617
52,9618
-291,9619
104,9620
41,9621
69,9622
96,9623
151,9624
-254,9625
33,9626
25,9627
54,9628
27,9629
29,9630
-294,9631
-297,9632
89,9633
46,9634
30,9635
77,9636
38,9637
31,9638
-273,9639
70,9640
40,9641
50,9642
56,9643
60,9644
44,9645
-291,9646
36,9647
-297,9648
54,9649
59,9650
-227,9651
30,9652
44,9653
53,9654
39,9655
49,9656
54,9657
28,9658
48,9659
79,9660
-271,9661
-283,9662
55,9663
65,9664
39,9665
60,9666
46,9667
42,9668
45,9669
37,9670
57,9671
-295,9672
36,9673
57,9674
72,9675
-296,9676
40,9677
25,9678
42,9679
47,9680
38,9681
43,9682
-286,9683
98,9684
62,9685
37,9686
33,9687
28,9688
51,9689
86,9690
80,9691
-298,9692
41,9693
26,9694
30,9695
-284,9696
43,9697
49,9698
59,9699
124,9700
44,9701
65,9702
69,9703
25,9704
45,9705
67,9706
-288,9707
90,9708
32,9709
39,9710
35,9711
52,9712
44,9713
75,9714
60,9715
-261,9716
34,9717
46,9718
56,9719
100,9720
-293,9721
66,9722
-267,9723
55,9724
54,9725
31,9726
33,9727
43,9728
53,9729
63,9730
75,9731
30,9732
53,9733
65,9734
48,9735
25,9736
33,9737
65,9738
53,9739
36,9740
-287,9741
39,9742
60,9743
86,9744
25,9745
-267,9746
91,9747
43,9748
53,9749
25,9750
28,9751
111,9752
25,9753
66,9754
57,9755
35,9756
28,9757
55,9758
46,9759
44,9760
-267,9761
86,9762
26,9763
28,9764
35,9765
81,9766
-297,9767
31,9768
25,9769
65,9770
31,9771
33,9772
28,9773
-292,9774
28,9775
31,9776
34,9777
-293,9778
-300,9779
52,9780
31,9781
80,9782
31,9783
77,9784
65,9785
37,9786
36,9787
71,9788
90,9789
35,9790
59,9791
27,9792
25,9793
-273,9794
37,9795
72,9796
38,9797
-262,9798
24,9799
34,9800
121,9801
43,9802
41,9803
85,9804
30,9805
28,9806
32,9807
37,9808
90,9809
55,9810
-300,9811
120,9812
41,9813
116,9814
-233,9815
86,9816
29,9817
51,9818
36,9819
56,9820
78,9821
141,9822
43,9823
28,9824
28,9825
27,9826
25,9827
31,9828
-274,9829
48,9830
28,9831
55,9832
32,9833
25,9834
-296,9835
24,9836
51,9837
68,9838
133,9839
27,9840
68,9841
44,9842
40,9843
56,9844
47,9845
24,9846
39,9847
-288,9848
34,9849
24,9850
31,9851
-295,9852
-259,9853
35,9854
37,9855
25,9856
52,9857
-300,9858
-297,9859
73,9860
25,9861
34,9862
43,9863
100,9864
25,9865
65,9866
34,9867
31,9868
37,9869
66,9870
114,9871
86,9872
80,9873
25,9874
-284,9875
40,9876
25,9877
28,9878
-302,9879
24,9880
47,9881
67,9882
40,9883
50,9884
74,9885
-289,9886
25,9887
43,9888
75,9889
-279,9890
-283,9891
-300,9892
76,9893
119,9894
45,9895
-292,9896
28,9897
94,9898
50,9899
78,9900
66,9901
62,9902
25,9903
25,9904
39,9905
27,9906
60,9907
25,9908
43,9909
87,9910
33,9911
43,9912
65,9913
-288,9914
81,9915
38,9916
64,9917
46,9918
33,9919
158,9920
65,9921
28,9922
58,9923
38,9924
66,9925
59,9926
87,9927
67,9928
65,9929
138,9930
-300,9931
-284,9932
51,9933
43,9934
29,9935
44,9936
28,9937
41,9938
47,9939
94,9940
69,9941
57,9942
-292,9943
41,9944
57,9945
-284,9946
61,9947
57,9948
25,9949
33,9950
52,9951
106,9952
30,9953
135,9954
63,9955
41,9956
77,9957
30,9958
31,9959
48,9960
79,9961
34,9962
71,9963
66,9964
57,9965
52,9966
48,9967
44,9968
34,9969
42,9970
41,9971
72,9972
45,9973
37,9974
43,9975
32,9976
71,9977
48,9978
52,9979
39,9980
25,9981
-303,9982
64,9983
31,9984
46,9985
81,9986
55,9987
86,9988
-300,9989
31,9990
29,9991
25,9992
71,9993
43,9994
76,9995
47,9996
50,9997
56,9998
53,9999
