-309,10,0
25,1,1
23,3,1
-309,10,0
-347,48,0
-300,1,0
-313,14,0
25,1,1
2,24,1
-315,16,0
-300,1,0
25,1,1
-359,60,0
25,1,1
18,8,1
-360,61,0
22,4,1
-308,9,0
-313,14,0
24,2,1
-343,44,0
23,3,1
-5,31,1
-318,19,0
-18,44,1
2,24,1
-18,44,1
-316,17,0
-351,52,0
-18,44,1
-315,16,0
17,9,1
-305,6,0
-313,14,0
15,11,1
-301,2,0
-319,20,0
-310,11,0
21,5,1
3,23,1
-300,1,0
20,6,1
-325,26,0
-9,35,1
-320,21,0
-304,5,0
-301,2,0
-10,36,1
-304,5,0
8,18,1
-15,41,1
-302,3,0
14,12,1
-324,25,0
-343,44,0
-350,51,0
12,14,1
14,12,1
-320,21,0
-331,32,0
12,14,1
-349,50,0
-23,49,1
-302,3,0
25,1,1
-1,27,1
21,5,1
-339,40,0
-328,29,0
-367,68,0
25,1,1
-302,3,0
-300,1,0
-311,12,0
0,26,1
25,1,1
-314,15,0
12,14,1
25,1,1
25,1,1
25,1,1
-327,28,0
-325,26,0
-308,9,0
-353,54,0
-305,6,0
-306,7,0
25,1,1
8,18,1
-343,44,0
5,21,1
25,1,1
-308,9,0
25,1,1
17,9,1
-302,3,0
22,4,1
-307,8,0
-315,16,0
21,5,1
21,5,1
-332,33,0
-302,3,0
25,1,1
-326,27,0
-302,3,0
-324,25,0
25,1,1
-302,3,0
-317,18,0
-310,11,0
10,16,1
-6,32,1
24,2,1
-377,78,0
-305,6,0
-76,102,1
-310,11,0
24,2,1
-336,37,0
-28,54,1
-324,25,0
-301,2,0
18,8,1
14,12,1
-303,4,0
-33,59,1
-321,22,0
-333,34,0
-379,80,0
13,13,1
11,15,1
-42,68,1
23,3,1
25,1,1
25,1,1
-309,10,0
-313,14,0
14,12,1
-300,1,0
-29,55,1
16,10,1
-305,6,0
-352,53,0
-323,24,0
-19,45,1
-367,68,0
-314,15,0
-305,6,0
24,2,1
-312,13,0
16,10,1
25,1,1
-338,39,0
-301,2,0
-315,16,0
25,1,1
22,4,1
-315,16,0
-308,9,0
-305,6,0
-397,98,0
20,6,1
20,6,1
-331,32,0
-346,47,0
16,10,1
18,8,1
-2,28,1
25,1,1
4,22,1
-320,21,0
24,2,1
25,1,1
-310,11,0
-300,1,0
-300,1,0
-324,25,0
-14,40,1
-301,2,0
-300,1,0
22,4,1
-308,9,0
-304,5,0
25,1,1
25,1,1
-302,3,0
-311,12,0
-388,89,0
-414,115,0
-319,20,0
25,1,1
-301,2,0
-380,81,0
15,11,1
24,2,1
16,10,1
-364,65,0
-301,2,0
18,8,1
25,1,1
-306,7,0
11,15,1
-314,15,0
24,2,1
-311,12,0
-1,27,1
22,4,1
-303,4,0
24,2,1
14,12,1
-323,24,0
24,2,1
25,1,1
-308,9,0
-309,10,0
8,18,1
-332,33,0
25,1,1
-312,13,0
-337,38,0
-368,69,0
-325,26,0
22,4,1
0,26,1
-34,60,1
13,13,1
-308,9,0
25,1,1
-58,84,1
17,9,1
-335,36,0
-308,9,0
-322,23,0
-323,24,0
-301,2,0
-4,30,1
23,3,1
-335,36,0
22,4,1
16,10,1
-305,6,0
-302,3,0
25,1,1
-15,41,1
18,8,1
25,1,1
-308,9,0
-326,27,0
-300,1,0
17,9,1
10,16,1
-341,42,0
-305,6,0
25,1,1
-331,32,0
-310,11,0
-301,2,0
1,25,1
25,1,1
23,3,1
-331,32,0
-40,66,1
5,21,1
24,2,1
-303,4,0
-332,33,0
-343,44,0
-300,1,0
-300,1,0
25,1,1
-319,20,0
-322,23,0
-304,5,0
-317,18,0
25,1,1
-1,27,1
24,2,1
-313,14,0
-332,33,0
22,4,1
16,10,1
23,3,1
-318,19,0
7,19,1
-315,16,0
25,1,1
-301,2,0
16,10,1
-29,55,1
-319,20,0
-361,62,0
25,1,1
-323,24,0
25,1,1
-327,28,0
-301,2,0
-300,1,0
25,1,1
25,1,1
-366,67,0
-305,6,0
25,1,1
-303,4,0
-372,73,0
23,3,1
-301,2,0
-307,8,0
-302,3,0
11,15,1
-328,29,0
-304,5,0
5,21,1
-497,198,0
18,8,1
-300,1,0
-304,5,0
-332,33,0
-300,1,0
-312,13,0
8,18,1
25,1,1
25,1,1
-346,47,0
-302,3,0
25,1,1
8,18,1
-12,38,1
-373,74,0
-416,117,0
25,1,1
-316,17,0
-306,7,0
25,1,1
-302,3,0
-335,36,0
25,1,1
-333,34,0
-306,7,0
-374,75,0
7,19,1
22,4,1
21,5,1
20,6,1
-9,35,1
-304,5,0
24,2,1
-300,1,0
23,3,1
-4,30,1
-304,5,0
-25,51,1
23,3,1
-311,12,0
8,18,1
-307,8,0
25,1,1
-6,32,1
-340,41,0
-310,11,0
15,11,1
20,6,1
20,6,1
21,5,1
-314,15,0
25,1,1
21,5,1
-305,6,0
-379,80,0
23,3,1
-303,4,0
-334,35,0
-304,5,0
-305,6,0
25,1,1
-308,9,0
-305,6,0
-18,44,1
3,23,1
-89,115,1
18,8,1
-301,2,0
21,5,1
-305,6,0
22,4,1
-303,4,0
-320,21,0
-311,12,0
-313,14,0
-305,6,0
-341,42,0
-309,10,0
-9,35,1
-336,37,0
-320,21,0
24,2,1
1,25,1
-313,14,0
-308,9,0
24,2,1
20,6,1
-5,31,1
-307,8,0
-307,8,0
25,1,1
-306,7,0
-351,52,0
-36,62,1
-300,1,0
-300,1,0
-318,19,0
-342,43,0
-364,65,0
-307,8,0
-474,175,0
-304,5,0
20,6,1
-341,42,0
-321,22,0
-410,111,0
-359,60,0
-26,52,1
-311,12,0
-304,5,0
-306,7,0
-45,71,1
20,6,1
15,11,1
-366,67,0
-335,36,0
25,1,1
-53,79,1
15,11,1
8,18,1
-312,13,0
-321,22,0
10,16,1
16,10,1
-309,10,0
15,11,1
25,1,1
21,5,1
-304,5,0
24,2,1
-302,3,0
18,8,1
19,7,1
-307,8,0
-301,2,0
24,2,1
-310,11,0
-320,21,0
-301,2,0
-316,17,0
21,5,1
-307,8,0
-19,45,1
10,16,1
25,1,1
4,22,1
25,1,1
25,1,1
-344,45,0
-300,1,0
-301,2,0
24,2,1
-314,15,0
-307,8,0
-11,37,1
23,3,1
-314,15,0
-5,31,1
19,7,1
-308,9,0
-307,8,0
24,2,1
-304,5,0
-307,8,0
-333,34,0
-326,27,0
-301,2,0
-318,19,0
17,9,1
-328,29,0
5,21,1
-302,3,0
25,1,1
-60,86,1
-13,39,1
-301,2,0
0,26,1
18,8,1
-325,26,0
18,8,1
-304,5,0
-323,24,0
-349,50,0
24,2,1
-320,21,0
-31,57,1
14,12,1
-302,3,0
16,10,1
25,1,1
-304,5,0
-315,16,0
-376,77,0
25,1,1
-8,34,1
3,23,1
25,1,1
-327,28,0
-21,47,1
19,7,1
25,1,1
20,6,1
-317,18,0
-301,2,0
-303,4,0
5,21,1
-309,10,0
7,19,1
22,4,1
-327,28,0
22,4,1
11,15,1
20,6,1
-320,21,0
25,1,1
-68,94,1
-303,4,0
-326,27,0
-320,21,0
-332,33,0
-318,19,0
-312,13,0
18,8,1
-316,17,0
14,12,1
-306,7,0
18,8,1
19,7,1
-45,71,1
-320,21,0
-301,2,0
-329,30,0
20,6,1
8,18,1
19,7,1
-334,35,0
-48,74,1
-330,31,0
20,6,1
-306,7,0
-301,2,0
-33,59,1
16,10,1
-341,42,0
-60,86,1
25,1,1
-312,13,0
-300,1,0
-301,2,0
18,8,1
25,1,1
-93,119,1
-300,1,0
-331,32,0
-328,29,0
-310,11,0
17,9,1
-311,12,0
13,13,1
-320,21,0
-303,4,0
-308,9,0
-304,5,0
-305,6,0
-311,12,0
-333,34,0
-353,54,0
-325,26,0
-349,50,0
17,9,1
-339,40,0
-333,34,0
-321,22,0
-305,6,0
-5,31,1
23,3,1
-308,9,0
-300,1,0
-312,13,0
25,1,1
-305,6,0
20,6,1
-345,46,0
-307,8,0
-312,13,0
6,20,1
-312,13,0
-316,17,0
15,11,1
24,2,1
-314,15,0
-366,67,0
-315,16,0
-316,17,0
-334,35,0
25,1,1
25,1,1
-310,11,0
-300,1,0
-27,53,1
-345,46,0
-308,9,0
-313,14,0
17,9,1
-305,6,0
-300,1,0
-317,18,0
-300,1,0
-308,9,0
-302,3,0
-372,73,0
-4,30,1
7,19,1
-312,13,0
24,2,1
18,8,1
24,2,1
-12,38,1
25,1,1
14,12,1
-342,43,0
-329,30,0
-328,29,0
-315,16,0
25,1,1
-76,102,1
10,16,1
12,14,1
-304,5,0
21,5,1
9,17,1
-22,48,1
22,4,1
-438,139,0
-300,1,0
-374,75,0
-393,94,0
25,1,1
-322,23,0
-305,6,0
-300,1,0
-327,28,0
-300,1,0
-375,76,0
-307,8,0
-307,8,0
-350,51,0
21,5,1
-331,32,0
-302,3,0
-339,40,0
24,2,1
-8,34,1
24,2,1
-301,2,0
-348,49,0
25,1,1
14,12,1
24,2,1
-303,4,0
-327,28,0
-303,4,0
23,3,1
-312,13,0
-302,3,0
-312,13,0
-317,18,0
-318,19,0
-345,46,0
13,13,1
-308,9,0
-319,20,0
-331,32,0
25,1,1
4,22,1
-318,19,0
-7,33,1
-343,44,0
-74,100,1
-322,23,0
-300,1,0
20,6,1
-300,1,0
-306,7,0
17,9,1
24,2,1
-310,11,0
9,17,1
24,2,1
-307,8,0
-317,18,0
19,7,1
24,2,1
22,4,1
-313,14,0
-443,144,0
-300,1,0
25,1,1
-365,66,0
23,3,1
-37,63,1
22,4,1
24,2,1
-320,21,0
-300,1,0
19,7,1
-331,32,0
-331,32,0
25,1,1
-355,56,0
-310,11,0
-303,4,0
20,6,1
-313,14,0
15,11,1
-312,13,0
-340,41,0
-308,9,0
-304,5,0
-330,31,0
8,18,1
-322,23,0
11,15,1
-302,3,0
-303,4,0
-312,13,0
-306,7,0
-307,8,0
14,12,1
-322,23,0
-306,7,0
-331,32,0
25,1,1
-301,2,0
-315,16,0
-307,8,0
23,3,1
-302,3,0
-13,39,1
21,5,1
-386,87,0
-308,9,0
25,1,1
-321,22,0
24,2,1
24,2,1
-360,61,0
14,12,1
-322,23,0
25,1,1
25,1,1
-364,65,0
-310,11,0
-331,32,0
-4,30,1
15,11,1
5,21,1
-15,41,1
-416,117,0
-313,14,0
-347,48,0
-307,8,0
-32,58,1
-14,40,1
-322,23,0
11,15,1
-1,27,1
-301,2,0
-59,85,1
-303,4,0
25,1,1
-65,91,1
25,1,1
-334,35,0
-304,5,0
9,17,1
25,1,1
-301,2,0
-303,4,0
24,2,1
25,1,1
10,16,1
-4,30,1
-33,59,1
-301,2,0
-301,2,0
25,1,1
-7,33,1
20,6,1
25,1,1
21,5,1
6,20,1
19,7,1
-5,31,1
25,1,1
-355,56,0
14,12,1
21,5,1
17,9,1
-342,43,0
23,3,1
19,7,1
25,1,1
-328,29,0
-103,129,1
25,1,1
-328,29,0
-305,6,0
-318,19,0
24,2,1
-302,3,0
12,14,1
-342,43,0
-6,32,1
17,9,1
-304,5,0
-315,16,0
-335,36,0
-315,16,0
-309,10,0
7,19,1
3,23,1
-309,10,0
-326,27,0
-314,15,0
-356,57,0
-305,6,0
14,12,1
25,1,1
17,9,1
24,2,1
-325,26,0
-19,45,1
24,2,1
-304,5,0
21,5,1
-300,1,0
-327,28,0
16,10,1
-26,52,1
1,25,1
-300,1,0
-312,13,0
-310,11,0
25,1,1
-303,4,0
-334,35,0
-398,99,0
25,1,1
-340,41,0
-302,3,0
-332,33,0
10,16,1
-300,1,0
24,2,1
-324,25,0
17,9,1
-358,59,0
10,16,1
-309,10,0
-384,85,0
21,5,1
-329,30,0
9,17,1
-303,4,0
0,26,1
-307,8,0
-302,3,0
-317,18,0
-313,14,0
24,2,1
-11,37,1
-312,13,0
-301,2,0
-372,73,0
-305,6,0
-4,30,1
-16,42,1
-352,53,0
-46,72,1
25,1,1
-30,56,1
-320,21,0
15,11,1
18,8,1
-301,2,0
-308,9,0
-96,122,1
-68,94,1
-305,6,0
25,1,1
-312,13,0
-301,2,0
-62,88,1
24,2,1
-306,7,0
-312,13,0
9,17,1
-301,2,0
13,13,1
14,12,1
-317,18,0
15,11,1
20,6,1
22,4,1
20,6,1
-324,25,0
-300,1,0
4,22,1
-18,44,1
6,20,1
-308,9,0
25,1,1
-310,11,0
21,5,1
24,2,1
-19,45,1
22,4,1
25,1,1
25,1,1
-57,83,1
15,11,1
24,2,1
-359,60,0
16,10,1
-301,2,0
-330,31,0
-301,2,0
-308,9,0
24,2,1
22,4,1
-383,84,0
20,6,1
-302,3,0
6,20,1
24,2,1
-303,4,0
-309,10,0
-307,8,0
-302,3,0
-355,56,0
-340,41,0
-356,57,0
22,4,1
15,11,1
13,13,1
-306,7,0
-315,16,0
-302,3,0
-315,16,0
25,1,1
-21,47,1
-17,43,1
-5,31,1
14,12,1
-304,5,0
-302,3,0
-386,87,0
15,11,1
-6,32,1
-369,70,0
-322,23,0
17,9,1
20,6,1
-306,7,0
15,11,1
-354,55,0
19,7,1
25,1,1
-340,41,0
-369,70,0
9,17,1
-337,38,0
-302,3,0
20,6,1
-309,10,0
-385,86,0
-318,19,0
-310,11,0
-532,233,0
17,9,1
25,1,1
0,26,1
25,1,1
-310,11,0
10,16,1
-388,89,0
-314,15,0
17,9,1
24,2,1
-324,25,0
1,25,1
13,13,1
-301,2,0
-300,1,0
-300,1,0
-334,35,0
25,1,1
-310,11,0
25,1,1
-311,12,0
-7,33,1
-393,94,0
-20,46,1
23,3,1
13,13,1
24,2,1
17,9,1
-330,31,0
-326,27,0
-325,26,0
23,3,1
25,1,1
-388,89,0
25,1,1
-42,68,1
-307,8,0
-317,18,0
2,24,1
-32,58,1
-324,25,0
25,1,1
25,1,1
19,7,1
-12,38,1
-305,6,0
-300,1,0
-341,42,0
-307,8,0
24,2,1
8,18,1
-336,37,0
12,14,1
24,2,1
-302,3,0
23,3,1
-337,38,0
23,3,1
25,1,1
24,2,1
-316,17,0
-342,43,0
-310,11,0
-318,19,0
-304,5,0
-367,68,0
24,2,1
-304,5,0
-301,2,0
-325,26,0
-308,9,0
-356,57,0
9,17,1
-321,22,0
-318,19,0
25,1,1
25,1,1
-316,17,0
19,7,1
21,5,1
-338,39,0
-1,27,1
-317,18,0
-303,4,0
-306,7,0
25,1,1
-333,34,0
21,5,1
-345,46,0
10,16,1
23,3,1
-358,59,0
-367,68,0
25,1,1
-314,15,0
6,20,1
-326,27,0
24,2,1
-302,3,0
24,2,1
-306,7,0
2,24,1
-333,34,0
-338,39,0
24,2,1
-26,52,1
16,10,1
12,14,1
19,7,1
9,17,1
-314,15,0
-369,70,0
18,8,1
-331,32,0
25,1,1
17,9,1
-408,109,0
25,1,1
-367,68,0
-303,4,0
-401,102,0
-321,22,0
-413,114,0
18,8,1
-357,58,0
-40,66,1
-359,60,0
-307,8,0
24,2,1
-347,48,0
-310,11,0
-315,16,0
-300,1,0
-303,4,0
24,2,1
-343,44,0
-313,14,0
-301,2,0
22,4,1
-320,21,0
-338,39,0
-312,13,0
-344,45,0
25,1,1
-394,95,0
-80,106,1
25,1,1
-28,54,1
-330,31,0
-311,12,0
22,4,1
-311,12,0
-309,10,0
-301,2,0
-318,19,0
13,13,1
-4,30,1
22,4,1
10,16,1
23,3,1
25,1,1
15,11,1
25,1,1
-420,121,0
-307,8,0
-346,47,0
-314,15,0
0,26,1
-309,10,0
-3,29,1
24,2,1
-368,69,0
25,1,1
-341,42,0
22,4,1
-307,8,0
-310,11,0
18,8,1
25,1,1
-324,25,0
-356,57,0
-349,50,0
-23,49,1
1,25,1
8,18,1
18,8,1
-310,11,0
10,16,1
20,6,1
23,3,1
-301,2,0
-307,8,0
25,1,1
14,12,1
3,23,1
9,17,1
-314,15,0
-304,5,0
-347,48,0
23,3,1
-6,32,1
0,26,1
-320,21,0
-327,28,0
23,3,1
-32,58,1
18,8,1
-348,49,0
-25,51,1
-303,4,0
-306,7,0
-334,35,0
20,6,1
-308,9,0
-300,1,0
23,3,1
-337,38,0
13,13,1
19,7,1
24,2,1
17,9,1
-330,31,0
-2,28,1
22,4,1
13,13,1
-353,54,0
-322,23,0
16,10,1
-2,28,1
-313,14,0
-36,62,1
-347,48,0
-392,93,0
20,6,1
-304,5,0
-11,37,1
10,16,1
-317,18,0
-316,17,0
24,2,1
-307,8,0
-310,11,0
19,7,1
-26,52,1
22,4,1
25,1,1
25,1,1
25,1,1
21,5,1
-316,17,0
-320,21,0
25,1,1
-12,38,1
-4,30,1
-382,83,0
-321,22,0
22,4,1
-315,16,0
-315,16,0
-64,90,1
18,8,1
3,23,1
24,2,1
24,2,1
-332,33,0
-300,1,0
-1,27,1
-16,42,1
-340,41,0
-313,14,0
20,6,1
11,15,1
-320,21,0
-311,12,0
25,1,1
21,5,1
-303,4,0
-338,39,0
15,11,1
7,19,1
-305,6,0
25,1,1
24,2,1
-313,14,0
-310,11,0
14,12,1
21,5,1
17,9,1
-38,64,1
-30,56,1
15,11,1
11,15,1
25,1,1
-300,1,0
-4,30,1
21,5,1
-346,47,0
2,24,1
-309,10,0
-368,69,0
14,12,1
0,26,1
-303,4,0
20,6,1
25,1,1
-318,19,0
-325,26,0
-309,10,0
-301,2,0
-316,17,0
-318,19,0
25,1,1
-84,110,1
-312,13,0
-303,4,0
22,4,1
-302,3,0
-304,5,0
25,1,1
20,6,1
12,14,1
5,21,1
-304,5,0
-300,1,0
8,18,1
-301,2,0
19,7,1
-300,1,0
25,1,1
-300,1,0
-318,19,0
-1,27,1
-38,64,1
-319,20,0
23,3,1
14,12,1
22,4,1
-347,48,0
-391,92,0
-310,11,0
-302,3,0
-11,37,1
-301,2,0
25,1,1
-398,99,0
11,15,1
25,1,1
-452,153,0
-344,45,0
-301,2,0
7,19,1
21,5,1
-332,33,0
-300,1,0
-303,4,0
-34,60,1
24,2,1
-308,9,0
-301,2,0
7,19,1
-311,12,0
-340,41,0
22,4,1
-419,120,0
1,25,1
-413,114,0
22,4,1
12,14,1
11,15,1
-301,2,0
23,3,1
23,3,1
25,1,1
24,2,1
20,6,1
25,1,1
21,5,1
-10,36,1
-309,10,0
23,3,1
-329,30,0
24,2,1
1,25,1
24,2,1
25,1,1
-303,4,0
-22,48,1
19,7,1
10,16,1
-306,7,0
13,13,1
-302,3,0
-304,5,0
24,2,1
-7,33,1
24,2,1
-301,2,0
-383,84,0
24,2,1
-301,2,0
25,1,1
-327,28,0
-306,7,0
17,9,1
-332,33,0
-300,1,0
-301,2,0
-324,25,0
-316,17,0
25,1,1
-310,11,0
20,6,1
16,10,1
14,12,1
-301,2,0
-324,25,0
-300,1,0
16,10,1
25,1,1
17,9,1
-318,19,0
12,14,1
15,11,1
-303,4,0
-303,4,0
-308,9,0
5,21,1
-313,14,0
-321,22,0
-303,4,0
19,7,1
-304,5,0
-21,47,1
-303,4,0
5,21,1
25,1,1
16,10,1
-341,42,0
-301,2,0
-329,30,0
24,2,1
19,7,1
-315,16,0
16,10,1
15,11,1
-302,3,0
21,5,1
-349,50,0
-311,12,0
-381,82,0
-337,38,0
25,1,1
-302,3,0
25,1,1
19,7,1
14,12,1
18,8,1
-307,8,0
15,11,1
25,1,1
18,8,1
-303,4,0
-16,42,1
22,4,1
-344,45,0
-303,4,0
-333,34,0
-318,19,0
-19,45,1
-3,29,1
-300,1,0
12,14,1
-305,6,0
4,22,1
-329,30,0
-300,1,0
25,1,1
-310,11,0
10,16,1
-303,4,0
-7,33,1
-338,39,0
-373,74,0
0,26,1
2,24,1
-362,63,0
24,2,1
-302,3,0
25,1,1
-32,58,1
-339,40,0
-365,66,0
-318,19,0
16,10,1
-303,4,0
5,21,1
25,1,1
15,11,1
24,2,1
22,4,1
-404,105,0
5,21,1
25,1,1
-300,1,0
-367,68,0
-324,25,0
25,1,1
0,26,1
-313,14,0
-303,4,0
1,25,1
-314,15,0
-333,34,0
-410,111,0
-89,115,1
-337,38,0
4,22,1
24,2,1
9,17,1
17,9,1
-18,44,1
-344,45,0
23,3,1
23,3,1
-362,63,0
-330,31,0
-307,8,0
25,1,1
-301,2,0
3,23,1
-301,2,0
-305,6,0
19,7,1
-370,71,0
-455,156,0
-26,52,1
19,7,1
-349,50,0
-301,2,0
24,2,1
25,1,1
25,1,1
-310,11,0
-311,12,0
-305,6,0
23,3,1
15,11,1
-37,63,1
-341,42,0
-55,81,1
18,8,1
25,1,1
-301,2,0
19,7,1
-350,51,0
-313,14,0
24,2,1
-307,8,0
19,7,1
-19,45,1
-311,12,0
-12,38,1
23,3,1
16,10,1
-305,6,0
-332,33,0
-370,71,0
-330,31,0
-313,14,0
22,4,1
-363,64,0
-346,47,0
25,1,1
-334,35,0
2,24,1
-313,14,0
5,21,1
24,2,1
21,5,1
-314,15,0
25,1,1
-66,92,1
-12,38,1
-353,54,0
-307,8,0
-348,49,0
-403,104,0
-300,1,0
-305,6,0
9,17,1
22,4,1
23,3,1
-381,82,0
16,10,1
21,5,1
13,13,1
24,2,1
-421,122,0
10,16,1
-303,4,0
19,7,1
25,1,1
-364,65,0
-305,6,0
19,7,1
24,2,1
10,16,1
25,1,1
24,2,1
25,1,1
22,4,1
11,15,1
23,3,1
7,19,1
23,3,1
-326,27,0
16,10,1
24,2,1
-443,144,0
-377,78,0
-301,2,0
-319,20,0
-337,38,0
-304,5,0
-304,5,0
-11,37,1
23,3,1
25,1,1
25,1,1
19,7,1
-307,8,0
-300,1,0
-351,52,0
-9,35,1
-308,9,0
12,14,1
-306,7,0
-301,2,0
-314,15,0
2,24,1
9,17,1
5,21,1
16,10,1
-300,1,0
25,1,1
25,1,1
-363,64,0
-305,6,0
25,1,1
1,25,1
1,25,1
-304,5,0
15,11,1
0,26,1
-330,31,0
-301,2,0
-304,5,0
-317,18,0
-320,21,0
25,1,1
16,10,1
24,2,1
-343,44,0
-326,27,0
18,8,1
24,2,1
-303,4,0
25,1,1
-301,2,0
14,12,1
19,7,1
-306,7,0
3,23,1
-404,105,0
-300,1,0
18,8,1
-302,3,0
6,20,1
11,15,1
2,24,1
-332,33,0
-349,50,0
22,4,1
-313,14,0
-300,1,0
12,14,1
-10,36,1
-338,39,0
-35,61,1
25,1,1
19,7,1
-311,12,0
10,16,1
-371,72,0
-392,93,0
-300,1,0
-353,54,0
-300,1,0
-331,32,0
-325,26,0
24,2,1
25,1,1
25,1,1
24,2,1
23,3,1
25,1,1
0,26,1
24,2,1
25,1,1
25,1,1
-318,19,0
25,1,1
-363,64,0
-317,18,0
-300,1,0
25,1,1
-304,5,0
25,1,1
-356,57,0
25,1,1
24,2,1
-301,2,0
22,4,1
-308,9,0
15,11,1
-315,16,0
-346,47,0
25,1,1
-350,51,0
25,1,1
25,1,1
22,4,1
-324,25,0
25,1,1
-302,3,0
24,2,1
-342,43,0
-301,2,0
24,2,1
-322,23,0
-315,16,0
25,1,1
20,6,1
-308,9,0
-32,58,1
-303,4,0
24,2,1
-317,18,0
18,8,1
-319,20,0
25,1,1
15,11,1
21,5,1
20,6,1
-58,84,1
-313,14,0
-306,7,0
-319,20,0
24,2,1
-3,29,1
-318,19,0
-398,99,0
-343,44,0
17,9,1
-300,1,0
-300,1,0
-313,14,0
18,8,1
18,8,1
16,10,1
-302,3,0
-300,1,0
25,1,1
-346,47,0
16,10,1
-13,39,1
-17,43,1
24,2,1
-323,24,0
-306,7,0
14,12,1
20,6,1
-327,28,0
-300,1,0
-336,37,0
24,2,1
12,14,1
23,3,1
18,8,1
25,1,1
-307,8,0
25,1,1
-326,27,0
-71,97,1
-335,36,0
20,6,1
25,1,1
1,25,1
-329,30,0
17,9,1
17,9,1
-313,14,0
-300,1,0
-362,63,0
-317,18,0
-323,24,0
-319,20,0
21,5,1
24,2,1
24,2,1
19,7,1
14,12,1
25,1,1
0,26,1
-304,5,0
-367,68,0
-86,112,1
25,1,1
24,2,1
25,1,1
-300,1,0
-305,6,0
7,19,1
8,18,1
-348,49,0
-302,3,0
25,1,1
25,1,1
-17,43,1
24,2,1
19,7,1
-304,5,0
-307,8,0
-312,13,0
-28,54,1
20,6,1
4,22,1
1,25,1
8,18,1
11,15,1
-36,62,1
24,2,1
-317,18,0
20,6,1
23,3,1
4,22,1
21,5,1
-302,3,0
-301,2,0
20,6,1
-7,33,1
-313,14,0
-24,50,1
-76,102,1
24,2,1
19,7,1
25,1,1
25,1,1
19,7,1
-402,103,0
-312,13,0
-42,68,1
13,13,1
-300,1,0
12,14,1
-302,3,0
18,8,1
23,3,1
-474,175,0
-364,65,0
11,15,1
25,1,1
-375,76,0
25,1,1
-343,44,0
-323,24,0
-398,99,0
24,2,1
23,3,1
18,8,1
25,1,1
22,4,1
-300,1,0
14,12,1
-306,7,0
-300,1,0
-315,16,0
19,7,1
-316,17,0
-314,15,0
-349,50,0
-16,42,1
24,2,1
12,14,1
-304,5,0
16,10,1
-316,17,0
14,12,1
-26,52,1
-305,6,0
25,1,1
-9,35,1
-305,6,0
25,1,1
25,1,1
24,2,1
7,19,1
21,5,1
10,16,1
-307,8,0
24,2,1
-2,28,1
-301,2,0
-42,68,1
21,5,1
-335,36,0
-322,23,0
11,15,1
13,13,1
-315,16,0
2,24,1
-308,9,0
24,2,1
20,6,1
-301,2,0
-306,7,0
13,13,1
-300,1,0
15,11,1
-307,8,0
23,3,1
-301,2,0
-321,22,0
-300,1,0
-318,19,0
25,1,1
2,24,1
-309,10,0
-147,173,1
-313,14,0
-331,32,0
-332,33,0
-21,47,1
-316,17,0
-306,7,0
-326,27,0
25,1,1
-340,41,0
23,3,1
19,7,1
-324,25,0
22,4,1
-320,21,0
-303,4,0
23,3,1
24,2,1
-322,23,0
25,1,1
25,1,1
-313,14,0
24,2,1
-300,1,0
-301,2,0
12,14,1
-331,32,0
-314,15,0
13,13,1
14,12,1
22,4,1
-303,4,0
-303,4,0
-317,18,0
19,7,1
-315,16,0
24,2,1
14,12,1
25,1,1
23,3,1
11,15,1
16,10,1
-304,5,0
25,1,1
11,15,1
-28,54,1
-311,12,0
24,2,1
25,1,1
21,5,1
9,17,1
-304,5,0
-300,1,0
2,24,1
-323,24,0
25,1,1
-330,31,0
21,5,1
-358,59,0
20,6,1
12,14,1
25,1,1
-341,42,0
25,1,1
25,1,1
25,1,1
20,6,1
-301,2,0
12,14,1
10,16,1
-398,99,0
1,25,1
-319,20,0
18,8,1
-309,10,0
-382,83,0
-311,12,0
-305,6,0
17,9,1
15,11,1
15,11,1
-312,13,0
-317,18,0
23,3,1
24,2,1
25,1,1
-319,20,0
24,2,1
22,4,1
25,1,1
-307,8,0
-41,67,1
-300,1,0
24,2,1
-1,27,1
-311,12,0
-304,5,0
-386,87,0
-326,27,0
-310,11,0
-99,125,1
4,22,1
25,1,1
19,7,1
-308,9,0
25,1,1
-305,6,0
19,7,1
25,1,1
25,1,1
25,1,1
25,1,1
21,5,1
25,1,1
-336,37,0
24,2,1
22,4,1
-323,24,0
-311,12,0
4,22,1
12,14,1
25,1,1
-300,1,0
25,1,1
-300,1,0
-456,157,0
-368,69,0
-305,6,0
-85,111,1
24,2,1
-320,21,0
25,1,1
25,1,1
-23,49,1
-380,81,0
-314,15,0
-313,14,0
-300,1,0
-4,30,1
-300,1,0
-325,26,0
25,1,1
25,1,1
-21,47,1
16,10,1
24,2,1
15,11,1
19,7,1
-59,85,1
25,1,1
25,1,1
-301,2,0
-326,27,0
13,13,1
24,2,1
21,5,1
22,4,1
14,12,1
23,3,1
25,1,1
6,20,1
-4,30,1
-304,5,0
24,2,1
-2,28,1
4,22,1
-70,96,1
25,1,1
25,1,1
-409,110,0
-301,2,0
9,17,1
19,7,1
20,6,1
23,3,1
-306,7,0
-374,75,0
-328,29,0
-34,60,1
-300,1,0
-307,8,0
23,3,1
-10,36,1
25,1,1
-302,3,0
-312,13,0
20,6,1
-312,13,0
17,9,1
-308,9,0
-74,100,1
-307,8,0
22,4,1
23,3,1
-338,39,0
-332,33,0
24,2,1
25,1,1
-312,13,0
-4,30,1
-11,37,1
11,15,1
16,10,1
23,3,1
6,20,1
20,6,1
-315,16,0
18,8,1
25,1,1
-303,4,0
-310,11,0
-313,14,0
-337,38,0
-309,10,0
-308,9,0
-473,174,0
-302,3,0
18,8,1
22,4,1
25,1,1
-301,2,0
25,1,1
-305,6,0
-305,6,0
15,11,1
-14,40,1
-381,82,0
22,4,1
25,1,1
17,9,1
-328,29,0
25,1,1
-315,16,0
5,21,1
-313,14,0
22,4,1
25,1,1
14,12,1
-365,66,0
22,4,1
-310,11,0
-33,59,1
-321,22,0
16,10,1
-301,2,0
-319,20,0
15,11,1
19,7,1
25,1,1
24,2,1
22,4,1
19,7,1
25,1,1
24,2,1
-349,50,0
23,3,1
-303,4,0
-301,2,0
22,4,1
-381,82,0
25,1,1
25,1,1
23,3,1
-10,36,1
24,2,1
22,4,1
25,1,1
-302,3,0
-302,3,0
20,6,1
-350,51,0
24,2,1
-311,12,0
-301,2,0
25,1,1
-311,12,0
-304,5,0
-314,15,0
25,1,1
25,1,1
-307,8,0
-319,20,0
-357,58,0
-331,32,0
-63,89,1
24,2,1
-304,5,0
19,7,1
-300,1,0
18,8,1
25,1,1
-310,11,0
-303,4,0
-338,39,0
-300,1,0
24,2,1
-65,91,1
8,18,1
-32,58,1
18,8,1
13,13,1
25,1,1
15,11,1
2,24,1
17,9,1
10,16,1
25,1,1
-301,2,0
21,5,1
-334,35,0
-302,3,0
-334,35,0
-6,32,1
25,1,1
-300,1,0
23,3,1
24,2,1
-306,7,0
20,6,1
-309,10,0
25,1,1
24,2,1
-303,4,0
24,2,1
-352,53,0
-331,32,0
-316,17,0
-349,50,0
-325,26,0
14,12,1
-302,3,0
21,5,1
-302,3,0
-308,9,0
24,2,1
-322,23,0
-29,55,1
-365,66,0
-326,27,0
-303,4,0
-367,68,0
-334,35,0
-338,39,0
7,19,1
-323,24,0
-312,13,0
-312,13,0
21,5,1
24,2,1
24,2,1
6,20,1
-349,50,0
-313,14,0
-316,17,0
-330,31,0
-311,12,0
25,1,1
-11,37,1
-308,9,0
-368,69,0
24,2,1
1,25,1
17,9,1
25,1,1
-25,51,1
13,13,1
-301,2,0
25,1,1
23,3,1
-306,7,0
24,2,1
-364,65,0
-316,17,0
-324,25,0
11,15,1
5,21,1
16,10,1
-314,15,0
-302,3,0
23,3,1
-303,4,0
-303,4,0
25,1,1
-304,5,0
-44,70,1
-319,20,0
25,1,1
9,17,1
25,1,1
4,22,1
15,11,1
-302,3,0
-2,28,1
18,8,1
-23,49,1
18,8,1
-346,47,0
-302,3,0
-337,38,0
8,18,1
24,2,1
-323,24,0
-308,9,0
-562,263,0
-310,11,0
-301,2,0
25,1,1
-303,4,0
-311,12,0
18,8,1
24,2,1
-334,35,0
16,10,1
-368,69,0
0,26,1
-419,120,0
-317,18,0
21,5,1
25,1,1
12,14,1
23,3,1
21,5,1
12,14,1
23,3,1
-341,42,0
17,9,1
-32,58,1
-37,63,1
-309,10,0
11,15,1
16,10,1
-63,89,1
4,22,1
-324,25,0
21,5,1
-331,32,0
19,7,1
4,22,1
-19,45,1
22,4,1
25,1,1
-305,6,0
-304,5,0
-304,5,0
16,10,1
25,1,1
-334,35,0
-315,16,0
25,1,1
-338,39,0
25,1,1
20,6,1
9,17,1
-329,30,0
-37,63,1
-350,51,0
-301,2,0
22,4,1
-394,95,0
25,1,1
-1,27,1
13,13,1
-322,23,0
-300,1,0
24,2,1
16,10,1
-337,38,0
25,1,1
-306,7,0
-323,24,0
-317,18,0
-300,1,0
22,4,1
-321,22,0
25,1,1
-397,98,0
-300,1,0
25,1,1
-328,29,0
25,1,1
23,3,1
24,2,1
25,1,1
-312,13,0
-304,5,0
17,9,1
-319,20,0
4,22,1
-306,7,0
24,2,1
-16,42,1
-7,33,1
-305,6,0
-307,8,0
9,17,1
21,5,1
-335,36,0
25,1,1
-304,5,0
-338,39,0
-309,10,0
-397,98,0
-300,1,0
-8,34,1
22,4,1
-332,33,0
-301,2,0
-3,29,1
-314,15,0
-118,144,1
22,4,1
11,15,1
-318,19,0
-5,31,1
21,5,1
24,2,1
-338,39,0
24,2,1
22,4,1
-300,1,0
-1,27,1
-31,57,1
24,2,1
-304,5,0
21,5,1
-303,4,0
-305,6,0
-315,16,0
-312,13,0
-304,5,0
-28,54,1
17,9,1
25,1,1
-8,34,1
-300,1,0
18,8,1
-318,19,0
25,1,1
-306,7,0
25,1,1
-356,57,0
-3,29,1
18,8,1
-452,153,0
-407,108,0
-330,31,0
24,2,1
24,2,1
7,19,1
10,16,1
-337,38,0
-31,57,1
-303,4,0
19,7,1
-365,66,0
-36,62,1
7,19,1
-355,56,0
25,1,1
20,6,1
23,3,1
25,1,1
-6,32,1
-16,42,1
-349,50,0
15,11,1
-300,1,0
25,1,1
-348,49,0
24,2,1
-5,31,1
-30,56,1
25,1,1
-316,17,0
-386,87,0
-302,3,0
7,19,1
22,4,1
24,2,1
-302,3,0
25,1,1
-354,55,0
25,1,1
22,4,1
-334,35,0
24,2,1
-1,27,1
11,15,1
17,9,1
-302,3,0
16,10,1
-309,10,0
19,7,1
24,2,1
2,24,1
-19,45,1
-342,43,0
6,20,1
10,16,1
25,1,1
-5,31,1
-301,2,0
7,19,1
-300,1,0
22,4,1
24,2,1
18,8,1
7,19,1
-2,28,1
-4,30,1
25,1,1
-307,8,0
-315,16,0
-300,1,0
-302,3,0
22,4,1
10,16,1
-16,42,1
-321,22,0
7,19,1
6,20,1
-17,43,1
-346,47,0
-4,30,1
-301,2,0
24,2,1
-15,41,1
19,7,1
23,3,1
-348,49,0
20,6,1
24,2,1
23,3,1
-311,12,0
20,6,1
-309,10,0
-13,39,1
25,1,1
24,2,1
16,10,1
2,24,1
25,1,1
23,3,1
-410,111,0
11,15,1
-346,47,0
-19,45,1
-304,5,0
24,2,1
19,7,1
-305,6,0
25,1,1
-329,30,0
-318,19,0
-3,29,1
-320,21,0
-12,38,1
20,6,1
22,4,1
25,1,1
-308,9,0
-20,46,1
-52,78,1
25,1,1
25,1,1
-371,72,0
-306,7,0
-104,130,1
-2,28,1
13,13,1
-310,11,0
-5,31,1
-300,1,0
1,25,1
-338,39,0
-300,1,0
-307,8,0
-300,1,0
25,1,1
-8,34,1
-20,46,1
-300,1,0
-315,16,0
-310,11,0
23,3,1
-42,68,1
23,3,1
-303,4,0
12,14,1
-344,45,0
-324,25,0
7,19,1
-14,40,1
25,1,1
-306,7,0
-4,30,1
-305,6,0
-2,28,1
-301,2,0
-308,9,0
16,10,1
16,10,1
-305,6,0
-308,9,0
24,2,1
-327,28,0
21,5,1
-338,39,0
21,5,1
25,1,1
19,7,1
20,6,1
20,6,1
-69,95,1
15,11,1
-331,32,0
-336,37,0
-309,10,0
-311,12,0
-306,7,0
-300,1,0
-305,6,0
-335,36,0
-305,6,0
-300,1,0
24,2,1
-335,36,0
21,5,1
4,22,1
14,12,1
22,4,1
-318,19,0
18,8,1
-300,1,0
23,3,1
-308,9,0
-308,9,0
-304,5,0
13,13,1
19,7,1
-311,12,0
-323,24,0
-300,1,0
22,4,1
25,1,1
-305,6,0
25,1,1
-23,49,1
-29,55,1
-300,1,0
21,5,1
-311,12,0
-317,18,0
-303,4,0
19,7,1
-313,14,0
-396,97,0
25,1,1
-316,17,0
15,11,1
-300,1,0
22,4,1
-307,8,0
24,2,1
25,1,1
-311,12,0
-327,28,0
25,1,1
-110,136,1
-301,2,0
-325,26,0
-303,4,0
-337,38,0
-329,30,0
-2,28,1
-38,64,1
-300,1,0
24,2,1
0,26,1
-311,12,0
24,2,1
21,5,1
-340,41,0
-336,37,0
5,21,1
10,16,1
-325,26,0
25,1,1
25,1,1
20,6,1
-344,45,0
18,8,1
-308,9,0
-303,4,0
-302,3,0
24,2,1
25,1,1
20,6,1
-347,48,0
25,1,1
-300,1,0
25,1,1
21,5,1
-327,28,0
24,2,1
25,1,1
23,3,1
24,2,1
23,3,1
-301,2,0
11,15,1
23,3,1
24,2,1
15,11,1
-316,17,0
-308,9,0
24,2,1
9,17,1
-318,19,0
24,2,1
-310,11,0
25,1,1
-492,193,0
0,26,1
-308,9,0
25,1,1
21,5,1
25,1,1
1,25,1
20,6,1
23,3,1
-76,102,1
-303,4,0
-306,7,0
25,1,1
3,23,1
9,17,1
-313,14,0
14,12,1
24,2,1
22,4,1
25,1,1
16,10,1
-359,60,0
12,14,1
-36,62,1
-327,28,0
-14,40,1
24,2,1
-392,93,0
-325,26,0
25,1,1
12,14,1
8,18,1
-8,34,1
23,3,1
-322,23,0
-87,113,1
-336,37,0
24,2,1
-380,81,0
22,4,1
-301,2,0
-303,4,0
-323,24,0
-310,11,0
25,1,1
-361,62,0
4,22,1
23,3,1
15,11,1
-301,2,0
-324,25,0
-20,46,1
21,5,1
23,3,1
16,10,1
-300,1,0
-305,6,0
22,4,1
10,16,1
-300,1,0
25,1,1
12,14,1
6,20,1
23,3,1
-303,4,0
23,3,1
-322,23,0
13,13,1
-305,6,0
-4,30,1
25,1,1
-2,28,1
-378,79,0
-332,33,0
-2,28,1
-301,2,0
21,5,1
23,3,1
-36,62,1
25,1,1
22,4,1
-440,141,0
-340,41,0
-302,3,0
17,9,1
-41,67,1
-315,16,0
20,6,1
25,1,1
9,17,1
-306,7,0
25,1,1
-301,2,0
-305,6,0
24,2,1
19,7,1
-302,3,0
-303,4,0
-302,3,0
-324,25,0
-309,10,0
13,13,1
-320,21,0
-327,28,0
-301,2,0
-308,9,0
25,1,1
-301,2,0
-48,74,1
-334,35,0
1,25,1
25,1,1
24,2,1
-300,1,0
21,5,1
15,11,1
-312,13,0
-362,63,0
21,5,1
24,2,1
-6,32,1
-6,32,1
-300,1,0
15,11,1
-321,22,0
-354,55,0
17,9,1
10,16,1
19,7,1
13,13,1
-331,32,0
23,3,1
-309,10,0
1,25,1
24,2,1
-300,1,0
-301,2,0
-311,12,0
24,2,1
-11,37,1
25,1,1
-435,136,0
-63,89,1
21,5,1
2,24,1
15,11,1
-347,48,0
-361,62,0
-300,1,0
24,2,1
-364,65,0
21,5,1
25,1,1
-304,5,0
25,1,1
-324,25,0
22,4,1
23,3,1
-305,6,0
-317,18,0
-8,34,1
-303,4,0
-340,41,0
-337,38,0
22,4,1
-323,24,0
-302,3,0
-309,10,0
-301,2,0
17,9,1
21,5,1
-305,6,0
-300,1,0
-310,11,0
18,8,1
6,20,1
-363,64,0
-303,4,0
-24,50,1
-302,3,0
23,3,1
24,2,1
24,2,1
25,1,1
-306,7,0
-16,42,1
23,3,1
-333,34,0
-304,5,0
23,3,1
-300,1,0
-57,83,1
-400,101,0
-330,31,0
25,1,1
24,2,1
25,1,1
-341,42,0
-5,31,1
-4,30,1
25,1,1
19,7,1
13,13,1
-333,34,0
-310,11,0
-304,5,0
-306,7,0
-309,10,0
-301,2,0
13,13,1
-322,23,0
-300,1,0
25,1,1
-322,23,0
-303,4,0
24,2,1
-16,42,1
21,5,1
25,1,1
25,1,1
25,1,1
18,8,1
16,10,1
-327,28,0
-325,26,0
-12,38,1
25,1,1
25,1,1
-306,7,0
-309,10,0
21,5,1
-367,68,0
-317,18,0
24,2,1
-308,9,0
-307,8,0
-305,6,0
-374,75,0
-311,12,0
-305,6,0
-17,43,1
-325,26,0
24,2,1
-302,3,0
25,1,1
-18,44,1
-325,26,0
19,7,1
-320,21,0
-310,11,0
23,3,1
18,8,1
22,4,1
-302,3,0
-320,21,0
13,13,1
-302,3,0
25,1,1
-302,3,0
-306,7,0
-311,12,0
-300,1,0
19,7,1
25,1,1
17,9,1
-385,86,0
24,2,1
-302,3,0
-326,27,0
-300,1,0
19,7,1
-311,12,0
17,9,1
20,6,1
3,23,1
-14,40,1
24,2,1
-301,2,0
14,12,1
25,1,1
-302,3,0
25,1,1
23,3,1
19,7,1
-318,19,0
24,2,1
-305,6,0
7,19,1
25,1,1
10,16,1
-302,3,0
-301,2,0
25,1,1
-24,50,1
19,7,1
10,16,1
-2,28,1
15,11,1
-309,10,0
12,14,1
21,5,1
24,2,1
-329,30,0
-7,33,1
-303,4,0
0,26,1
-337,38,0
25,1,1
0,26,1
-323,24,0
3,23,1
5,21,1
19,7,1
22,4,1
25,1,1
14,12,1
-2,28,1
24,2,1
24,2,1
22,4,1
7,19,1
-314,15,0
25,1,1
-108,134,1
25,1,1
11,15,1
-319,20,0
-7,33,1
-350,51,0
21,5,1
12,14,1
17,9,1
11,15,1
-312,13,0
21,5,1
25,1,1
-302,3,0
20,6,1
25,1,1
7,19,1
25,1,1
-332,33,0
-303,4,0
14,12,1
-31,57,1
6,20,1
12,14,1
19,7,1
17,9,1
-319,20,0
-384,85,0
-301,2,0
16,10,1
-10,36,1
-308,9,0
-301,2,0
4,22,1
-316,17,0
-90,116,1
-303,4,0
-302,3,0
11,15,1
13,13,1
15,11,1
12,14,1
15,11,1
-312,13,0
25,1,1
15,11,1
8,18,1
0,26,1
-384,85,0
15,11,1
23,3,1
25,1,1
24,2,1
-10,36,1
13,13,1
-4,30,1
-316,17,0
-308,9,0
14,12,1
23,3,1
-18,44,1
13,13,1
18,8,1
22,4,1
-301,2,0
17,9,1
-300,1,0
-329,30,0
-308,9,0
-308,9,0
-301,2,0
24,2,1
24,2,1
24,2,1
24,2,1
24,2,1
-350,51,0
1,25,1
17,9,1
18,8,1
-304,5,0
-301,2,0
12,14,1
25,1,1
25,1,1
22,4,1
24,2,1
-302,3,0
9,17,1
-13,39,1
-449,150,0
-14,40,1
-12,38,1
12,14,1
25,1,1
11,15,1
-33,59,1
12,14,1
22,4,1
-3,29,1
24,2,1
-323,24,0
18,8,1
-399,100,0
-10,36,1
17,9,1
-358,59,0
-302,3,0
25,1,1
19,7,1
19,7,1
22,4,1
-397,98,0
-304,5,0
21,5,1
-300,1,0
-308,9,0
-312,13,0
24,2,1
25,1,1
-314,15,0
10,16,1
-338,39,0
-311,12,0
23,3,1
23,3,1
19,7,1
-32,58,1
24,2,1
-5,31,1
-300,1,0
19,7,1
-27,53,1
17,9,1
24,2,1
8,18,1
-302,3,0
22,4,1
-391,92,0
-1,27,1
-313,14,0
-43,69,1
25,1,1
7,19,1
-306,7,0
-69,95,1
22,4,1
25,1,1
25,1,1
25,1,1
-302,3,0
23,3,1
25,1,1
15,11,1
-300,1,0
-313,14,0
-306,7,0
-316,17,0
24,2,1
-305,6,0
24,2,1
25,1,1
-329,30,0
-4,30,1
25,1,1
15,11,1
2,24,1
-8,34,1
-5,31,1
-300,1,0
-307,8,0
-302,3,0
-303,4,0
17,9,1
-318,19,0
3,23,1
25,1,1
-309,10,0
-14,40,1
16,10,1
-326,27,0
-32,58,1
11,15,1
25,1,1
-307,8,0
18,8,1
15,11,1
21,5,1
18,8,1
-322,23,0
11,15,1
19,7,1
6,20,1
-300,1,0
23,3,1
24,2,1
6,20,1
-45,71,1
9,17,1
25,1,1
-301,2,0
22,4,1
-309,10,0
25,1,1
24,2,1
-303,4,0
-329,30,0
25,1,1
-323,24,0
23,3,1
-316,17,0
-304,5,0
-401,102,0
15,11,1
19,7,1
-316,17,0
-418,119,0
24,2,1
21,5,1
25,1,1
-12,38,1
-80,106,1
8,18,1
-300,1,0
-317,18,0
-341,42,0
7,19,1
-307,8,0
20,6,1
-322,23,0
-311,12,0
-324,25,0
-307,8,0
-402,103,0
22,4,1
-304,5,0
5,21,1
-317,18,0
22,4,1
-23,49,1
-300,1,0
16,10,1
-315,16,0
-29,55,1
22,4,1
25,1,1
25,1,1
-9,35,1
-326,27,0
16,10,1
-337,38,0
-303,4,0
10,16,1
25,1,1
16,10,1
-427,128,0
17,9,1
19,7,1
-315,16,0
25,1,1
25,1,1
-313,14,0
22,4,1
12,14,1
17,9,1
-300,1,0
-337,38,0
25,1,1
20,6,1
22,4,1
16,10,1
24,2,1
24,2,1
22,4,1
16,10,1
16,10,1
24,2,1
24,2,1
22,4,1
25,1,1
-303,4,0
14,12,1
19,7,1
25,1,1
-305,6,0
25,1,1
20,6,1
-20,46,1
19,7,1
23,3,1
22,4,1
25,1,1
-43,69,1
11,15,1
-318,19,0
-300,1,0
19,7,1
-36,62,1
16,10,1
25,1,1
-318,19,0
8,18,1
21,5,1
-324,25,0
24,2,1
25,1,1
-21,47,1
-312,13,0
-300,1,0
-340,41,0
13,13,1
-300,1,0
25,1,1
15,11,1
24,2,1
23,3,1
25,1,1
23,3,1
-22,48,1
18,8,1
-314,15,0
-301,2,0
-304,5,0
-9,35,1
-359,60,0
22,4,1
21,5,1
16,10,1
-317,18,0
-349,50,0
20,6,1
22,4,1
-324,25,0
16,10,1
-1,27,1
-331,32,0
24,2,1
-332,33,0
20,6,1
23,3,1
25,1,1
25,1,1
13,13,1
-67,93,1
-302,3,0
-310,11,0
22,4,1
23,3,1
-313,14,0
-303,4,0
23,3,1
8,18,1
15,11,1
-317,18,0
19,7,1
-16,42,1
22,4,1
22,4,1
-13,39,1
-303,4,0
24,2,1
-438,139,0
-309,10,0
24,2,1
16,10,1
-340,41,0
-16,42,1
18,8,1
-334,35,0
-18,44,1
-46,72,1
-5,31,1
23,3,1
-300,1,0
20,6,1
-301,2,0
-357,58,0
-309,10,0
24,2,1
23,3,1
22,4,1
24,2,1
20,6,1
21,5,1
-319,20,0
-302,3,0
12,14,1
-308,9,0
-23,49,1
10,16,1
-302,3,0
-4,30,1
23,3,1
-17,43,1
-320,21,0
17,9,1
24,2,1
18,8,1
25,1,1
19,7,1
-309,10,0
24,2,1
-330,31,0
-338,39,0
-332,33,0
-6,32,1
9,17,1
-17,43,1
25,1,1
25,1,1
24,2,1
-2,28,1
-326,27,0
19,7,1
25,1,1
22,4,1
22,4,1
24,2,1
-358,59,0
16,10,1
-313,14,0
25,1,1
1,25,1
22,4,1
15,11,1
23,3,1
-339,40,0
25,1,1
24,2,1
24,2,1
-7,33,1
25,1,1
-301,2,0
16,10,1
25,1,1
-378,79,0
-301,2,0
-300,1,0
-17,43,1
19,7,1
25,1,1
22,4,1
-322,23,0
24,2,1
16,10,1
25,1,1
5,21,1
-300,1,0
-28,54,1
24,2,1
17,9,1
17,9,1
25,1,1
-326,27,0
-310,11,0
7,19,1
3,23,1
16,10,1
-7,33,1
22,4,1
-338,39,0
-43,69,1
-13,39,1
12,14,1
24,2,1
-310,11,0
13,13,1
25,1,1
20,6,1
20,6,1
19,7,1
25,1,1
-316,17,0
-350,51,0
-318,19,0
10,16,1
24,2,1
25,1,1
-17,43,1
-343,44,0
14,12,1
8,18,1
-313,14,0
16,10,1
-316,17,0
25,1,1
-335,36,0
-312,13,0
25,1,1
17,9,1
19,7,1
24,2,1
-22,48,1
-310,11,0
-302,3,0
25,1,1
22,4,1
2,24,1
20,6,1
24,2,1
-304,5,0
11,15,1
-2,28,1
20,6,1
-413,114,0
25,1,1
-302,3,0
25,1,1
-25,51,1
5,21,1
19,7,1
25,1,1
-389,90,0
20,6,1
19,7,1
-372,73,0
-301,2,0
-119,145,1
25,1,1
6,20,1
-301,2,0
-300,1,0
25,1,1
25,1,1
14,12,1
25,1,1
-44,70,1
-349,50,0
24,2,1
24,2,1
22,4,1
25,1,1
21,5,1
21,5,1
0,26,1
0,26,1
-302,3,0
24,2,1
20,6,1
-307,8,0
-323,24,0
-331,32,0
18,8,1
-318,19,0
23,3,1
8,18,1
22,4,1
-301,2,0
-302,3,0
12,14,1
25,1,1
-310,11,0
-302,3,0
-24,50,1
-325,26,0
-321,22,0
25,1,1
25,1,1
-342,43,0
19,7,1
-354,55,0
-17,43,1
-308,9,0
18,8,1
18,8,1
24,2,1
23,3,1
9,17,1
-61,87,1
-22,48,1
-311,12,0
18,8,1
25,1,1
0,26,1
-19,45,1
-312,13,0
24,2,1
25,1,1
10,16,1
-23,49,1
6,20,1
25,1,1
-322,23,0
16,10,1
-308,9,0
13,13,1
-332,33,0
-320,21,0
-3,29,1
25,1,1
10,16,1
-34,60,1
21,5,1
23,3,1
25,1,1
23,3,1
-330,31,0
-307,8,0
-302,3,0
5,21,1
22,4,1
-65,91,1
25,1,1
-15,41,1
-389,90,0
22,4,1
22,4,1
-300,1,0
23,3,1
-305,6,0
4,22,1
-376,77,0
-340,41,0
-310,11,0
-9,35,1
25,1,1
24,2,1
21,5,1
19,7,1
25,1,1
-318,19,0
-313,14,0
19,7,1
-307,8,0
0,26,1
24,2,1
-35,61,1
-327,28,0
-388,89,0
24,2,1
-302,3,0
-302,3,0
-324,25,0
-345,46,0
-1,27,1
-320,21,0
-344,45,0
21,5,1
19,7,1
-306,7,0
-9,35,1
15,11,1
-61,87,1
3,23,1
-316,17,0
-309,10,0
18,8,1
25,1,1
22,4,1
25,1,1
21,5,1
-302,3,0
6,20,1
22,4,1
21,5,1
24,2,1
13,13,1
25,1,1
-85,111,1
16,10,1
24,2,1
-352,53,0
-43,69,1
24,2,1
24,2,1
-13,39,1
-9,35,1
25,1,1
-314,15,0
22,4,1
-357,58,0
-345,46,0
11,15,1
-312,13,0
-9,35,1
25,1,1
-8,34,1
20,6,1
25,1,1
-356,57,0
-350,51,0
22,4,1
4,22,1
10,16,1
-315,16,0
13,13,1
-301,2,0
-363,64,0
14,12,1
-330,31,0
-6,32,1
-318,19,0
-21,47,1
-310,11,0
10,16,1
-12,38,1
8,18,1
-345,46,0
-320,21,0
24,2,1
-318,19,0
-360,61,0
-8,34,1
-321,22,0
3,23,1
23,3,1
14,12,1
-331,32,0
10,16,1
-300,1,0
-343,44,0
-307,8,0
24,2,1
20,6,1
25,1,1
-336,37,0
11,15,1
24,2,1
15,11,1
25,1,1
22,4,1
0,26,1
25,1,1
24,2,1
23,3,1
16,10,1
25,1,1
16,10,1
-309,10,0
2,24,1
24,2,1
-301,2,0
9,17,1
5,21,1
-319,20,0
7,19,1
-300,1,0
-300,1,0
22,4,1
-22,48,1
18,8,1
21,5,1
23,3,1
-371,72,0
25,1,1
-333,34,0
-325,26,0
25,1,1
18,8,1
-122,148,1
24,2,1
14,12,1
-136,162,1
23,3,1
16,10,1
-357,58,0
-302,3,0
25,1,1
10,16,1
-326,27,0
24,2,1
25,1,1
-379,80,0
20,6,1
-300,1,0
24,2,1
22,4,1
24,2,1
-6,32,1
-339,40,0
23,3,1
25,1,1
24,2,1
11,15,1
-310,11,0
-320,21,0
-314,15,0
-26,52,1
20,6,1
8,18,1
23,3,1
25,1,1
-345,46,0
-8,34,1
25,1,1
-47,73,1
9,17,1
25,1,1
25,1,1
18,8,1
24,2,1
21,5,1
-314,15,0
19,7,1
25,1,1
-319,20,0
19,7,1
23,3,1
-339,40,0
24,2,1
24,2,1
-305,6,0
23,3,1
7,19,1
20,6,1
21,5,1
-339,40,0
24,2,1
-6,32,1
-1,27,1
-324,25,0
-345,46,0
-335,36,0
-80,106,1
25,1,1
20,6,1
-5,31,1
17,9,1
15,11,1
-303,4,0
8,18,1
18,8,1
-304,5,0
-302,3,0
25,1,1
18,8,1
-20,46,1
23,3,1
-19,45,1
25,1,1
-2,28,1
16,10,1
-320,21,0
-313,14,0
14,12,1
22,4,1
24,2,1
24,2,1
11,15,1
25,1,1
-339,40,0
-84,110,1
23,3,1
-320,21,0
22,4,1
16,10,1
-22,48,1
-316,17,0
13,13,1
6,20,1
-329,30,0
-317,18,0
14,12,1
-301,2,0
25,1,1
15,11,1
19,7,1
-65,91,1
20,6,1
23,3,1
-302,3,0
-19,45,1
17,9,1
-312,13,0
25,1,1
-302,3,0
-307,8,0
-18,44,1
25,1,1
25,1,1
6,20,1
-329,30,0
-300,1,0
-300,1,0
25,1,1
-301,2,0
13,13,1
24,2,1
-317,18,0
-338,39,0
23,3,1
17,9,1
6,20,1
-311,12,0
-43,69,1
-316,17,0
5,21,1
23,3,1
16,10,1
22,4,1
-326,27,0
-339,40,0
-21,47,1
-6,32,1
25,1,1
25,1,1
-341,42,0
-318,19,0
24,2,1
22,4,1
-403,104,0
14,12,1
6,20,1
-349,50,0
-5,31,1
-414,115,0
-329,30,0
13,13,1
3,23,1
17,9,1
20,6,1
-302,3,0
19,7,1
17,9,1
-327,28,0
21,5,1
24,2,1
17,9,1
2,24,1
25,1,1
-22,48,1
-311,12,0
-3,29,1
-305,6,0
20,6,1
10,16,1
25,1,1
12,14,1
24,2,1
23,3,1
13,13,1
-50,76,1
-24,50,1
24,2,1
16,10,1
-335,36,0
-306,7,0
-301,2,0
25,1,1
10,16,1
-19,45,1
-300,1,0
24,2,1
-305,6,0
4,22,1
22,4,1
-364,65,0
-16,42,1
-18,44,1
23,3,1
-6,32,1
-328,29,0
25,1,1
-301,2,0
25,1,1
25,1,1
20,6,1
-322,23,0
22,4,1
24,2,1
22,4,1
-303,4,0
10,16,1
25,1,1
21,5,1
-2,28,1
15,11,1
-310,11,0
20,6,1
-300,1,0
-395,96,0
15,11,1
-47,73,1
14,12,1
25,1,1
11,15,1
4,22,1
25,1,1
-310,11,0
-308,9,0
25,1,1
-329,30,0
12,14,1
24,2,1
23,3,1
-323,24,0
20,6,1
24,2,1
11,15,1
-300,1,0
24,2,1
25,1,1
-334,35,0
23,3,1
24,2,1
25,1,1
25,1,1
10,16,1
-7,33,1
25,1,1
-316,17,0
25,1,1
25,1,1
19,7,1
-334,35,0
25,1,1
8,18,1
15,11,1
-1,27,1
13,13,1
22,4,1
-35,61,1
20,6,1
-5,31,1
25,1,1
-38,64,1
9,17,1
-310,11,0
-317,18,0
-300,1,0
-58,84,1
4,22,1
13,13,1
21,5,1
25,1,1
25,1,1
15,11,1
-340,41,0
22,4,1
-39,65,1
-314,15,0
-510,211,0
-303,4,0
23,3,1
-302,3,0
18,8,1
-418,119,0
22,4,1
21,5,1
15,11,1
-74,100,1
-301,2,0
-366,67,0
2,24,1
25,1,1
-40,66,1
-306,7,0
22,4,1
-303,4,0
-406,107,0
-329,30,0
24,2,1
-401,102,0
9,17,1
24,2,1
-302,3,0
-306,7,0
-309,10,0
24,2,1
-421,122,0
16,10,1
-323,24,0
-5,31,1
24,2,1
21,5,1
-305,6,0
-300,1,0
25,1,1
-314,15,0
19,7,1
-22,48,1
-301,2,0
-313,14,0
22,4,1
19,7,1
-322,23,0
24,2,1
8,18,1
23,3,1
13,13,1
25,1,1
25,1,1
24,2,1
-309,10,0
-40,66,1
22,4,1
-1,27,1
25,1,1
22,4,1
24,2,1
25,1,1
22,4,1
24,2,1
-309,10,0
-308,9,0
1,25,1
8,18,1
-309,10,0
-3,29,1
1,25,1
-348,49,0
-348,49,0
8,18,1
19,7,1
25,1,1
-4,30,1
-334,35,0
-309,10,0
25,1,1
-311,12,0
-300,1,0
22,4,1
24,2,1
15,11,1
-328,29,0
-342,43,0
-9,35,1
11,15,1
18,8,1
8,18,1
24,2,1
3,23,1
-300,1,0
8,18,1
22,4,1
9,17,1
20,6,1
-17,43,1
-41,67,1
13,13,1
-22,48,1
25,1,1
24,2,1
-313,14,0
22,4,1
23,3,1
3,23,1
-88,114,1
25,1,1
-426,127,0
-317,18,0
-1,27,1
23,3,1
-332,33,0
21,5,1
-315,16,0
21,5,1
25,1,1
10,16,1
25,1,1
25,1,1
25,1,1
-334,35,0
-326,27,0
20,6,1
24,2,1
-302,3,0
-323,24,0
7,19,1
-117,143,1
-310,11,0
-15,41,1
-9,35,1
-342,43,0
-313,14,0
-7,33,1
-300,1,0
22,4,1
-334,35,0
2,24,1
-312,13,0
-316,17,0
18,8,1
-311,12,0
-302,3,0
21,5,1
-310,11,0
20,6,1
-310,11,0
-16,42,1
2,24,1
23,3,1
-302,3,0
22,4,1
21,5,1
-344,45,0
11,15,1
-30,56,1
7,19,1
24,2,1
18,8,1
24,2,1
-333,34,0
19,7,1
25,1,1
21,5,1
-316,17,0
-5,31,1
15,11,1
12,14,1
-305,6,0
12,14,1
25,1,1
18,8,1
24,2,1
21,5,1
17,9,1
-372,73,0
4,22,1
21,5,1
-31,57,1
-35,61,1
15,11,1
-32,58,1
-331,32,0
-313,14,0
16,10,1
21,5,1
22,4,1
-312,13,0
23,3,1
-305,6,0
25,1,1
-338,39,0
-300,1,0
-318,19,0
7,19,1
20,6,1
13,13,1
-311,12,0
14,12,1
8,18,1
24,2,1
-371,72,0
-314,15,0
-306,7,0
19,7,1
25,1,1
-4,30,1
20,6,1
-321,22,0
-326,27,0
20,6,1
-309,10,0
24,2,1
25,1,1
25,1,1
25,1,1
25,1,1
19,7,1
-315,16,0
25,1,1
13,13,1
23,3,1
12,14,1
-5,31,1
15,11,1
-300,1,0
17,9,1
-19,45,1
14,12,1
14,12,1
-303,4,0
25,1,1
-330,31,0
-308,9,0
25,1,1
-318,19,0
-409,110,0
24,2,1
-31,57,1
-6,32,1
-323,24,0
24,2,1
20,6,1
-363,64,0
-324,25,0
-322,23,0
-321,22,0
-339,40,0
24,2,1
-325,26,0
24,2,1
-39,65,1
-304,5,0
10,16,1
-301,2,0
25,1,1
25,1,1
25,1,1
-345,46,0
-326,27,0
0,26,1
24,2,1
14,12,1
-309,10,0
22,4,1
24,2,1
24,2,1
-23,49,1
-300,1,0
25,1,1
24,2,1
14,12,1
-311,12,0
-332,33,0
14,12,1
-327,28,0
-1,27,1
-308,9,0
25,1,1
-303,4,0
-304,5,0
17,9,1
-317,18,0
-114,140,1
-12,38,1
-305,6,0
-3,29,1
-303,4,0
25,1,1
25,1,1
-301,2,0
24,2,1
22,4,1
23,3,1
-4,30,1
-304,5,0
-380,81,0
-6,32,1
-300,1,0
-337,38,0
-307,8,0
-331,32,0
-300,1,0
-309,10,0
-344,45,0
18,8,1
-6,32,1
0,26,1
12,14,1
-16,42,1
-347,48,0
23,3,1
25,1,1
-30,56,1
-46,72,1
-323,24,0
6,20,1
20,6,1
25,1,1
-410,111,0
-315,16,0
25,1,1
-315,16,0
-316,17,0
21,5,1
-340,41,0
-325,26,0
25,1,1
24,2,1
23,3,1
-18,44,1
16,10,1
-1,27,1
20,6,1
25,1,1
24,2,1
-321,22,0
4,22,1
23,3,1
-360,61,0
25,1,1
-41,67,1
15,11,1
7,19,1
-347,48,0
-301,2,0
-5,31,1
23,3,1
25,1,1
-301,2,0
-357,58,0
25,1,1
23,3,1
-305,6,0
-39,65,1
25,1,1
-2,28,1
24,2,1
-307,8,0
23,3,1
23,3,1
22,4,1
-305,6,0
-21,47,1
22,4,1
18,8,1
13,13,1
15,11,1
-497,198,0
24,2,1
24,2,1
25,1,1
18,8,1
-7,33,1
-306,7,0
-308,9,0
11,15,1
21,5,1
-303,4,0
18,8,1
4,22,1
-302,3,0
-398,99,0
23,3,1
24,2,1
-32,58,1
-309,10,0
-41,67,1
-315,16,0
17,9,1
-23,49,1
17,9,1
24,2,1
-14,40,1
-322,23,0
-306,7,0
25,1,1
-64,90,1
-304,5,0
-306,7,0
-311,12,0
24,2,1
24,2,1
8,18,1
-405,106,0
-307,8,0
-14,40,1
-48,74,1
25,1,1
19,7,1
-303,4,0
-336,37,0
-421,122,0
13,13,1
-300,1,0
7,19,1
17,9,1
23,3,1
20,6,1
25,1,1
-302,3,0
20,6,1
24,2,1
24,2,1
22,4,1
14,12,1
-303,4,0
0,26,1
-34,60,1
25,1,1
-27,53,1
19,7,1
14,12,1
-300,1,0
-300,1,0
-10,36,1
15,11,1
-4,30,1
23,3,1
-303,4,0
-302,3,0
-65,91,1
25,1,1
13,13,1
-315,16,0
4,22,1
19,7,1
-305,6,0
12,14,1
24,2,1
-370,71,0
18,8,1
-3,29,1
25,1,1
-301,2,0
-1,27,1
13,13,1
8,18,1
-317,18,0
17,9,1
-79,105,1
-308,9,0
21,5,1
-10,36,1
-13,39,1
22,4,1
15,11,1
-344,45,0
7,19,1
24,2,1
-300,1,0
23,3,1
-317,18,0
24,2,1
-300,1,0
25,1,1
-305,6,0
25,1,1
-24,50,1
22,4,1
-344,45,0
-300,1,0
24,2,1
-301,2,0
-318,19,0
22,4,1
-315,16,0
25,1,1
7,19,1
25,1,1
-308,9,0
23,3,1
16,10,1
-302,3,0
0,26,1
4,22,1
16,10,1
18,8,1
3,23,1
-302,3,0
-343,44,0
18,8,1
-13,39,1
-325,26,0
-3,29,1
-19,45,1
24,2,1
-25,51,1
25,1,1
25,1,1
20,6,1
-428,129,0
23,3,1
-3,29,1
7,19,1
-307,8,0
18,8,1
-140,166,1
23,3,1
-24,50,1
25,1,1
-317,18,0
9,17,1
-306,7,0
-2,28,1
15,11,1
-319,20,0
20,6,1
25,1,1
-326,27,0
22,4,1
14,12,1
24,2,1
-318,19,0
-343,44,0
24,2,1
11,15,1
22,4,1
-93,119,1
12,14,1
-43,69,1
6,20,1
-4,30,1
-345,46,0
17,9,1
25,1,1
-300,1,0
12,14,1
23,3,1
-319,20,0
8,18,1
14,12,1
24,2,1
22,4,1
-300,1,0
-309,10,0
20,6,1
16,10,1
-309,10,0
23,3,1
18,8,1
17,9,1
25,1,1
-390,91,0
-1,27,1
-311,12,0
8,18,1
25,1,1
20,6,1
-39,65,1
-303,4,0
-311,12,0
24,2,1
-300,1,0
-20,46,1
-300,1,0
-325,26,0
-303,4,0
-304,5,0
-325,26,0
17,9,1
-23,49,1
-346,47,0
-312,13,0
24,2,1
25,1,1
17,9,1
20,6,1
24,2,1
-307,8,0
-319,20,0
25,1,1
-308,9,0
10,16,1
13,13,1
23,3,1
22,4,1
-6,32,1
22,4,1
2,24,1
9,17,1
22,4,1
-303,4,0
16,10,1
2,24,1
-306,7,0
25,1,1
0,26,1
-313,14,0
-300,1,0
12,14,1
-57,83,1
-55,81,1
-352,53,0
-3,29,1
5,21,1
25,1,1
18,8,1
-305,6,0
13,13,1
13,13,1
-415,116,0
25,1,1
22,4,1
25,1,1
24,2,1
-334,35,0
-26,52,1
11,15,1
22,4,1
11,15,1
-311,12,0
-315,16,0
23,3,1
-325,26,0
17,9,1
-300,1,0
5,21,1
-337,38,0
-300,1,0
20,6,1
-304,5,0
20,6,1
-39,65,1
21,5,1
-340,41,0
25,1,1
24,2,1
22,4,1
-301,2,0
24,2,1
6,20,1
9,17,1
25,1,1
-358,59,0
-300,1,0
25,1,1
25,1,1
-303,4,0
10,16,1
25,1,1
-301,2,0
-301,2,0
25,1,1
16,10,1
25,1,1
-304,5,0
-310,11,0
24,2,1
-16,42,1
24,2,1
25,1,1
0,26,1
18,8,1
-323,24,0
15,11,1
7,19,1
20,6,1
-300,1,0
-23,49,1
25,1,1
25,1,1
-339,40,0
24,2,1
3,23,1
24,2,1
12,14,1
-309,10,0
22,4,1
-51,77,1
23,3,1
21,5,1
-300,1,0
21,5,1
1,25,1
25,1,1
22,4,1
15,11,1
25,1,1
8,18,1
-49,75,1
-326,27,0
22,4,1
25,1,1
-361,62,0
-301,2,0
25,1,1
12,14,1
-12,38,1
-309,10,0
-397,98,0
-9,35,1
25,1,1
-301,2,0
-20,46,1
22,4,1
-318,19,0
5,21,1
22,4,1
13,13,1
10,16,1
19,7,1
-334,35,0
-4,30,1
14,12,1
-303,4,0
-30,56,1
14,12,1
15,11,1
23,3,1
25,1,1
23,3,1
-331,32,0
-313,14,0
-15,41,1
25,1,1
-302,3,0
24,2,1
25,1,1
25,1,1
-77,103,1
-343,44,0
25,1,1
-368,69,0
25,1,1
22,4,1
25,1,1
18,8,1
-302,3,0
22,4,1
25,1,1
-441,142,0
12,14,1
24,2,1
22,4,1
24,2,1
-36,62,1
-51,77,1
10,16,1
-347,48,0
-301,2,0
24,2,1
24,2,1
-300,1,0
1,25,1
-318,19,0
25,1,1
25,1,1
-300,1,0
25,1,1
24,2,1
11,15,1
0,26,1
22,4,1
25,1,1
25,1,1
-353,54,0
-313,14,0
0,26,1
-339,40,0
0,26,1
21,5,1
23,3,1
24,2,1
21,5,1
25,1,1
2,24,1
-312,13,0
-60,86,1
-309,10,0
8,18,1
-323,24,0
23,3,1
-310,11,0
-312,13,0
-318,19,0
20,6,1
25,1,1
-311,12,0
-338,39,0
9,17,1
23,3,1
22,4,1
-313,14,0
-303,4,0
24,2,1
-62,88,1
-302,3,0
24,2,1
-300,1,0
-300,1,0
21,5,1
20,6,1
-358,59,0
19,7,1
-305,6,0
-302,3,0
-2,28,1
-25,51,1
-329,30,0
-321,22,0
-2,28,1
7,19,1
24,2,1
24,2,1
25,1,1
-26,52,1
-17,43,1
23,3,1
25,1,1
-16,42,1
-342,43,0
20,6,1
21,5,1
17,9,1
18,8,1
16,10,1
25,1,1
12,14,1
25,1,1
-319,20,0
-316,17,0
-9,35,1
16,10,1
14,12,1
-318,19,0
-315,16,0
-303,4,0
-8,34,1
24,2,1
22,4,1
-349,50,0
17,9,1
24,2,1
-334,35,0
-34,60,1
-307,8,0
22,4,1
-307,8,0
20,6,1
25,1,1
-323,24,0
-300,1,0
24,2,1
22,4,1
-8,34,1
20,6,1
25,1,1
-21,47,1
-316,17,0
-335,36,0
-347,48,0
23,3,1
20,6,1
23,3,1
-354,55,0
10,16,1
-1,27,1
24,2,1
22,4,1
25,1,1
-3,29,1
22,4,1
-38,64,1
22,4,1
3,23,1
-32,58,1
24,2,1
-341,42,0
23,3,1
25,1,1
-347,48,0
25,1,1
24,2,1
-306,7,0
-81,107,1
-67,93,1
24,2,1
2,24,1
-28,54,1
-17,43,1
-302,3,0
-300,1,0
19,7,1
8,18,1
3,23,1
23,3,1
2,24,1
25,1,1
-2,28,1
23,3,1
25,1,1
-312,13,0
23,3,1
2,24,1
7,19,1
-308,9,0
1,25,1
-313,14,0
25,1,1
6,20,1
20,6,1
-328,29,0
13,13,1
-308,9,0
20,6,1
-11,37,1
25,1,1
-3,29,1
-7,33,1
-15,41,1
19,7,1
-307,8,0
-305,6,0
24,2,1
7,19,1
-324,25,0
-301,2,0
-7,33,1
-28,54,1
4,22,1
20,6,1
-303,4,0
-301,2,0
13,13,1
20,6,1
22,4,1
24,2,1
12,14,1
25,1,1
9,17,1
2,24,1
25,1,1
-10,36,1
24,2,1
18,8,1
-316,17,0
24,2,1
11,15,1
17,9,1
23,3,1
-69,95,1
17,9,1
21,5,1
25,1,1
-300,1,0
25,1,1
22,4,1
-1,27,1
-328,29,0
-300,1,0
11,15,1
5,21,1
-335,36,0
-2,28,1
24,2,1
15,11,1
-304,5,0
-11,37,1
22,4,1
18,8,1
24,2,1
15,11,1
24,2,1
24,2,1
25,1,1
21,5,1
-303,4,0
21,5,1
-311,12,0
-302,3,0
22,4,1
24,2,1
-3,29,1
20,6,1
19,7,1
-314,15,0
24,2,1
24,2,1
11,15,1
25,1,1
18,8,1
-78,104,1
25,1,1
25,1,1
25,1,1
22,4,1
25,1,1
22,4,1
20,6,1
24,2,1
25,1,1
18,8,1
-317,18,0
25,1,1
-317,18,0
14,12,1
23,3,1
-322,23,0
19,7,1
-9,35,1
25,1,1
7,19,1
22,4,1
5,21,1
23,3,1
4,22,1
6,20,1
-336,37,0
-7,33,1
25,1,1
9,17,1
15,11,1
24,2,1
-314,15,0
1,25,1
-308,9,0
5,21,1
24,2,1
24,2,1
-314,15,0
24,2,1
-320,21,0
25,1,1
-309,10,0
25,1,1
19,7,1
24,2,1
23,3,1
1,25,1
-318,19,0
24,2,1
20,6,1
21,5,1
-302,3,0
-1,27,1
-300,1,0
-306,7,0
-303,4,0
-311,12,0
21,5,1
25,1,1
22,4,1
17,9,1
-302,3,0
-13,39,1
-304,5,0
-15,41,1
-323,24,0
10,16,1
25,1,1
20,6,1
-302,3,0
-311,12,0
23,3,1
-302,3,0
25,1,1
16,10,1
-312,13,0
25,1,1
-337,38,0
-24,50,1
24,2,1
25,1,1
-304,5,0
23,3,1
22,4,1
22,4,1
24,2,1
-306,7,0
-305,6,0
22,4,1
-312,13,0
24,2,1
14,12,1
24,2,1
-300,1,0
-102,128,1
12,14,1
23,3,1
25,1,1
7,19,1
16,10,1
-316,17,0
25,1,1
18,8,1
21,5,1
-370,71,0
14,12,1
-321,22,0
25,1,1
23,3,1
-300,1,0
10,16,1
24,2,1
21,5,1
-2,28,1
-70,96,1
-301,2,0
16,10,1
16,10,1
-302,3,0
24,2,1
-322,23,0
24,2,1
21,5,1
-327,28,0
22,4,1
-302,3,0
19,7,1
5,21,1
20,6,1
0,26,1
14,12,1
-114,140,1
23,3,1
19,7,1
17,9,1
12,14,1
24,2,1
-305,6,0
22,4,1
24,2,1
-310,11,0
24,2,1
25,1,1
-304,5,0
25,1,1
-301,2,0
-19,45,1
-302,3,0
-333,34,0
-302,3,0
24,2,1
24,2,1
16,10,1
11,15,1
25,1,1
-3,29,1
-1,27,1
24,2,1
-300,1,0
4,22,1
-46,72,1
-333,34,0
-314,15,0
24,2,1
24,2,1
25,1,1
7,19,1
25,1,1
24,2,1
23,3,1
22,4,1
15,11,1
-323,24,0
-302,3,0
25,1,1
24,2,1
25,1,1
25,1,1
19,7,1
21,5,1
-328,29,0
23,3,1
-19,45,1
25,1,1
13,13,1
15,11,1
21,5,1
-314,15,0
-4,30,1
16,10,1
23,3,1
24,2,1
22,4,1
12,14,1
-357,58,0
-323,24,0
25,1,1
25,1,1
23,3,1
-303,4,0
-361,62,0
-10,36,1
-337,38,0
22,4,1
-380,81,0
-315,16,0
17,9,1
-28,54,1
25,1,1
-317,18,0
19,7,1
14,12,1
19,7,1
-308,9,0
7,19,1
-345,46,0
-309,10,0
-300,1,0
5,21,1
-301,2,0
-325,26,0
25,1,1
21,5,1
24,2,1
23,3,1
19,7,1
24,2,1
24,2,1
21,5,1
25,1,1
-317,18,0
-374,75,0
25,1,1
25,1,1
-35,61,1
-324,25,0
-6,32,1
-323,24,0
23,3,1
-9,35,1
16,10,1
19,7,1
12,14,1
24,2,1
25,1,1
-331,32,0
-311,12,0
21,5,1
-371,72,0
24,2,1
13,13,1
24,2,1
-306,7,0
13,13,1
23,3,1
-300,1,0
-357,58,0
-317,18,0
-337,38,0
-16,42,1
3,23,1
19,7,1
20,6,1
22,4,1
-22,48,1
-301,2,0
25,1,1
-55,81,1
5,21,1
-300,1,0
25,1,1
10,16,1
-306,7,0
23,3,1
23,3,1
24,2,1
24,2,1
-334,35,0
23,3,1
20,6,1
25,1,1
-312,13,0
20,6,1
22,4,1
-348,49,0
-352,53,0
-321,22,0
8,18,1
14,12,1
-19,45,1
16,10,1
21,5,1
-338,39,0
7,19,1
4,22,1
25,1,1
-44,70,1
10,16,1
-40,66,1
8,18,1
20,6,1
23,3,1
17,9,1
-342,43,0
-23,49,1
-21,47,1
0,26,1
15,11,1
-313,14,0
-314,15,0
17,9,1
20,6,1
18,8,1
1,25,1
0,26,1
21,5,1
25,1,1
12,14,1
-305,6,0
25,1,1
23,3,1
25,1,1
0,26,1
24,2,1
-318,19,0
-301,2,0
-3,29,1
-300,1,0
25,1,1
9,17,1
-313,14,0
25,1,1
17,9,1
-343,44,0
25,1,1
-326,27,0
17,9,1
15,11,1
25,1,1
10,16,1
18,8,1
16,10,1
22,4,1
19,7,1
21,5,1
24,2,1
-303,4,0
25,1,1
24,2,1
17,9,1
-301,2,0
-311,12,0
-9,35,1
14,12,1
-335,36,0
24,2,1
22,4,1
15,11,1
24,2,1
22,4,1
-8,34,1
25,1,1
24,2,1
-309,10,0
23,3,1
13,13,1
21,5,1
15,11,1
24,2,1
25,1,1
-307,8,0
-300,1,0
7,19,1
-320,21,0
-305,6,0
-305,6,0
25,1,1
22,4,1
7,19,1
-20,46,1
-7,33,1
24,2,1
-301,2,0
25,1,1
-300,1,0
22,4,1
25,1,1
7,19,1
24,2,1
-30,56,1
25,1,1
18,8,1
-326,27,0
15,11,1
16,10,1
-11,37,1
-308,9,0
23,3,1
16,10,1
15,11,1
17,9,1
-307,8,0
-304,5,0
24,2,1
25,1,1
23,3,1
-307,8,0
24,2,1
-301,2,0
-302,3,0
25,1,1
-300,1,0
-33,59,1
-300,1,0
-315,16,0
-347,48,0
-300,1,0
25,1,1
-313,14,0
25,1,1
24,2,1
25,1,1
-32,58,1
-301,2,0
12,14,1
14,12,1
21,5,1
25,1,1
-330,31,0
-326,27,0
-365,66,0
25,1,1
23,3,1
-302,3,0
4,22,1
25,1,1
-309,10,0
-332,33,0
-15,41,1
21,5,1
10,16,1
-301,2,0
25,1,1
-301,2,0
25,1,1
21,5,1
9,17,1
24,2,1
-384,85,0
24,2,1
24,2,1
23,3,1
10,16,1
24,2,1
8,18,1
-5,31,1
25,1,1
20,6,1
22,4,1
22,4,1
25,1,1
22,4,1
9,17,1
23,3,1
-322,23,0
24,2,1
21,5,1
20,6,1
-368,69,0
-303,4,0
-321,22,0
25,1,1
21,5,1
16,10,1
22,4,1
16,10,1
-327,28,0
-302,3,0
-32,58,1
-47,73,1
-313,14,0
9,17,1
25,1,1
23,3,1
12,14,1
7,19,1
-12,38,1
-10,36,1
20,6,1
22,4,1
-22,48,1
-39,65,1
23,3,1
21,5,1
-27,53,1
24,2,1
14,12,1
-344,45,0
25,1,1
23,3,1
-316,17,0
25,1,1
-333,34,0
23,3,1
22,4,1
22,4,1
24,2,1
1,25,1
24,2,1
25,1,1
23,3,1
25,1,1
23,3,1
-303,4,0
-63,89,1
-322,23,0
24,2,1
25,1,1
25,1,1
9,17,1
-369,70,0
-330,31,0
20,6,1
-58,84,1
-17,43,1
22,4,1
-7,33,1
25,1,1
23,3,1
23,3,1
16,10,1
14,12,1
-320,21,0
8,18,1
9,17,1
21,5,1
25,1,1
24,2,1
24,2,1
-372,73,0
22,4,1
24,2,1
5,21,1
16,10,1
21,5,1
-316,17,0
16,10,1
18,8,1
24,2,1
-19,45,1
25,1,1
8,18,1
-328,29,0
25,1,1
24,2,1
24,2,1
-4,30,1
-329,30,0
25,1,1
23,3,1
23,3,1
25,1,1
-327,28,0
-7,33,1
-16,42,1
15,11,1
25,1,1
-9,35,1
-300,1,0
25,1,1
-342,43,0
25,1,1
7,19,1
25,1,1
24,2,1
-36,62,1
-8,34,1
-328,29,0
8,18,1
-300,1,0
24,2,1
-4,30,1
-321,22,0
-313,14,0
-332,33,0
23,3,1
25,1,1
24,2,1
21,5,1
-300,1,0
-33,59,1
-29,55,1
23,3,1
9,17,1
25,1,1
25,1,1
-369,70,0
15,11,1
25,1,1
-23,49,1
-313,14,0
24,2,1
25,1,1
20,6,1
3,23,1
-311,12,0
23,3,1
25,1,1
17,9,1
-310,11,0
9,17,1
-378,79,0
-321,22,0
23,3,1
-18,44,1
-336,37,0
-378,79,0
22,4,1
-25,51,1
24,2,1
17,9,1
25,1,1
25,1,1
14,12,1
24,2,1
-306,7,0
-46,72,1
25,1,1
-484,185,0
-394,95,0
-24,50,1
25,1,1
25,1,1
-304,5,0
-333,34,0
5,21,1
23,3,1
22,4,1
25,1,1
-320,21,0
-34,60,1
22,4,1
-326,27,0
19,7,1
23,3,1
23,3,1
-313,14,0
18,8,1
20,6,1
21,5,1
10,16,1
-307,8,0
-365,66,0
18,8,1
23,3,1
-306,7,0
7,19,1
-315,16,0
-337,38,0
25,1,1
24,2,1
13,13,1
-55,81,1
21,5,1
15,11,1
20,6,1
22,4,1
14,12,1
25,1,1
-301,2,0
23,3,1
-326,27,0
24,2,1
2,24,1
17,9,1
-1,27,1
-301,2,0
6,20,1
-310,11,0
22,4,1
-15,41,1
24,2,1
-311,12,0
-321,22,0
-305,6,0
-26,52,1
24,2,1
-321,22,0
19,7,1
24,2,1
24,2,1
25,1,1
-322,23,0
25,1,1
25,1,1
25,1,1
20,6,1
-41,67,1
-354,55,0
22,4,1
6,20,1
-3,29,1
22,4,1
17,9,1
-300,1,0
23,3,1
23,3,1
16,10,1
17,9,1
-88,114,1
10,16,1
24,2,1
25,1,1
16,10,1
-22,48,1
23,3,1
14,12,1
-307,8,0
-58,84,1
22,4,1
23,3,1
-43,69,1
-316,17,0
13,13,1
-333,34,0
-111,137,1
14,12,1
-321,22,0
-319,20,0
-302,3,0
-69,95,1
-31,57,1
-340,41,0
23,3,1
-325,26,0
12,14,1
25,1,1
12,14,1
-302,3,0
8,18,1
-38,64,1
-302,3,0
25,1,1
16,10,1
-303,4,0
22,4,1
24,2,1
23,3,1
10,16,1
25,1,1
-309,10,0
-348,49,0
3,23,1
-355,56,0
-300,1,0
20,6,1
25,1,1
23,3,1
-71,97,1
25,1,1
-304,5,0
-314,15,0
25,1,1
23,3,1
5,21,1
13,13,1
-304,5,0
25,1,1
-311,12,0
-300,1,0
-37,63,1
24,2,1
21,5,1
-4,30,1
-322,23,0
23,3,1
20,6,1
9,17,1
14,12,1
21,5,1
25,1,1
23,3,1
23,3,1
-352,53,0
24,2,1
24,2,1
17,9,1
23,3,1
-11,37,1
22,4,1
23,3,1
-335,36,0
-308,9,0
-4,30,1
21,5,1
25,1,1
-13,39,1
-303,4,0
-327,28,0
15,11,1
24,2,1
25,1,1
20,6,1
-304,5,0
-316,17,0
22,4,1
-318,19,0
25,1,1
-31,57,1
-314,15,0
21,5,1
20,6,1
21,5,1
25,1,1
25,1,1
19,7,1
25,1,1
-5,31,1
23,3,1
9,17,1
-328,29,0
-329,30,0
23,3,1
-48,74,1
25,1,1
15,11,1
24,2,1
24,2,1
-375,76,0
10,16,1
25,1,1
22,4,1
21,5,1
-9,35,1
-20,46,1
-390,91,0
2,24,1
20,6,1
12,14,1
-24,50,1
15,11,1
-311,12,0
-48,74,1
21,5,1
-300,1,0
12,14,1
13,13,1
15,11,1
4,22,1
15,11,1
-2,28,1
20,6,1
12,14,1
25,1,1
-310,11,0
-337,38,0
23,3,1
-11,37,1
25,1,1
-363,64,0
16,10,1
-352,53,0
18,8,1
25,1,1
6,20,1
-314,15,0
20,6,1
-318,19,0
24,2,1
25,1,1
19,7,1
25,1,1
21,5,1
21,5,1
24,2,1
12,14,1
22,4,1
-320,21,0
20,6,1
-15,41,1
17,9,1
-14,40,1
24,2,1
16,10,1
12,14,1
25,1,1
-328,29,0
-59,85,1
13,13,1
-2,28,1
-325,26,0
24,2,1
22,4,1
-396,97,0
-319,20,0
-304,5,0
24,2,1
23,3,1
22,4,1
2,24,1
24,2,1
-334,35,0
7,19,1
-87,113,1
17,9,1
-302,3,0
18,8,1
23,3,1
23,3,1
25,1,1
25,1,1
24,2,1
-322,23,0
-16,42,1
23,3,1
-310,11,0
19,7,1
-307,8,0
3,23,1
21,5,1
16,10,1
9,17,1
7,19,1
14,12,1
-10,36,1
25,1,1
25,1,1
22,4,1
11,15,1
-379,80,0
25,1,1
16,10,1
19,7,1
-436,137,0
25,1,1
23,3,1
2,24,1
-309,10,0
24,2,1
22,4,1
24,2,1
19,7,1
-344,45,0
25,1,1
24,2,1
25,1,1
25,1,1
24,2,1
22,4,1
25,1,1
-330,31,0
22,4,1
23,3,1
-6,32,1
-44,70,1
-313,14,0
25,1,1
-305,6,0
17,9,1
-331,32,0
21,5,1
-311,12,0
22,4,1
18,8,1
16,10,1
25,1,1
14,12,1
12,14,1
-399,100,0
-310,11,0
25,1,1
-308,9,0
-9,35,1
20,6,1
-2,28,1
-300,1,0
23,3,1
23,3,1
-384,85,0
-301,2,0
10,16,1
25,1,1
23,3,1
-14,40,1
-351,52,0
14,12,1
19,7,1
-7,33,1
-303,4,0
25,1,1
19,7,1
6,20,1
19,7,1
-331,32,0
-336,37,0
-376,77,0
23,3,1
23,3,1
13,13,1
9,17,1
-307,8,0
-36,62,1
17,9,1
-345,46,0
25,1,1
25,1,1
-304,5,0
-339,40,0
-332,33,0
1,25,1
-331,32,0
14,12,1
20,6,1
25,1,1
20,6,1
20,6,1
22,4,1
-337,38,0
-21,47,1
25,1,1
25,1,1
-48,74,1
25,1,1
16,10,1
-24,50,1
-356,57,0
-300,1,0
21,5,1
20,6,1
-313,14,0
-302,3,0
-305,6,0
-25,51,1
-305,6,0
15,11,1
22,4,1
-2,28,1
25,1,1
25,1,1
25,1,1
23,3,1
-314,15,0
18,8,1
-325,26,0
-320,21,0
-2,28,1
-300,1,0
-311,12,0
19,7,1
19,7,1
7,19,1
24,2,1
24,2,1
-13,39,1
-332,33,0
22,4,1
24,2,1
24,2,1
23,3,1
24,2,1
25,1,1
13,13,1
-315,16,0
-43,69,1
24,2,1
18,8,1
24,2,1
20,6,1
21,5,1
25,1,1
-313,14,0
-316,17,0
21,5,1
24,2,1
20,6,1
21,5,1
19,7,1
23,3,1
25,1,1
-304,5,0
18,8,1
25,1,1
-22,48,1
17,9,1
11,15,1
24,2,1
21,5,1
23,3,1
25,1,1
-314,15,0
24,2,1
21,5,1
12,14,1
13,13,1
-318,19,0
24,2,1
25,1,1
13,13,1
-14,40,1
-302,3,0
-300,1,0
21,5,1
25,1,1
24,2,1
-1,27,1
22,4,1
23,3,1
24,2,1
17,9,1
22,4,1
23,3,1
6,20,1
-16,42,1
19,7,1
-30,56,1
25,1,1
-4,30,1
11,15,1
19,7,1
17,9,1
23,3,1
25,1,1
23,3,1
15,11,1
-3,29,1
-315,16,0
-6,32,1
24,2,1
-314,15,0
-306,7,0
-29,55,1
-11,37,1
25,1,1
23,3,1
-316,17,0
-3,29,1
-307,8,0
-13,39,1
24,2,1
20,6,1
-304,5,0
3,23,1
-14,40,1
25,1,1
23,3,1
25,1,1
18,8,1
24,2,1
16,10,1
10,16,1
7,19,1
18,8,1
25,1,1
-300,1,0
20,6,1
14,12,1
24,2,1
-302,3,0
23,3,1
-320,21,0
25,1,1
12,14,1
-311,12,0
-3,29,1
-305,6,0
24,2,1
-322,23,0
24,2,1
8,18,1
21,5,1
-322,23,0
17,9,1
25,1,1
25,1,1
-300,1,0
15,11,1
-11,37,1
-325,26,0
-311,12,0
-365,66,0
23,3,1
-311,12,0
-32,58,1
-330,31,0
20,6,1
-332,33,0
22,4,1
17,9,1
23,3,1
4,22,1
25,1,1
22,4,1
22,4,1
5,21,1
-320,21,0
25,1,1
24,2,1
10,16,1
-308,9,0
2,24,1
-7,33,1
12,14,1
4,22,1
18,8,1
-5,31,1
22,4,1
24,2,1
25,1,1
3,23,1
25,1,1
23,3,1
-300,1,0
23,3,1
-322,23,0
14,12,1
23,3,1
-301,2,0
-305,6,0
18,8,1
-354,55,0
13,13,1
-317,18,0
23,3,1
14,12,1
11,15,1
24,2,1
25,1,1
-314,15,0
-309,10,0
-9,35,1
9,17,1
22,4,1
24,2,1
25,1,1
24,2,1
25,1,1
-307,8,0
14,12,1
-307,8,0
-1,27,1
-39,65,1
20,6,1
20,6,1
23,3,1
3,23,1
24,2,1
15,11,1
25,1,1
16,10,1
22,4,1
-337,38,0
25,1,1
25,1,1
-318,19,0
20,6,1
8,18,1
-318,19,0
-13,39,1
20,6,1
8,18,1
12,14,1
21,5,1
8,18,1
25,1,1
24,2,1
-300,1,0
17,9,1
22,4,1
-325,26,0
23,3,1
25,1,1
-316,17,0
2,24,1
16,10,1
22,4,1
1,25,1
24,2,1
20,6,1
-379,80,0
25,1,1
-311,12,0
24,2,1
-88,114,1
14,12,1
18,8,1
-301,2,0
25,1,1
25,1,1
24,2,1
25,1,1
24,2,1
-319,20,0
-360,61,0
-346,47,0
21,5,1
-300,1,0
19,7,1
25,1,1
24,2,1
24,2,1
17,9,1
10,16,1
24,2,1
24,2,1
23,3,1
23,3,1
-24,50,1
17,9,1
24,2,1
-303,4,0
12,14,1
25,1,1
11,15,1
19,7,1
-304,5,0
25,1,1
25,1,1
25,1,1
-301,2,0
-2,28,1
6,20,1
14,12,1
20,6,1
25,1,1
-379,80,0
18,8,1
25,1,1
-300,1,0
25,1,1
-306,7,0
6,20,1
20,6,1
21,5,1
23,3,1
9,17,1
-300,1,0
-1,27,1
-58,84,1
10,16,1
25,1,1
-301,2,0
24,2,1
20,6,1
19,7,1
24,2,1
16,10,1
-2,28,1
23,3,1
8,18,1
23,3,1
-300,1,0
22,4,1
-302,3,0
25,1,1
8,18,1
22,4,1
-30,56,1
25,1,1
-1,27,1
-27,53,1
25,1,1
-324,25,0
-303,4,0
-310,11,0
25,1,1
-315,16,0
12,14,1
7,19,1
-302,3,0
-3,29,1
25,1,1
11,15,1
25,1,1
14,12,1
20,6,1
-344,45,0
25,1,1
-307,8,0
16,10,1
-310,11,0
-302,3,0
-309,10,0
-32,58,1
24,2,1
24,2,1
24,2,1
21,5,1
18,8,1
25,1,1
-309,10,0
25,1,1
24,2,1
7,19,1
25,1,1
21,5,1
-406,107,0
17,9,1
-30,56,1
12,14,1
19,7,1
-313,14,0
22,4,1
-304,5,0
-311,12,0
22,4,1
24,2,1
-10,36,1
23,3,1
21,5,1
6,20,1
-303,4,0
10,16,1
21,5,1
20,6,1
15,11,1
25,1,1
23,3,1
-301,2,0
10,16,1
17,9,1
-300,1,0
-312,13,0
10,16,1
25,1,1
-13,39,1
25,1,1
-20,46,1
25,1,1
-307,8,0
-325,26,0
25,1,1
-29,55,1
25,1,1
25,1,1
17,9,1
-17,43,1
24,2,1
-10,36,1
-384,85,0
21,5,1
-20,46,1
-306,7,0
19,7,1
-42,68,1
15,11,1
-3,29,1
-8,34,1
-41,67,1
-301,2,0
-140,166,1
-312,13,0
21,5,1
22,4,1
-28,54,1
18,8,1
-382,83,0
22,4,1
-306,7,0
25,1,1
-302,3,0
20,6,1
-347,48,0
25,1,1
-392,93,0
18,8,1
21,5,1
24,2,1
24,2,1
20,6,1
23,3,1
25,1,1
21,5,1
-327,28,0
-9,35,1
15,11,1
-5,31,1
16,10,1
24,2,1
-302,3,0
25,1,1
-317,18,0
22,4,1
22,4,1
22,4,1
25,1,1
-310,11,0
18,8,1
-29,55,1
16,10,1
-307,8,0
-17,43,1
16,10,1
25,1,1
24,2,1
-20,46,1
-360,61,0
19,7,1
25,1,1
15,11,1
-328,29,0
23,3,1
15,11,1
24,2,1
-11,37,1
-322,23,0
6,20,1
25,1,1
-19,45,1
-31,57,1
23,3,1
19,7,1
11,15,1
3,23,1
12,14,1
25,1,1
-333,34,0
2,24,1
23,3,1
23,3,1
-360,61,0
-316,17,0
25,1,1
13,13,1
0,26,1
21,5,1
-300,1,0
22,4,1
25,1,1
24,2,1
-316,17,0
22,4,1
7,19,1
20,6,1
6,20,1
-327,28,0
20,6,1
25,1,1
-310,11,0
0,26,1
13,13,1
21,5,1
-17,43,1
22,4,1
25,1,1
7,19,1
-47,73,1
24,2,1
-44,70,1
-345,46,0
23,3,1
25,1,1
-314,15,0
11,15,1
1,25,1
-308,9,0
1,25,1
11,15,1
25,1,1
19,7,1
16,10,1
25,1,1
10,16,1
12,14,1
25,1,1
-328,29,0
-302,3,0
-300,1,0
-300,1,0
22,4,1
21,5,1
21,5,1
21,5,1
24,2,1
-59,85,1
-311,12,0
-43,69,1
25,1,1
-336,37,0
23,3,1
11,15,1
22,4,1
25,1,1
-12,38,1
23,3,1
-38,64,1
25,1,1
-300,1,0
19,7,1
24,2,1
-310,11,0
-328,29,0
3,23,1
20,6,1
-310,11,0
25,1,1
17,9,1
-321,22,0
24,2,1
-304,5,0
11,15,1
12,14,1
23,3,1
25,1,1
-328,29,0
24,2,1
-11,37,1
4,22,1
-391,92,0
22,4,1
-117,143,1
-13,39,1
-315,16,0
11,15,1
-23,49,1
7,19,1
25,1,1
23,3,1
23,3,1
4,22,1
25,1,1
-159,185,1
21,5,1
24,2,1
-317,18,0
-49,75,1
17,9,1
-303,4,0
25,1,1
20,6,1
24,2,1
3,23,1
14,12,1
24,2,1
-305,6,0
10,16,1
25,1,1
-304,5,0
-33,59,1
24,2,1
25,1,1
24,2,1
-349,50,0
-364,65,0
24,2,1
25,1,1
-383,84,0
-10,36,1
-303,4,0
20,6,1
24,2,1
22,4,1
-1,27,1
20,6,1
18,8,1
-31,57,1
11,15,1
8,18,1
24,2,1
25,1,1
24,2,1
20,6,1
-314,15,0
18,8,1
-43,69,1
25,1,1
25,1,1
24,2,1
25,1,1
-302,3,0
20,6,1
25,1,1
22,4,1
-35,61,1
25,1,1
22,4,1
8,18,1
25,1,1
-313,14,0
-315,16,0
-35,61,1
19,7,1
16,10,1
-7,33,1
19,7,1
25,1,1
24,2,1
-303,4,0
16,10,1
-39,65,1
23,3,1
22,4,1
22,4,1
10,16,1
15,11,1
25,1,1
0,26,1
22,4,1
-346,47,0
13,13,1
19,7,1
25,1,1
24,2,1
22,4,1
-306,7,0
18,8,1
-29,55,1
25,1,1
16,10,1
3,23,1
21,5,1
17,9,1
13,13,1
-34,60,1
14,12,1
22,4,1
25,1,1
23,3,1
14,12,1
-300,1,0
16,10,1
21,5,1
25,1,1
8,18,1
-29,55,1
-340,41,0
24,2,1
24,2,1
25,1,1
25,1,1
-314,15,0
24,2,1
2,24,1
-1,27,1
-60,86,1
-14,40,1
21,5,1
-304,5,0
2,24,1
-55,81,1
-48,74,1
0,26,1
-18,44,1
24,2,1
-308,9,0
25,1,1
-62,88,1
-18,44,1
22,4,1
25,1,1
-3,29,1
-103,129,1
20,6,1
24,2,1
10,16,1
-326,27,0
25,1,1
-7,33,1
23,3,1
-313,14,0
21,5,1
20,6,1
-300,1,0
-13,39,1
-21,47,1
-10,36,1
24,2,1
22,4,1
-41,67,1
24,2,1
-303,4,0
16,10,1
8,18,1
21,5,1
24,2,1
-307,8,0
-318,19,0
25,1,1
25,1,1
10,16,1
17,9,1
-154,180,1
-308,9,0
-2,28,1
13,13,1
-44,70,1
-426,127,0
-301,2,0
20,6,1
22,4,1
25,1,1
14,12,1
-303,4,0
24,2,1
17,9,1
21,5,1
16,10,1
-322,23,0
15,11,1
25,1,1
16,10,1
-345,46,0
25,1,1
-311,12,0
22,4,1
25,1,1
3,23,1
24,2,1
15,11,1
-317,18,0
25,1,1
4,22,1
-305,6,0
11,15,1
-301,2,0
2,24,1
-350,51,0
-345,46,0
6,20,1
19,7,1
-51,77,1
0,26,1
12,14,1
-27,53,1
-300,1,0
23,3,1
25,1,1
25,1,1
-302,3,0
-302,3,0
18,8,1
24,2,1
24,2,1
25,1,1
11,15,1
-47,73,1
24,2,1
-308,9,0
3,23,1
9,17,1
10,16,1
7,19,1
20,6,1
9,17,1
-307,8,0
-7,33,1
-301,2,0
24,2,1
24,2,1
14,12,1
-12,38,1
8,18,1
-11,37,1
-327,28,0
-312,13,0
-306,7,0
10,16,1
-10,36,1
24,2,1
24,2,1
-337,38,0
23,3,1
25,1,1
17,9,1
-308,9,0
-313,14,0
-9,35,1
16,10,1
-317,18,0
22,4,1
-51,77,1
25,1,1
-314,15,0
13,13,1
24,2,1
14,12,1
10,16,1
-25,51,1
22,4,1
19,7,1
22,4,1
22,4,1
17,9,1
-36,62,1
10,16,1
-305,6,0
-6,32,1
3,23,1
25,1,1
12,14,1
2,24,1
-22,48,1
24,2,1
-300,1,0
25,1,1
13,13,1
17,9,1
-80,106,1
-300,1,0
-3,29,1
21,5,1
20,6,1
-314,15,0
23,3,1
3,23,1
-308,9,0
2,24,1
25,1,1
24,2,1
24,2,1
19,7,1
24,2,1
24,2,1
15,11,1
-3,29,1
-321,22,0
-341,42,0
22,4,1
17,9,1
22,4,1
14,12,1
24,2,1
-7,33,1
-5,31,1
-14,40,1
22,4,1
-6,32,1
23,3,1
20,6,1
16,10,1
-300,1,0
24,2,1
-324,25,0
24,2,1
-24,50,1
5,21,1
19,7,1
-53,79,1
-306,7,0
24,2,1
22,4,1
23,3,1
-2,28,1
24,2,1
25,1,1
23,3,1
12,14,1
2,24,1
-8,34,1
24,2,1
22,4,1
-405,106,0
24,2,1
4,22,1
8,18,1
25,1,1
18,8,1
19,7,1
23,3,1
19,7,1
15,11,1
-324,25,0
20,6,1
23,3,1
-17,43,1
18,8,1
-302,3,0
24,2,1
-325,26,0
25,1,1
25,1,1
-361,62,0
24,2,1
25,1,1
-338,39,0
-28,54,1
10,16,1
24,2,1
25,1,1
25,1,1
24,2,1
25,1,1
20,6,1
-3,29,1
20,6,1
15,11,1
22,4,1
-312,13,0
15,11,1
25,1,1
-33,59,1
25,1,1
17,9,1
13,13,1
20,6,1
23,3,1
23,3,1
25,1,1
24,2,1
-16,42,1
-23,49,1
24,2,1
-1,27,1
25,1,1
-36,62,1
25,1,1
-314,15,0
18,8,1
-312,13,0
23,3,1
17,9,1
23,3,1
-7,33,1
6,20,1
22,4,1
17,9,1
4,22,1
6,20,1
-2,28,1
19,7,1
24,2,1
24,2,1
16,10,1
25,1,1
-313,14,0
23,3,1
1,25,1
24,2,1
10,16,1
-52,78,1
-10,36,1
21,5,1
8,18,1
5,21,1
23,3,1
4,22,1
23,3,1
-302,3,0
-385,86,0
-337,38,0
-314,15,0
-345,46,0
-308,9,0
25,1,1
13,13,1
-305,6,0
-314,15,0
-300,1,0
25,1,1
-323,24,0
21,5,1
2,24,1
25,1,1
24,2,1
-303,4,0
25,1,1
20,6,1
25,1,1
-300,1,0
-61,87,1
13,13,1
22,4,1
22,4,1
-21,47,1
-326,27,0
-322,23,0
13,13,1
18,8,1
2,24,1
22,4,1
23,3,1
24,2,1
21,5,1
-302,3,0
-59,85,1
-3,29,1
4,22,1
-15,41,1
20,6,1
20,6,1
25,1,1
19,7,1
24,2,1
25,1,1
20,6,1
19,7,1
11,15,1
25,1,1
-320,21,0
-318,19,0
19,7,1
22,4,1
15,11,1
-119,145,1
-303,4,0
-334,35,0
25,1,1
-301,2,0
25,1,1
-378,79,0
-383,84,0
25,1,1
13,13,1
14,12,1
20,6,1
3,23,1
19,7,1
-326,27,0
21,5,1
24,2,1
-326,27,0
6,20,1
-310,11,0
-65,91,1
-5,31,1
21,5,1
25,1,1
-20,46,1
-19,45,1
-300,1,0
24,2,1
-303,4,0
-320,21,0
-10,36,1
25,1,1
-302,3,0
16,10,1
-28,54,1
21,5,1
17,9,1
25,1,1
1,25,1
24,2,1
15,11,1
21,5,1
-348,49,0
22,4,1
-42,68,1
-309,10,0
10,16,1
-300,1,0
-21,47,1
18,8,1
19,7,1
-306,7,0
22,4,1
24,2,1
-321,22,0
23,3,1
1,25,1
20,6,1
25,1,1
-300,1,0
19,7,1
21,5,1
17,9,1
8,18,1
-2,28,1
11,15,1
11,15,1
-20,46,1
-67,93,1
-3,29,1
-307,8,0
25,1,1
-303,4,0
18,8,1
22,4,1
14,12,1
9,17,1
-7,33,1
23,3,1
-307,8,0
-6,32,1
24,2,1
18,8,1
0,26,1
-370,71,0
23,3,1
24,2,1
22,4,1
21,5,1
21,5,1
24,2,1
25,1,1
-1,27,1
-301,2,0
-4,30,1
0,26,1
24,2,1
-310,11,0
23,3,1
-324,25,0
-44,70,1
-311,12,0
24,2,1
24,2,1
11,15,1
19,7,1
24,2,1
23,3,1
25,1,1
-80,106,1
17,9,1
-13,39,1
24,2,1
19,7,1
4,22,1
16,10,1
18,8,1
25,1,1
-301,2,0
21,5,1
24,2,1
24,2,1
-313,14,0
-321,22,0
25,1,1
-312,13,0
19,7,1
-308,9,0
25,1,1
0,26,1
20,6,1
25,1,1
21,5,1
-10,36,1
13,13,1
25,1,1
6,20,1
-1,27,1
-307,8,0
-17,43,1
24,2,1
23,3,1
-305,6,0
3,23,1
-301,2,0
23,3,1
2,24,1
-18,44,1
25,1,1
24,2,1
14,12,1
10,16,1
-320,21,0
18,8,1
-304,5,0
11,15,1
-305,6,0
-341,42,0
18,8,1
-300,1,0
-302,3,0
15,11,1
-1,27,1
25,1,1
-312,13,0
-305,6,0
15,11,1
-314,15,0
24,2,1
-310,11,0
-304,5,0
-365,66,0
13,13,1
0,26,1
16,10,1
19,7,1
24,2,1
24,2,1
10,16,1
18,8,1
14,12,1
22,4,1
16,10,1
22,4,1
-11,37,1
-301,2,0
-301,2,0
-389,90,0
25,1,1
18,8,1
-301,2,0
25,1,1
-40,66,1
7,19,1
24,2,1
14,12,1
14,12,1
22,4,1
-300,1,0
9,17,1
24,2,1
25,1,1
24,2,1
-320,21,0
25,1,1
25,1,1
23,3,1
19,7,1
-310,11,0
14,12,1
23,3,1
25,1,1
10,16,1
25,1,1
24,2,1
-2,28,1
-304,5,0
15,11,1
9,17,1
24,2,1
12,14,1
25,1,1
-370,71,0
-410,111,0
24,2,1
-26,52,1
3,23,1
24,2,1
14,12,1
7,19,1
-314,15,0
20,6,1
-303,4,0
24,2,1
18,8,1
10,16,1
-320,21,0
24,2,1
20,6,1
17,9,1
24,2,1
25,1,1
-28,54,1
14,12,1
25,1,1
-301,2,0
10,16,1
-23,49,1
22,4,1
-301,2,0
22,4,1
-318,19,0
-300,1,0
24,2,1
-355,56,0
21,5,1
15,11,1
17,9,1
15,11,1
18,8,1
25,1,1
-52,78,1
20,6,1
24,2,1
24,2,1
-306,7,0
-68,94,1
20,6,1
25,1,1
25,1,1
-3,29,1
25,1,1
24,2,1
21,5,1
-314,15,0
25,1,1
25,1,1
11,15,1
-14,40,1
-349,50,0
21,5,1
-7,33,1
4,22,1
24,2,1
25,1,1
20,6,1
-74,100,1
-359,60,0
24,2,1
-1,27,1
18,8,1
25,1,1
-306,7,0
19,7,1
25,1,1
12,14,1
23,3,1
3,23,1
-338,39,0
14,12,1
-18,44,1
-322,23,0
25,1,1
25,1,1
22,4,1
-327,28,0
22,4,1
19,7,1
-308,9,0
17,9,1
5,21,1
22,4,1
24,2,1
24,2,1
17,9,1
25,1,1
25,1,1
24,2,1
25,1,1
18,8,1
20,6,1
16,10,1
-6,32,1
-344,45,0
25,1,1
-310,11,0
24,2,1
7,19,1
24,2,1
24,2,1
25,1,1
-50,76,1
5,21,1
-309,10,0
-2,28,1
25,1,1
24,2,1
-4,30,1
24,2,1
19,7,1
25,1,1
-1,27,1
-308,9,0
14,12,1
-9,35,1
-18,44,1
-328,29,0
15,11,1
25,1,1
1,25,1
-348,49,0
13,13,1
-300,1,0
-43,69,1
23,3,1
15,11,1
22,4,1
-93,119,1
24,2,1
13,13,1
-324,25,0
23,3,1
-320,21,0
6,20,1
-323,24,0
14,12,1
24,2,1
23,3,1
-61,87,1
24,2,1
-371,72,0
7,19,1
22,4,1
21,5,1
-315,16,0
25,1,1
22,4,1
14,12,1
20,6,1
25,1,1
-343,44,0
-318,19,0
23,3,1
23,3,1
-301,2,0
24,2,1
20,6,1
21,5,1
-80,106,1
15,11,1
18,8,1
-354,55,0
-338,39,0
17,9,1
25,1,1
24,2,1
-14,40,1
24,2,1
-311,12,0
-325,26,0
13,13,1
24,2,1
-316,17,0
20,6,1
15,11,1
20,6,1
8,18,1
-400,101,0
17,9,1
23,3,1
-309,10,0
-307,8,0
24,2,1
-310,11,0
-14,40,1
16,10,1
8,18,1
16,10,1
-24,50,1
25,1,1
-304,5,0
-301,2,0
20,6,1
13,13,1
-333,34,0
23,3,1
-320,21,0
25,1,1
-300,1,0
6,20,1
22,4,1
23,3,1
-325,26,0
18,8,1
12,14,1
-1,27,1
21,5,1
20,6,1
3,23,1
25,1,1
25,1,1
24,2,1
-318,19,0
21,5,1
17,9,1
22,4,1
20,6,1
-332,33,0
22,4,1
-301,2,0
-326,27,0
25,1,1
24,2,1
25,1,1
20,6,1
-3,29,1
23,3,1
0,26,1
25,1,1
-326,27,0
-3,29,1
25,1,1
23,3,1
24,2,1
-46,72,1
24,2,1
-1,27,1
24,2,1
-321,22,0
-37,63,1
13,13,1
-300,1,0
-15,41,1
-307,8,0
-300,1,0
24,2,1
13,13,1
15,11,1
16,10,1
25,1,1
24,2,1
-314,15,0
-1,27,1
-2,28,1
22,4,1
-19,45,1
3,23,1
25,1,1
21,5,1
-317,18,0
5,21,1
20,6,1
5,21,1
22,4,1
12,14,1
20,6,1
20,6,1
12,14,1
24,2,1
-372,73,0
19,7,1
18,8,1
-18,44,1
25,1,1
24,2,1
24,2,1
25,1,1
24,2,1
6,20,1
-332,33,0
-45,71,1
-1,27,1
22,4,1
-301,2,0
23,3,1
-114,140,1
25,1,1
24,2,1
-399,100,0
8,18,1
23,3,1
17,9,1
-12,38,1
-6,32,1
23,3,1
-382,83,0
4,22,1
17,9,1
21,5,1
17,9,1
24,2,1
24,2,1
15,11,1
-343,44,0
-77,103,1
6,20,1
25,1,1
10,16,1
-307,8,0
-307,8,0
23,3,1
20,6,1
18,8,1
-9,35,1
-308,9,0
18,8,1
-326,27,0
23,3,1
16,10,1
25,1,1
-11,37,1
15,11,1
25,1,1
16,10,1
25,1,1
25,1,1
23,3,1
22,4,1
9,17,1
23,3,1
22,4,1
21,5,1
-303,4,0
-29,55,1
-304,5,0
21,5,1
24,2,1
23,3,1
-23,49,1
16,10,1
15,11,1
25,1,1
14,12,1
-5,31,1
23,3,1
14,12,1
25,1,1
-1,27,1
-315,16,0
-4,30,1
23,3,1
-19,45,1
21,5,1
-321,22,0
23,3,1
-301,2,0
12,14,1
18,8,1
-304,5,0
7,19,1
-12,38,1
-16,42,1
20,6,1
22,4,1
17,9,1
25,1,1
24,2,1
-335,36,0
24,2,1
20,6,1
4,22,1
20,6,1
25,1,1
24,2,1
24,2,1
-310,11,0
12,14,1
-305,6,0
9,17,1
23,3,1
-306,7,0
-28,54,1
22,4,1
-8,34,1
25,1,1
15,11,1
-43,69,1
25,1,1
24,2,1
18,8,1
12,14,1
9,17,1
25,1,1
25,1,1
14,12,1
-325,26,0
23,3,1
23,3,1
-306,7,0
24,2,1
21,5,1
12,14,1
-18,44,1
-302,3,0
24,2,1
24,2,1
-17,43,1
25,1,1
18,8,1
18,8,1
24,2,1
25,1,1
-22,48,1
12,14,1
24,2,1
-334,35,0
-38,64,1
25,1,1
16,10,1
17,9,1
20,6,1
24,2,1
25,1,1
-358,59,0
22,4,1
21,5,1
19,7,1
4,22,1
-36,62,1
20,6,1
24,2,1
19,7,1
16,10,1
24,2,1
-301,2,0
25,1,1
-301,2,0
-356,57,0
-2,28,1
22,4,1
6,20,1
14,12,1
-300,1,0
24,2,1
25,1,1
8,18,1
24,2,1
17,9,1
3,23,1
18,8,1
25,1,1
25,1,1
12,14,1
22,4,1
23,3,1
25,1,1
4,22,1
14,12,1
24,2,1
11,15,1
25,1,1
25,1,1
-4,30,1
20,6,1
22,4,1
18,8,1
24,2,1
-64,90,1
23,3,1
21,5,1
24,2,1
-309,10,0
25,1,1
-330,31,0
9,17,1
-309,10,0
20,6,1
23,3,1
24,2,1
25,1,1
21,5,1
-304,5,0
23,3,1
7,19,1
24,2,1
24,2,1
-302,3,0
-109,135,1
22,4,1
25,1,1
25,1,1
-13,39,1
19,7,1
-3,29,1
-307,8,0
17,9,1
-7,33,1
25,1,1
5,21,1
-22,48,1
24,2,1
-342,43,0
25,1,1
-59,85,1
14,12,1
-446,147,0
-302,3,0
-308,9,0
21,5,1
25,1,1
-309,10,0
-13,39,1
25,1,1
25,1,1
16,10,1
0,26,1
18,8,1
25,1,1
25,1,1
24,2,1
25,1,1
16,10,1
25,1,1
25,1,1
14,12,1
20,6,1
-15,41,1
16,10,1
25,1,1
22,4,1
-309,10,0
-5,31,1
9,17,1
20,6,1
-55,81,1
24,2,1
24,2,1
12,14,1
24,2,1
2,24,1
-314,15,0
22,4,1
-58,84,1
5,21,1
25,1,1
25,1,1
23,3,1
24,2,1
21,5,1
25,1,1
25,1,1
19,7,1
-334,35,0
24,2,1
23,3,1
20,6,1
22,4,1
-59,85,1
20,6,1
25,1,1
-307,8,0
25,1,1
-306,7,0
16,10,1
22,4,1
18,8,1
25,1,1
23,3,1
10,16,1
20,6,1
25,1,1
23,3,1
-54,80,1
17,9,1
14,12,1
-315,16,0
-302,3,0
25,1,1
25,1,1
22,4,1
25,1,1
-301,2,0
-302,3,0
11,15,1
-16,42,1
19,7,1
-15,41,1
25,1,1
25,1,1
23,3,1
-301,2,0
23,3,1
25,1,1
-309,10,0
24,2,1
24,2,1
24,2,1
-313,14,0
-306,7,0
18,8,1
25,1,1
25,1,1
1,25,1
19,7,1
14,12,1
24,2,1
-302,3,0
-331,32,0
11,15,1
25,1,1
25,1,1
-303,4,0
16,10,1
25,1,1
25,1,1
-341,42,0
25,1,1
21,5,1
22,4,1
-300,1,0
-18,44,1
20,6,1
-56,82,1
21,5,1
-300,1,0
-311,12,0
-4,30,1
21,5,1
-302,3,0
13,13,1
17,9,1
22,4,1
25,1,1
-28,54,1
24,2,1
25,1,1
-302,3,0
25,1,1
-38,64,1
24,2,1
-303,4,0
25,1,1
25,1,1
10,16,1
-5,31,1
22,4,1
-11,37,1
25,1,1
14,12,1
-306,7,0
25,1,1
4,22,1
9,17,1
17,9,1
24,2,1
10,16,1
25,1,1
23,3,1
-306,7,0
24,2,1
23,3,1
-300,1,0
-313,14,0
19,7,1
25,1,1
19,7,1
17,9,1
-184,210,1
17,9,1
18,8,1
-330,31,0
24,2,1
-319,20,0
12,14,1
24,2,1
13,13,1
-306,7,0
7,19,1
-300,1,0
0,26,1
-313,14,0
20,6,1
24,2,1
3,23,1
25,1,1
-311,12,0
22,4,1
24,2,1
25,1,1
-303,4,0
25,1,1
25,1,1
-303,4,0
-320,21,0
0,26,1
25,1,1
16,10,1
25,1,1
-407,108,0
-364,65,0
25,1,1
-346,47,0
-300,1,0
-304,5,0
24,2,1
-22,48,1
22,4,1
-37,63,1
-1,27,1
25,1,1
24,2,1
-308,9,0
20,6,1
21,5,1
-39,65,1
25,1,1
24,2,1
22,4,1
22,4,1
-302,3,0
-305,6,0
22,4,1
15,11,1
-304,5,0
-350,51,0
18,8,1
25,1,1
12,14,1
22,4,1
-300,1,0
13,13,1
-12,38,1
11,15,1
-13,39,1
17,9,1
20,6,1
25,1,1
24,2,1
25,1,1
18,8,1
20,6,1
24,2,1
-87,113,1
25,1,1
22,4,1
10,16,1
-44,70,1
25,1,1
25,1,1
22,4,1
21,5,1
-369,70,0
-303,4,0
10,16,1
-337,38,0
12,14,1
-392,93,0
21,5,1
20,6,1
5,21,1
25,1,1
-354,55,0
15,11,1
24,2,1
3,23,1
-335,36,0
25,1,1
25,1,1
25,1,1
-309,10,0
5,21,1
-8,34,1
22,4,1
-365,66,0
20,6,1
25,1,1
22,4,1
22,4,1
-88,114,1
12,14,1
24,2,1
20,6,1
24,2,1
23,3,1
25,1,1
12,14,1
-32,58,1
18,8,1
-303,4,0
25,1,1
22,4,1
-317,18,0
10,16,1
15,11,1
18,8,1
-335,36,0
22,4,1
24,2,1
21,5,1
22,4,1
25,1,1
15,11,1
12,14,1
7,19,1
16,10,1
22,4,1
13,13,1
-317,18,0
24,2,1
20,6,1
-3,29,1
-309,10,0
5,21,1
22,4,1
-310,11,0
24,2,1
-314,15,0
21,5,1
-308,9,0
2,24,1
14,12,1
-68,94,1
-338,39,0
22,4,1
-21,47,1
-300,1,0
22,4,1
25,1,1
-137,163,1
-326,27,0
-300,1,0
-354,55,0
15,11,1
23,3,1
-348,49,0
-5,31,1
24,2,1
24,2,1
23,3,1
25,1,1
24,2,1
-10,36,1
24,2,1
-7,33,1
25,1,1
19,7,1
21,5,1
-352,53,0
25,1,1
23,3,1
23,3,1
20,6,1
20,6,1
9,17,1
23,3,1
5,21,1
-305,6,0
21,5,1
25,1,1
18,8,1
-83,109,1
6,20,1
25,1,1
25,1,1
1,25,1
20,6,1
-20,46,1
23,3,1
25,1,1
-31,57,1
-311,12,0
24,2,1
25,1,1
-8,34,1
-307,8,0
25,1,1
24,2,1
24,2,1
-300,1,0
22,4,1
24,2,1
15,11,1
-8,34,1
1,25,1
24,2,1
-300,1,0
25,1,1
7,19,1
19,7,1
16,10,1
-79,105,1
6,20,1
18,8,1
25,1,1
15,11,1
25,1,1
24,2,1
-306,7,0
13,13,1
23,3,1
-9,35,1
-319,20,0
13,13,1
22,4,1
25,1,1
25,1,1
-322,23,0
25,1,1
-327,28,0
-300,1,0
25,1,1
23,3,1
25,1,1
5,21,1
24,2,1
25,1,1
14,12,1
19,7,1
5,21,1
23,3,1
4,22,1
13,13,1
18,8,1
23,3,1
9,17,1
-328,29,0
23,3,1
15,11,1
11,15,1
3,23,1
23,3,1
23,3,1
-314,15,0
25,1,1
-300,1,0
24,2,1
-32,58,1
8,18,1
12,14,1
-56,82,1
20,6,1
25,1,1
-301,2,0
7,19,1
-305,6,0
22,4,1
-310,11,0
16,10,1
23,3,1
15,11,1
-336,37,0
19,7,1
-25,51,1
23,3,1
-20,46,1
24,2,1
19,7,1
19,7,1
24,2,1
22,4,1
25,1,1
12,14,1
-44,70,1
-341,42,0
-355,56,0
24,2,1
19,7,1
25,1,1
13,13,1
5,21,1
-317,18,0
23,3,1
25,1,1
-300,1,0
22,4,1
25,1,1
19,7,1
25,1,1
17,9,1
25,1,1
22,4,1
25,1,1
17,9,1
25,1,1
25,1,1
21,5,1
8,18,1
17,9,1
25,1,1
25,1,1
18,8,1
-358,59,0
-34,60,1
21,5,1
18,8,1
24,2,1
23,3,1
20,6,1
24,2,1
23,3,1
-25,51,1
-331,32,0
-308,9,0
-300,1,0
-316,17,0
25,1,1
6,20,1
-12,38,1
-338,39,0
22,4,1
25,1,1
-22,48,1
20,6,1
20,6,1
25,1,1
-308,9,0
-301,2,0
23,3,1
14,12,1
25,1,1
21,5,1
-12,38,1
-22,48,1
10,16,1
12,14,1
11,15,1
-38,64,1
-329,30,0
-13,39,1
18,8,1
-321,22,0
24,2,1
24,2,1
25,1,1
11,15,1
22,4,1
25,1,1
13,13,1
25,1,1
24,2,1
9,17,1
25,1,1
-335,36,0
18,8,1
-303,4,0
24,2,1
-335,36,0
-3,29,1
6,20,1
-2,28,1
24,2,1
22,4,1
25,1,1
6,20,1
25,1,1
20,6,1
10,16,1
23,3,1
23,3,1
24,2,1
6,20,1
18,8,1
15,11,1
19,7,1
-59,85,1
21,5,1
-30,56,1
9,17,1
24,2,1
22,4,1
-309,10,0
24,2,1
16,10,1
25,1,1
25,1,1
-302,3,0
-392,93,0
16,10,1
24,2,1
-20,46,1
-61,87,1
25,1,1
23,3,1
12,14,1
21,5,1
1,25,1
19,7,1
7,19,1
16,10,1
24,2,1
15,11,1
-386,87,0
25,1,1
-388,89,0
14,12,1
5,21,1
25,1,1
25,1,1
22,4,1
15,11,1
-300,1,0
15,11,1
-22,48,1
22,4,1
25,1,1
-38,64,1
20,6,1
-14,40,1
-6,32,1
20,6,1
22,4,1
25,1,1
25,1,1
12,14,1
-8,34,1
25,1,1
0,26,1
-301,2,0
-3,29,1
-301,2,0
22,4,1
-8,34,1
22,4,1
22,4,1
25,1,1
8,18,1
22,4,1
24,2,1
19,7,1
15,11,1
24,2,1
25,1,1
-37,63,1
15,11,1
-28,54,1
-317,18,0
21,5,1
20,6,1
16,10,1
-4,30,1
-303,4,0
21,5,1
25,1,1
18,8,1
20,6,1
11,15,1
13,13,1
-16,42,1
16,10,1
25,1,1
-319,20,0
-2,28,1
22,4,1
24,2,1
-312,13,0
22,4,1
6,20,1
9,17,1
16,10,1
25,1,1
12,14,1
23,3,1
15,11,1
25,1,1
-5,31,1
20,6,1
20,6,1
21,5,1
24,2,1
22,4,1
-303,4,0
23,3,1
24,2,1
22,4,1
4,22,1
-116,142,1
15,11,1
-323,24,0
19,7,1
24,2,1
4,22,1
18,8,1
24,2,1
25,1,1
-374,75,0
24,2,1
5,21,1
21,5,1
25,1,1
24,2,1
25,1,1
14,12,1
23,3,1
-300,1,0
25,1,1
10,16,1
24,2,1
24,2,1
25,1,1
20,6,1
6,20,1
25,1,1
-300,1,0
13,13,1
23,3,1
25,1,1
4,22,1
23,3,1
24,2,1
6,20,1
-303,4,0
18,8,1
20,6,1
19,7,1
25,1,1
21,5,1
-337,38,0
25,1,1
-303,4,0
18,8,1
-20,46,1
20,6,1
-155,181,1
10,16,1
18,8,1
24,2,1
-300,1,0
23,3,1
0,26,1
24,2,1
24,2,1
7,19,1
19,7,1
-335,36,0
4,22,1
22,4,1
6,20,1
0,26,1
-313,14,0
11,15,1
-300,1,0
-42,68,1
16,10,1
25,1,1
19,7,1
-435,136,0
1,25,1
21,5,1
-41,67,1
-7,33,1
4,22,1
25,1,1
-313,14,0
-11,37,1
25,1,1
14,12,1
13,13,1
24,2,1
-50,76,1
11,15,1
19,7,1
14,12,1
24,2,1
25,1,1
25,1,1
16,10,1
19,7,1
25,1,1
6,20,1
-30,56,1
23,3,1
-3,29,1
20,6,1
21,5,1
-384,85,0
25,1,1
23,3,1
25,1,1
20,6,1
22,4,1
24,2,1
21,5,1
25,1,1
24,2,1
23,3,1
19,7,1
19,7,1
24,2,1
20,6,1
21,5,1
-305,6,0
25,1,1
-311,12,0
21,5,1
-300,1,0
23,3,1
-3,29,1
23,3,1
25,1,1
-312,13,0
19,7,1
25,1,1
23,3,1
18,8,1
24,2,1
24,2,1
6,20,1
24,2,1
13,13,1
25,1,1
24,2,1
23,3,1
12,14,1
15,11,1
25,1,1
23,3,1
17,9,1
-49,75,1
-6,32,1
23,3,1
-15,41,1
24,2,1
20,6,1
1,25,1
25,1,1
24,2,1
-2,28,1
24,2,1
22,4,1
25,1,1
8,18,1
14,12,1
24,2,1
25,1,1
24,2,1
24,2,1
-338,39,0
-302,3,0
20,6,1
20,6,1
24,2,1
17,9,1
4,22,1
-17,43,1
23,3,1
19,7,1
-6,32,1
21,5,1
19,7,1
-53,79,1
25,1,1
17,9,1
20,6,1
16,10,1
-300,1,0
24,2,1
24,2,1
-3,29,1
-302,3,0
25,1,1
-330,31,0
25,1,1
-2,28,1
-303,4,0
23,3,1
-301,2,0
13,13,1
9,17,1
22,4,1
21,5,1
19,7,1
-47,73,1
19,7,1
20,6,1
-81,107,1
25,1,1
21,5,1
21,5,1
22,4,1
24,2,1
-310,11,0
22,4,1
18,8,1
8,18,1
22,4,1
-25,51,1
22,4,1
0,26,1
25,1,1
-304,5,0
24,2,1
22,4,1
21,5,1
21,5,1
25,1,1
25,1,1
0,26,1
16,10,1
-306,7,0
-308,9,0
3,23,1
24,2,1
-46,72,1
23,3,1
22,4,1
23,3,1
25,1,1
21,5,1
25,1,1
-301,2,0
25,1,1
-11,37,1
-300,1,0
9,17,1
24,2,1
23,3,1
9,17,1
2,24,1
21,5,1
25,1,1
25,1,1
24,2,1
24,2,1
-303,4,0
3,23,1
23,3,1
-326,27,0
24,2,1
20,6,1
21,5,1
2,24,1
-10,36,1
14,12,1
-364,65,0
24,2,1
-320,21,0
25,1,1
25,1,1
24,2,1
23,3,1
13,13,1
21,5,1
22,4,1
24,2,1
24,2,1
24,2,1
22,4,1
-315,16,0
-63,89,1
-300,1,0
-14,40,1
24,2,1
-33,59,1
24,2,1
-301,2,0
18,8,1
-301,2,0
-6,32,1
23,3,1
-6,32,1
16,10,1
23,3,1
-303,4,0
6,20,1
11,15,1
19,7,1
21,5,1
1,25,1
9,17,1
23,3,1
17,9,1
21,5,1
-9,35,1
25,1,1
-24,50,1
21,5,1
-15,41,1
10,16,1
22,4,1
24,2,1
22,4,1
25,1,1
17,9,1
5,21,1
25,1,1
25,1,1
25,1,1
-8,34,1
-19,45,1
-72,98,1
-3,29,1
14,12,1
-300,1,0
-340,41,0
-2,28,1
17,9,1
-1,27,1
-311,12,0
14,12,1
-315,16,0
25,1,1
-7,33,1
9,17,1
-301,2,0
23,3,1
-315,16,0
20,6,1
24,2,1
9,17,1
25,1,1
5,21,1
24,2,1
-300,1,0
7,19,1
-323,24,0
25,1,1
14,12,1
-11,37,1
25,1,1
24,2,1
-7,33,1
24,2,1
25,1,1
18,8,1
19,7,1
-446,147,0
17,9,1
-145,171,1
22,4,1
16,10,1
-71,97,1
16,10,1
-302,3,0
23,3,1
23,3,1
20,6,1
-5,31,1
-12,38,1
-33,59,1
24,2,1
15,11,1
22,4,1
16,10,1
24,2,1
24,2,1
24,2,1
23,3,1
25,1,1
25,1,1
-375,76,0
20,6,1
20,6,1
11,15,1
16,10,1
-5,31,1
-362,63,0
-41,67,1
20,6,1
22,4,1
24,2,1
23,3,1
24,2,1
10,16,1
-306,7,0
22,4,1
4,22,1
13,13,1
-15,41,1
9,17,1
1,25,1
23,3,1
18,8,1
23,3,1
-307,8,0
17,9,1
24,2,1
18,8,1
-4,30,1
-306,7,0
25,1,1
16,10,1
25,1,1
18,8,1
24,2,1
23,3,1
4,22,1
21,5,1
7,19,1
17,9,1
25,1,1
-35,61,1
-329,30,0
19,7,1
13,13,1
19,7,1
21,5,1
12,14,1
-301,2,0
18,8,1
23,3,1
25,1,1
25,1,1
-301,2,0
23,3,1
13,13,1
23,3,1
21,5,1
25,1,1
-1,27,1
24,2,1
11,15,1
19,7,1
25,1,1
-38,64,1
4,22,1
25,1,1
23,3,1
22,4,1
12,14,1
-338,39,0
22,4,1
25,1,1
-335,36,0
-306,7,0
24,2,1
24,2,1
-22,48,1
-15,41,1
17,9,1
-11,37,1
25,1,1
-2,28,1
-302,3,0
19,7,1
24,2,1
20,6,1
1,25,1
-320,21,0
-316,17,0
17,9,1
25,1,1
24,2,1
18,8,1
21,5,1
-303,4,0
25,1,1
-1,27,1
-341,42,0
24,2,1
24,2,1
22,4,1
23,3,1
-4,30,1
24,2,1
-301,2,0
-302,3,0
-2,28,1
-314,15,0
7,19,1
19,7,1
15,11,1
-4,30,1
-313,14,0
25,1,1
25,1,1
19,7,1
25,1,1
17,9,1
16,10,1
15,11,1
-341,42,0
20,6,1
25,1,1
18,8,1
23,3,1
19,7,1
23,3,1
2,24,1
24,2,1
14,12,1
20,6,1
21,5,1
23,3,1
22,4,1
-17,43,1
24,2,1
16,10,1
25,1,1
25,1,1
19,7,1
19,7,1
24,2,1
19,7,1
2,24,1
14,12,1
-7,33,1
22,4,1
25,1,1
19,7,1
11,15,1
22,4,1
17,9,1
16,10,1
-3,29,1
12,14,1
0,26,1
23,3,1
23,3,1
-11,37,1
23,3,1
24,2,1
10,16,1
18,8,1
22,4,1
18,8,1
5,21,1
7,19,1
10,16,1
25,1,1
17,9,1
-394,95,0
24,2,1
-305,6,0
6,20,1
-17,43,1
14,12,1
-59,85,1
11,15,1
22,4,1
-307,8,0
2,24,1
24,2,1
25,1,1
-312,13,0
24,2,1
22,4,1
-4,30,1
21,5,1
-393,94,0
-341,42,0
2,24,1
11,15,1
-311,12,0
24,2,1
21,5,1
-34,60,1
-11,37,1
0,26,1
-300,1,0
2,24,1
17,9,1
24,2,1
-432,133,0
25,1,1
-304,5,0
22,4,1
-392,93,0
23,3,1
25,1,1
9,17,1
3,23,1
22,4,1
17,9,1
19,7,1
25,1,1
25,1,1
25,1,1
3,23,1
24,2,1
11,15,1
24,2,1
-300,1,0
25,1,1
-327,28,0
25,1,1
8,18,1
19,7,1
10,16,1
-10,36,1
25,1,1
-471,172,0
24,2,1
4,22,1
-37,63,1
24,2,1
23,3,1
24,2,1
-302,3,0
19,7,1
-362,63,0
25,1,1
25,1,1
23,3,1
-318,19,0
22,4,1
19,7,1
-308,9,0
23,3,1
17,9,1
24,2,1
24,2,1
-8,34,1
17,9,1
23,3,1
6,20,1
7,19,1
17,9,1
0,26,1
-5,31,1
5,21,1
22,4,1
0,26,1
24,2,1
23,3,1
-366,67,0
16,10,1
17,9,1
-2,28,1
23,3,1
25,1,1
-18,44,1
25,1,1
-10,36,1
13,13,1
-68,94,1
-1,27,1
24,2,1
25,1,1
24,2,1
14,12,1
-14,40,1
25,1,1
11,15,1
21,5,1
23,3,1
21,5,1
25,1,1
20,6,1
22,4,1
-43,69,1
25,1,1
25,1,1
15,11,1
17,9,1
24,2,1
-303,4,0
25,1,1
14,12,1
24,2,1
24,2,1
1,25,1
19,7,1
24,2,1
22,4,1
22,4,1
23,3,1
14,12,1
21,5,1
24,2,1
-304,5,0
24,2,1
-11,37,1
23,3,1
25,1,1
10,16,1
14,12,1
-304,5,0
25,1,1
14,12,1
-1,27,1
24,2,1
21,5,1
22,4,1
14,12,1
25,1,1
-306,7,0
20,6,1
-37,63,1
20,6,1
17,9,1
7,19,1
15,11,1
24,2,1
25,1,1
-307,8,0
-2,28,1
24,2,1
25,1,1
-22,48,1
15,11,1
25,1,1
25,1,1
23,3,1
-310,11,0
25,1,1
24,2,1
20,6,1
22,4,1
11,15,1
25,1,1
-347,48,0
21,5,1
4,22,1
4,22,1
25,1,1
17,9,1
24,2,1
23,3,1
-18,44,1
24,2,1
24,2,1
10,16,1
-14,40,1
22,4,1
23,3,1
9,17,1
24,2,1
11,15,1
25,1,1
-309,10,0
-303,4,0
2,24,1
23,3,1
-317,18,0
25,1,1
24,2,1
23,3,1
18,8,1
-41,67,1
-7,33,1
25,1,1
16,10,1
2,24,1
4,22,1
22,4,1
22,4,1
22,4,1
-18,44,1
20,6,1
25,1,1
-7,33,1
25,1,1
25,1,1
-34,60,1
25,1,1
22,4,1
2,24,1
-314,15,0
15,11,1
-71,97,1
23,3,1
25,1,1
-300,1,0
23,3,1
-303,4,0
17,9,1
-319,20,0
24,2,1
9,17,1
22,4,1
7,19,1
18,8,1
22,4,1
22,4,1
22,4,1
-331,32,0
25,1,1
21,5,1
15,11,1
23,3,1
5,21,1
13,13,1
9,17,1
20,6,1
-17,43,1
-13,39,1
1,25,1
-305,6,0
16,10,1
-10,36,1
19,7,1
25,1,1
25,1,1
24,2,1
25,1,1
-302,3,0
-302,3,0
-302,3,0
-300,1,0
-63,89,1
-300,1,0
-321,22,0
16,10,1
-20,46,1
25,1,1
22,4,1
-345,46,0
-304,5,0
-355,56,0
11,15,1
-301,2,0
19,7,1
22,4,1
-20,46,1
13,13,1
23,3,1
22,4,1
20,6,1
-25,51,1
8,18,1
25,1,1
16,10,1
24,2,1
8,18,1
-16,42,1
19,7,1
25,1,1
-8,34,1
20,6,1
23,3,1
24,2,1
13,13,1
25,1,1
19,7,1
16,10,1
1,25,1
24,2,1
-82,108,1
-333,34,0
24,2,1
25,1,1
22,4,1
7,19,1
11,15,1
22,4,1
25,1,1
10,16,1
10,16,1
25,1,1
25,1,1
6,20,1
23,3,1
22,4,1
24,2,1
17,9,1
25,1,1
-66,92,1
8,18,1
-390,91,0
23,3,1
24,2,1
20,6,1
23,3,1
24,2,1
24,2,1
23,3,1
-326,27,0
18,8,1
16,10,1
22,4,1
-300,1,0
16,10,1
25,1,1
25,1,1
25,1,1
21,5,1
21,5,1
24,2,1
5,21,1
19,7,1
7,19,1
-43,69,1
-2,28,1
-305,6,0
24,2,1
25,1,1
25,1,1
24,2,1
22,4,1
-44,70,1
23,3,1
24,2,1
9,17,1
-320,21,0
24,2,1
-314,15,0
10,16,1
-22,48,1
23,3,1
25,1,1
-2,28,1
14,12,1
18,8,1
24,2,1
23,3,1
24,2,1
23,3,1
22,4,1
25,1,1
22,4,1
-326,27,0
8,18,1
17,9,1
-19,45,1
25,1,1
13,13,1
15,11,1
-16,42,1
25,1,1
23,3,1
-316,17,0
22,4,1
22,4,1
-300,1,0
-33,59,1
24,2,1
7,19,1
-33,59,1
12,14,1
25,1,1
20,6,1
23,3,1
20,6,1
22,4,1
21,5,1
-301,2,0
23,3,1
13,13,1
24,2,1
12,14,1
25,1,1
-8,34,1
23,3,1
-17,43,1
-302,3,0
-309,10,0
13,13,1
-300,1,0
19,7,1
22,4,1
25,1,1
16,10,1
-2,28,1
25,1,1
25,1,1
18,8,1
22,4,1
25,1,1
24,2,1
24,2,1
24,2,1
-37,63,1
13,13,1
-310,11,0
-301,2,0
15,11,1
15,11,1
13,13,1
-18,44,1
-1,27,1
20,6,1
-300,1,0
25,1,1
25,1,1
1,25,1
12,14,1
25,1,1
25,1,1
-304,5,0
-380,81,0
19,7,1
20,6,1
24,2,1
-302,3,0
20,6,1
22,4,1
24,2,1
24,2,1
-315,16,0
10,16,1
20,6,1
3,23,1
6,20,1
-351,52,0
14,12,1
18,8,1
25,1,1
25,1,1
-314,15,0
-361,62,0
19,7,1
23,3,1
16,10,1
25,1,1
25,1,1
23,3,1
23,3,1
-308,9,0
11,15,1
13,13,1
-303,4,0
-11,37,1
-311,12,0
10,16,1
-331,32,0
25,1,1
13,13,1
23,3,1
3,23,1
25,1,1
-301,2,0
-19,45,1
-2,28,1
-15,41,1
24,2,1
-303,4,0
25,1,1
25,1,1
-34,60,1
17,9,1
-58,84,1
13,13,1
16,10,1
25,1,1
-12,38,1
24,2,1
25,1,1
-1,27,1
25,1,1
-13,39,1
20,6,1
14,12,1
-320,21,0
25,1,1
21,5,1
15,11,1
-15,41,1
4,22,1
13,13,1
22,4,1
24,2,1
23,3,1
17,9,1
24,2,1
24,2,1
9,17,1
23,3,1
24,2,1
0,26,1
24,2,1
21,5,1
25,1,1
-332,33,0
23,3,1
14,12,1
25,1,1
24,2,1
-25,51,1
20,6,1
25,1,1
14,12,1
23,3,1
-58,84,1
24,2,1
25,1,1
21,5,1
-304,5,0
6,20,1
-340,41,0
14,12,1
23,3,1
22,4,1
24,2,1
23,3,1
23,3,1
22,4,1
14,12,1
20,6,1
-106,132,1
25,1,1
25,1,1
-20,46,1
15,11,1
22,4,1
14,12,1
25,1,1
12,14,1
23,3,1
25,1,1
25,1,1
-40,66,1
17,9,1
24,2,1
-19,45,1
-337,38,0
22,4,1
25,1,1
-415,116,0
25,1,1
-46,72,1
12,14,1
24,2,1
-24,50,1
7,19,1
-311,12,0
23,3,1
-352,53,0
12,14,1
5,21,1
-333,34,0
22,4,1
25,1,1
14,12,1
25,1,1
23,3,1
25,1,1
18,8,1
21,5,1
16,10,1
25,1,1
-10,36,1
4,22,1
25,1,1
-321,22,0
-4,30,1
-303,4,0
24,2,1
21,5,1
24,2,1
25,1,1
-59,85,1
-5,31,1
22,4,1
25,1,1
-323,24,0
24,2,1
24,2,1
-34,60,1
-300,1,0
1,25,1
18,8,1
-27,53,1
20,6,1
13,13,1
-316,17,0
23,3,1
15,11,1
-375,76,0
4,22,1
10,16,1
0,26,1
-7,33,1
25,1,1
21,5,1
-300,1,0
23,3,1
-304,5,0
21,5,1
12,14,1
8,18,1
19,7,1
-300,1,0
-20,46,1
11,15,1
22,4,1
25,1,1
25,1,1
-301,2,0
16,10,1
20,6,1
21,5,1
9,17,1
-31,57,1
9,17,1
13,13,1
18,8,1
25,1,1
25,1,1
21,5,1
25,1,1
20,6,1
24,2,1
-2,28,1
-14,40,1
24,2,1
24,2,1
21,5,1
18,8,1
22,4,1
-54,80,1
22,4,1
22,4,1
25,1,1
24,2,1
24,2,1
25,1,1
24,2,1
-340,41,0
24,2,1
-331,32,0
25,1,1
23,3,1
25,1,1
24,2,1
18,8,1
-326,27,0
24,2,1
25,1,1
8,18,1
24,2,1
-17,43,1
16,10,1
24,2,1
23,3,1
24,2,1
-308,9,0
25,1,1
16,10,1
-30,56,1
21,5,1
21,5,1
16,10,1
25,1,1
18,8,1
-304,5,0
-405,106,0
18,8,1
-391,92,0
-6,32,1
23,3,1
22,4,1
-449,150,0
-18,44,1
23,3,1
15,11,1
24,2,1
25,1,1
24,2,1
10,16,1
24,2,1
18,8,1
-48,74,1
-6,32,1
18,8,1
20,6,1
-13,39,1
25,1,1
25,1,1
21,5,1
-371,72,0
22,4,1
22,4,1
7,19,1
24,2,1
24,2,1
8,18,1
22,4,1
21,5,1
5,21,1
25,1,1
15,11,1
21,5,1
10,16,1
25,1,1
20,6,1
24,2,1
19,7,1
24,2,1
24,2,1
23,3,1
17,9,1
13,13,1
14,12,1
17,9,1
-300,1,0
-343,44,0
23,3,1
-301,2,0
25,1,1
25,1,1
-305,6,0
12,14,1
23,3,1
21,5,1
-301,2,0
21,5,1
21,5,1
24,2,1
24,2,1
-5,31,1
24,2,1
20,6,1
11,15,1
14,12,1
25,1,1
23,3,1
21,5,1
-308,9,0
21,5,1
24,2,1
18,8,1
-300,1,0
19,7,1
21,5,1
12,14,1
23,3,1
16,10,1
20,6,1
16,10,1
23,3,1
22,4,1
25,1,1
23,3,1
-8,34,1
15,11,1
24,2,1
25,1,1
-304,5,0
17,9,1
15,11,1
21,5,1
25,1,1
25,1,1
12,14,1
17,9,1
-320,21,0
19,7,1
18,8,1
-300,1,0
23,3,1
-339,40,0
25,1,1
-393,94,0
-329,30,0
25,1,1
23,3,1
9,17,1
-1,27,1
25,1,1
24,2,1
25,1,1
21,5,1
18,8,1
23,3,1
-305,6,0
-313,14,0
18,8,1
-16,42,1
24,2,1
-8,34,1
25,1,1
23,3,1
-404,105,0
-11,37,1
18,8,1
-16,42,1
-333,34,0
-313,14,0
24,2,1
21,5,1
-305,6,0
-178,204,1
14,12,1
24,2,1
21,5,1
22,4,1
