-304,5,0
-385,86,0
-46,72,1
25,1,1
23,3,1
-347,48,0
-382,83,0
-321,22,0
-376,77,0
15,11,1
-306,7,0
-324,25,0
-200,226,1
-341,42,0
-328,29,0
-404,105,0
1,25,1
-302,3,0
-301,2,0
-302,3,0
-308,9,0
-368,69,0
-322,23,0
-486,187,0
12,14,1
-383,84,0
3,23,1
-3,29,1
-321,22,0
-12,38,1
-322,23,0
-364,65,0
-18,44,1
-420,121,0
21,5,1
-302,3,0
8,18,1
-22,48,1
-387,88,0
-345,46,0
-308,9,0
-301,2,0
-302,3,0
-310,11,0
17,9,1
-329,30,0
23,3,1
-305,6,0
-304,5,0
-306,7,0
-315,16,0
-363,64,0
-336,37,0
-320,21,0
-307,8,0
-91,117,1
-304,5,0
-335,36,0
-364,65,0
-366,67,0
-314,15,0
-306,7,0
-367,68,0
0,26,1
-303,4,0
-315,16,0
22,4,1
-308,9,0
-305,6,0
-324,25,0
-31,57,1
-322,23,0
-347,48,0
-383,84,0
-7,33,1
-24,50,1
3,23,1
-325,26,0
-25,51,1
3,23,1
-9,35,1
24,2,1
14,12,1
25,1,1
-302,3,0
-387,88,0
-411,112,0
-64,90,1
-301,2,0
-371,72,0
-101,127,1
-314,15,0
-308,9,0
-340,41,0
14,12,1
-338,39,0
5,21,1
17,9,1
-408,109,0
22,4,1
2,24,1
-315,16,0
-310,11,0
-381,82,0
-310,11,0
-341,42,0
21,5,1
-384,85,0
-335,36,0
-300,1,0
-313,14,0
-495,196,0
-338,39,0
2,24,1
1,25,1
-323,24,0
-310,11,0
17,9,1
-327,28,0
-338,39,0
6,20,1
-396,97,0
20,6,1
22,4,1
0,26,1
-60,86,1
-36,62,1
20,6,1
-343,44,0
-361,62,0
25,1,1
-382,83,0
-301,2,0
-30,56,1
-444,145,0
25,1,1
-419,120,0
-344,45,0
-12,38,1
-347,48,0
24,2,1
-318,19,0
-334,35,0
-69,95,1
-14,40,1
10,16,1
-326,27,0
-302,3,0
1,25,1
-333,34,0
-313,14,0
-321,22,0
-301,2,0
25,1,1
-407,108,0
-323,24,0
-328,29,0
-300,1,0
-25,51,1
-336,37,0
5,21,1
14,12,1
-311,12,0
-22,48,1
-319,20,0
25,1,1
-347,48,0
-335,36,0
-323,24,0
-329,30,0
-3,29,1
-307,8,0
-304,5,0
-5,31,1
-309,10,0
-301,2,0
-230,256,1
-349,50,0
19,7,1
24,2,1
-330,31,0
-309,10,0
-426,127,0
11,15,1
-334,35,0
-337,38,0
-302,3,0
-12,38,1
-300,1,0
-49,75,1
18,8,1
-323,24,0
-510,211,0
-7,33,1
-336,37,0
11,15,1
-304,5,0
-309,10,0
-332,33,0
-300,1,0
-6,32,1
-366,67,0
-349,50,0
-360,61,0
23,3,1
-326,27,0
25,1,1
-307,8,0
-307,8,0
-36,62,1
-334,35,0
-170,196,1
-335,36,0
17,9,1
17,9,1
-44,70,1
-124,150,1
-324,25,0
4,22,1
-309,10,0
-311,12,0
22,4,1
-448,149,0
22,4,1
-38,64,1
-303,4,0
16,10,1
8,18,1
-300,1,0
19,7,1
-303,4,0
-325,26,0
-371,72,0
-319,20,0
-429,130,0
-401,102,0
-362,63,0
-338,39,0
22,4,1
-388,89,0
25,1,1
-305,6,0
-303,4,0
16,10,1
-322,23,0
21,5,1
-322,23,0
-9,35,1
-340,41,0
-554,255,0
-319,20,0
-306,7,0
-301,2,0
-355,56,0
-2,28,1
-301,2,0
-7,33,1
-92,118,1
-303,4,0
-332,33,0
-300,1,0
18,8,1
-300,1,0
-301,2,0
25,1,1
6,20,1
-322,23,0
-1,27,1
-41,67,1
-371,72,0
-305,6,0
-326,27,0
-306,7,0
-328,29,0
3,23,1
20,6,1
-308,9,0
-1,27,1
-300,1,0
-303,4,0
21,5,1
-333,34,0
-351,52,0
-78,104,1
-313,14,0
23,3,1
-340,41,0
-312,13,0
15,11,1
23,3,1
24,2,1
-316,17,0
22,4,1
-129,155,1
-351,52,0
-376,77,0
24,2,1
24,2,1
-29,55,1
-26,52,1
-300,1,0
-475,176,0
-43,69,1
-363,64,0
-348,49,0
16,10,1
-11,37,1
23,3,1
-362,63,0
-357,58,0
24,2,1
-306,7,0
9,17,1
-328,29,0
-128,154,1
25,1,1
17,9,1
12,14,1
-339,40,0
-400,101,0
-2,28,1
-304,5,0
-24,50,1
21,5,1
-365,66,0
-176,202,1
-119,145,1
-385,86,0
-368,69,0
-301,2,0
-328,29,0
-330,31,0
-377,78,0
-301,2,0
-373,74,0
-300,1,0
15,11,1
-316,17,0
8,18,1
18,8,1
-65,91,1
24,2,1
-27,53,1
0,26,1
-11,37,1
17,9,1
24,2,1
-300,1,0
-40,66,1
-383,84,0
2,24,1
21,5,1
-18,44,1
-320,21,0
-307,8,0
-67,93,1
-21,47,1
-124,150,1
-348,49,0
-21,47,1
-418,119,0
-310,11,0
21,5,1
-1,27,1
-300,1,0
-122,148,1
-1,27,1
-370,71,0
23,3,1
-301,2,0
-408,109,0
-313,14,0
-340,41,0
-370,71,0
-312,13,0
-33,59,1
-397,98,0
-384,85,0
25,1,1
-322,23,0
-334,35,0
-521,222,0
-47,73,1
16,10,1
-317,18,0
-340,41,0
13,13,1
-300,1,0
16,10,1
-13,39,1
18,8,1
-31,57,1
-319,20,0
22,4,1
-330,31,0
25,1,1
17,9,1
-329,30,0
-339,40,0
-301,2,0
25,1,1
-327,28,0
-322,23,0
-460,161,0
-527,228,0
-321,22,0
18,8,1
-337,38,0
-304,5,0
-312,13,0
-73,99,1
-305,6,0
24,2,1
-396,97,0
-334,35,0
25,1,1
-327,28,0
-303,4,0
24,2,1
-48,74,1
-307,8,0
-392,93,0
-300,1,0
-490,191,0
24,2,1
-339,40,0
19,7,1
-120,146,1
9,17,1
-404,105,0
-322,23,0
25,1,1
-304,5,0
-303,4,0
-305,6,0
-307,8,0
-314,15,0
-24,50,1
-306,7,0
24,2,1
23,3,1
-303,4,0
-365,66,0
-348,49,0
25,1,1
-306,7,0
-19,45,1
-307,8,0
22,4,1
1,25,1
-382,83,0
-51,77,1
-309,10,0
-10,36,1
-318,19,0
-349,50,0
-344,45,0
-49,75,1
-316,17,0
3,23,1
-309,10,0
-340,41,0
-330,31,0
-37,63,1
-324,25,0
20,6,1
2,24,1
-47,73,1
-339,40,0
-301,2,0
21,5,1
22,4,1
-7,33,1
-354,55,0
-324,25,0
-328,29,0
-328,29,0
4,22,1
-306,7,0
-151,177,1
-365,66,0
21,5,1
-302,3,0
2,24,1
-306,7,0
-9,35,1
25,1,1
-311,12,0
3,23,1
-300,1,0
25,1,1
-470,171,0
-412,113,0
25,1,1
-303,4,0
-12,38,1
4,22,1
-67,93,1
-374,75,0
-308,9,0
-302,3,0
-4,30,1
25,1,1
-39,65,1
25,1,1
-11,37,1
-348,49,0
-20,46,1
-58,84,1
-339,40,0
13,13,1
23,3,1
-344,45,0
20,6,1
-309,10,0
-347,48,0
5,21,1
-313,14,0
-300,1,0
-345,46,0
25,1,1
-42,68,1
-327,28,0
-305,6,0
13,13,1
-306,7,0
25,1,1
-301,2,0
-304,5,0
-511,212,0
-309,10,0
-556,257,0
13,13,1
-371,72,0
-307,8,0
-353,54,0
22,4,1
-320,21,0
-327,28,0
-345,46,0
-24,50,1
21,5,1
-310,11,0
22,4,1
-317,18,0
23,3,1
12,14,1
-8,34,1
-369,70,0
-95,121,1
-503,204,0
-139,165,1
-39,65,1
-14,40,1
-307,8,0
-339,40,0
24,2,1
-302,3,0
-311,12,0
-302,3,0
-303,4,0
-318,19,0
-353,54,0
-302,3,0
-303,4,0
-301,2,0
-304,5,0
24,2,1
-318,19,0
17,9,1
-102,128,1
-514,215,0
25,1,1
-386,87,0
1,25,1
-351,52,0
25,1,1
-324,25,0
-362,63,0
0,26,1
-415,116,0
25,1,1
-182,208,1
-10,36,1
20,6,1
-447,148,0
0,26,1
23,3,1
-118,144,1
25,1,1
-337,38,0
-302,3,0
-376,77,0
-24,50,1
24,2,1
-1,27,1
-331,32,0
-302,3,0
-415,116,0
-9,35,1
25,1,1
-335,36,0
22,4,1
-304,5,0
-315,16,0
-377,78,0
-361,62,0
-19,45,1
-116,142,1
-300,1,0
-302,3,0
-315,16,0
-225,251,1
16,10,1
-377,78,0
-349,50,0
-352,53,0
25,1,1
3,23,1
-314,15,0
-27,53,1
-376,77,0
-83,109,1
-379,80,0
-110,136,1
-347,48,0
19,7,1
-398,99,0
-309,10,0
23,3,1
-428,129,0
-421,122,0
24,2,1
-102,128,1
-445,146,0
-3,29,1
-396,97,0
21,5,1
-312,13,0
-326,27,0
-322,23,0
-304,5,0
-301,2,0
-16,42,1
25,1,1
-20,46,1
20,6,1
-343,44,0
-314,15,0
23,3,1
-341,42,0
-301,2,0
-315,16,0
25,1,1
-307,8,0
-309,10,0
-10,36,1
25,1,1
-54,80,1
-43,69,1
-64,90,1
-320,21,0
-346,47,0
-536,237,0
-350,51,0
20,6,1
13,13,1
16,10,1
-302,3,0
-12,38,1
-300,1,0
-306,7,0
-305,6,0
25,1,1
-11,37,1
19,7,1
-322,23,0
-2,28,1
22,4,1
-69,95,1
8,18,1
-390,91,0
-392,93,0
20,6,1
-305,6,0
18,8,1
-302,3,0
-300,1,0
24,2,1
-304,5,0
11,15,1
-311,12,0
-324,25,0
-376,77,0
19,7,1
-416,117,0
-338,39,0
-28,54,1
-313,14,0
-41,67,1
14,12,1
11,15,1
20,6,1
-367,68,0
-307,8,0
-300,1,0
17,9,1
-320,21,0
-315,16,0
-123,149,1
-3,29,1
-341,42,0
23,3,1
-303,4,0
-314,15,0
-310,11,0
-370,71,0
15,11,1
-16,42,1
-36,62,1
-331,32,0
-311,12,0
-305,6,0
20,6,1
-304,5,0
24,2,1
-323,24,0
21,5,1
-315,16,0
-314,15,0
-350,51,0
24,2,1
-5,31,1
25,1,1
-98,124,1
-316,17,0
6,20,1
-360,61,0
-53,79,1
-384,85,0
-364,65,0
-321,22,0
-337,38,0
2,24,1
-24,50,1
-300,1,0
-58,84,1
18,8,1
-322,23,0
2,24,1
-379,80,0
-390,91,0
-317,18,0
-314,15,0
-328,29,0
-305,6,0
16,10,1
-365,66,0
-356,57,0
24,2,1
-327,28,0
-346,47,0
-76,102,1
-343,44,0
20,6,1
-395,96,0
-326,27,0
-31,57,1
-334,35,0
-307,8,0
-358,59,0
8,18,1
-89,115,1
23,3,1
22,4,1
6,20,1
-11,37,1
-344,45,0
24,2,1
-321,22,0
23,3,1
-52,78,1
-447,148,0
-340,41,0
-322,23,0
-304,5,0
-318,19,0
25,1,1
25,1,1
-6,32,1
25,1,1
-13,39,1
-347,48,0
-15,41,1
-466,167,0
-304,5,0
-401,102,0
-381,82,0
-316,17,0
18,8,1
10,16,1
-381,82,0
-306,7,0
25,1,1
-335,36,0
-3,29,1
18,8,1
-307,8,0
24,2,1
25,1,1
-352,53,0
-63,89,1
-321,22,0
-49,75,1
-308,9,0
-335,36,0
18,8,1
21,5,1
-107,133,1
24,2,1
5,21,1
-301,2,0
-304,5,0
-327,28,0
-4,30,1
-23,49,1
-313,14,0
-319,20,0
-46,72,1
-301,2,0
-20,46,1
-300,1,0
-384,85,0
-303,4,0
-312,13,0
24,2,1
-302,3,0
16,10,1
-310,11,0
-15,41,1
-354,55,0
-23,49,1
-141,167,1
25,1,1
-2,28,1
-73,99,1
-301,2,0
-73,99,1
-316,17,0
-367,68,0
22,4,1
-353,54,0
-300,1,0
24,2,1
-196,222,1
-342,43,0
-334,35,0
19,7,1
-414,115,0
25,1,1
-334,35,0
-130,156,1
-17,43,1
19,7,1
-310,11,0
-5,31,1
-347,48,0
-321,22,0
22,4,1
-301,2,0
-420,121,0
-323,24,0
-300,1,0
-53,79,1
-382,83,0
-97,123,1
-331,32,0
-321,22,0
25,1,1
-24,50,1
-347,48,0
13,13,1
-308,9,0
-303,4,0
-326,27,0
-304,5,0
-352,53,0
-384,85,0
-12,38,1
-366,67,0
-303,4,0
-300,1,0
-55,81,1
-348,49,0
-351,52,0
-490,191,0
-302,3,0
1,25,1
24,2,1
-440,141,0
-44,70,1
15,11,1
-342,43,0
-312,13,0
-34,60,1
-301,2,0
-301,2,0
4,22,1
-306,7,0
-331,32,0
-339,40,0
-317,18,0
-306,7,0
-303,4,0
-326,27,0
-543,244,0
-315,16,0
-321,22,0
-333,34,0
-316,17,0
-39,65,1
-321,22,0
-300,1,0
-405,106,0
25,1,1
-378,79,0
8,18,1
23,3,1
-331,32,0
-493,194,0
-370,71,0
-72,98,1
3,23,1
-331,32,0
-458,159,0
-337,38,0
25,1,1
24,2,1
-324,25,0
-311,12,0
-375,76,0
-337,38,0
-377,78,0
-431,132,0
5,21,1
-312,13,0
-508,209,0
-330,31,0
-335,36,0
-303,4,0
-318,19,0
25,1,1
-336,37,0
-451,152,0
24,2,1
-38,64,1
-300,1,0
-334,35,0
-303,4,0
25,1,1
-304,5,0
-34,60,1
-322,23,0
-353,54,0
-305,6,0
-6,32,1
15,11,1
-302,3,0
10,16,1
-28,54,1
24,2,1
-305,6,0
-335,36,0
-6,32,1
25,1,1
-330,31,0
-96,122,1
-324,25,0
-394,95,0
21,5,1
-350,51,0
25,1,1
-300,1,0
-309,10,0
-209,235,1
-317,18,0
-300,1,0
8,18,1
-61,87,1
20,6,1
22,4,1
25,1,1
-601,302,0
-302,3,0
-318,19,0
2,24,1
-364,65,0
-136,162,1
-146,172,1
-300,1,0
23,3,1
-304,5,0
24,2,1
-331,32,0
-305,6,0
-494,195,0
-14,40,1
17,9,1
-327,28,0
-324,25,0
-465,166,0
24,2,1
24,2,1
-303,4,0
-77,103,1
25,1,1
-329,30,0
-344,45,0
-311,12,0
-69,95,1
24,2,1
-319,20,0
-318,19,0
10,16,1
-23,49,1
-307,8,0
24,2,1
-303,4,0
-304,5,0
-462,163,0
-15,41,1
25,1,1
-302,3,0
-300,1,0
-316,17,0
-389,90,0
-473,174,0
-306,7,0
-317,18,0
-321,22,0
21,5,1
21,5,1
-468,169,0
-436,137,0
25,1,1
-347,48,0
25,1,1
-348,49,0
-300,1,0
-364,65,0
-9,35,1
-16,42,1
0,26,1
24,2,1
25,1,1
-331,32,0
-312,13,0
-11,37,1
-312,13,0
-314,15,0
-354,55,0
25,1,1
-353,54,0
-310,11,0
24,2,1
13,13,1
10,16,1
8,18,1
-361,62,0
-77,103,1
-374,75,0
11,15,1
-520,221,0
-312,13,0
-300,1,0
-302,3,0
-7,33,1
-303,4,0
22,4,1
-370,71,0
-311,12,0
11,15,1
-414,115,0
-18,44,1
-331,32,0
23,3,1
-326,27,0
-521,222,0
-301,2,0
25,1,1
-307,8,0
-300,1,0
-350,51,0
-336,37,0
4,22,1
22,4,1
6,20,1
-310,11,0
9,17,1
-301,2,0
-332,33,0
-35,61,1
-2,28,1
-312,13,0
-313,14,0
-13,39,1
24,2,1
-301,2,0
24,2,1
-319,20,0
24,2,1
-300,1,0
12,14,1
-363,64,0
25,1,1
-368,69,0
-316,17,0
-303,4,0
-323,24,0
-23,49,1
21,5,1
-301,2,0
-3,29,1
-580,281,0
-356,57,0
10,16,1
15,11,1
25,1,1
-317,18,0
21,5,1
-463,164,0
25,1,1
12,14,1
-335,36,0
-315,16,0
-335,36,0
-314,15,0
25,1,1
3,23,1
-328,29,0
25,1,1
-499,200,0
20,6,1
-314,15,0
-313,14,0
-6,32,1
-358,59,0
17,9,1
-300,1,0
-33,59,1
24,2,1
-301,2,0
-326,27,0
-313,14,0
-303,4,0
-23,49,1
-378,79,0
-11,37,1
-139,165,1
-308,9,0
20,6,1
2,24,1
13,13,1
-327,28,0
25,1,1
-301,2,0
-302,3,0
25,1,1
-300,1,0
-8,34,1
-56,82,1
-19,45,1
-127,153,1
-316,17,0
-301,2,0
22,4,1
11,15,1
-314,15,0
20,6,1
-77,103,1
-322,23,0
-303,4,0
-321,22,0
-302,3,0
-414,115,0
-302,3,0
-300,1,0
-23,49,1
-362,63,0
-350,51,0
-315,16,0
-350,51,0
-305,6,0
16,10,1
-429,130,0
-307,8,0
-322,23,0
-358,59,0
24,2,1
-307,8,0
25,1,1
3,23,1
-126,152,1
-424,125,0
21,5,1
-300,1,0
-314,15,0
9,17,1
-346,47,0
16,10,1
-345,46,0
-342,43,0
-413,114,0
24,2,1
-305,6,0
-30,56,1
20,6,1
-72,98,1
-13,39,1
-322,23,0
-4,30,1
4,22,1
16,10,1
-344,45,0
-302,3,0
13,13,1
20,6,1
-303,4,0
21,5,1
25,1,1
18,8,1
-29,55,1
-432,133,0
-345,46,0
-358,59,0
-345,46,0
-132,158,1
24,2,1
-338,39,0
25,1,1
6,20,1
21,5,1
-309,10,0
-317,18,0
-90,116,1
-52,78,1
-312,13,0
19,7,1
-2,28,1
-444,145,0
-365,66,0
-367,68,0
-364,65,0
16,10,1
-38,64,1
-302,3,0
25,1,1
25,1,1
-73,99,1
-356,57,0
-364,65,0
-310,11,0
-304,5,0
-325,26,0
-333,34,0
22,4,1
-337,38,0
7,19,1
-305,6,0
-420,121,0
-19,45,1
-317,18,0
-305,6,0
25,1,1
-13,39,1
-22,48,1
20,6,1
-315,16,0
-340,41,0
-353,54,0
24,2,1
-333,34,0
-340,41,0
16,10,1
-331,32,0
-315,16,0
-391,92,0
-432,133,0
-151,177,1
-300,1,0
-314,15,0
-327,28,0
10,16,1
23,3,1
24,2,1
-398,99,0
-4,30,1
-311,12,0
-19,45,1
-307,8,0
8,18,1
25,1,1
7,19,1
-332,33,0
-314,15,0
-327,28,0
-326,27,0
-205,231,1
-334,35,0
19,7,1
-46,72,1
-447,148,0
6,20,1
22,4,1
-305,6,0
6,20,1
24,2,1
-314,15,0
-109,135,1
-301,2,0
21,5,1
-16,42,1
-321,22,0
-301,2,0
-323,24,0
18,8,1
8,18,1
-395,96,0
-337,38,0
-318,19,0
-397,98,0
-309,10,0
-78,104,1
10,16,1
-396,97,0
-304,5,0
-45,71,1
-29,55,1
-28,54,1
-13,39,1
-365,66,0
-334,35,0
-309,10,0
23,3,1
5,21,1
-306,7,0
-386,87,0
-33,59,1
-8,34,1
21,5,1
-305,6,0
-326,27,0
-347,48,0
17,9,1
-344,45,0
12,14,1
21,5,1
-57,83,1
-13,39,1
19,7,1
21,5,1
-37,63,1
-487,188,0
-369,70,0
20,6,1
-333,34,0
-4,30,1
-436,137,0
-325,26,0
10,16,1
-398,99,0
-309,10,0
15,11,1
18,8,1
13,13,1
-398,99,0
-307,8,0
-350,51,0
-10,36,1
-335,36,0
-301,2,0
-305,6,0
-457,158,0
-62,88,1
-300,1,0
-302,3,0
-349,50,0
-94,120,1
-2,28,1
11,15,1
19,7,1
-303,4,0
-310,11,0
-305,6,0
-316,17,0
-144,170,1
25,1,1
24,2,1
25,1,1
-89,115,1
-313,14,0
-5,31,1
2,24,1
-301,2,0
-313,14,0
-329,30,0
0,26,1
-36,62,1
-380,81,0
-300,1,0
-329,30,0
-324,25,0
-69,95,1
20,6,1
-30,56,1
-300,1,0
-358,59,0
-314,15,0
-29,55,1
-348,49,0
-304,5,0
-146,172,1
24,2,1
-473,174,0
-318,19,0
-322,23,0
-402,103,0
23,3,1
-305,6,0
24,2,1
24,2,1
-116,142,1
4,22,1
-311,12,0
-385,86,0
-304,5,0
8,18,1
-365,66,0
1,25,1
-332,33,0
-339,40,0
18,8,1
-54,80,1
-38,64,1
22,4,1
19,7,1
-383,84,0
22,4,1
-408,109,0
-316,17,0
12,14,1
-330,31,0
13,13,1
21,5,1
-307,8,0
-315,16,0
-302,3,0
-329,30,0
-300,1,0
-336,37,0
-312,13,0
-113,139,1
-332,33,0
-309,10,0
-326,27,0
25,1,1
8,18,1
25,1,1
-387,88,0
-48,74,1
-395,96,0
-334,35,0
-339,40,0
6,20,1
-377,78,0
-432,133,0
-62,88,1
-23,49,1
-426,127,0
-318,19,0
-300,1,0
-351,52,0
-17,43,1
24,2,1
7,19,1
-448,149,0
-316,17,0
-306,7,0
-309,10,0
24,2,1
-308,9,0
4,22,1
-4,30,1
-446,147,0
-4,30,1
-347,48,0
-308,9,0
-309,10,0
24,2,1
24,2,1
24,2,1
-304,5,0
-37,63,1
25,1,1
2,24,1
-315,16,0
-4,30,1
-301,2,0
-320,21,0
-305,6,0
-327,28,0
25,1,1
-6,32,1
-327,28,0
-320,21,0
9,17,1
-303,4,0
-385,86,0
20,6,1
-301,2,0
-2,28,1
-311,12,0
-387,88,0
-346,47,0
-315,16,0
-318,19,0
-322,23,0
-311,12,0
-312,13,0
-346,47,0
-314,15,0
-378,79,0
23,3,1
-55,81,1
12,14,1
-118,144,1
13,13,1
21,5,1
-441,142,0
22,4,1
-324,25,0
24,2,1
-301,2,0
-304,5,0
-320,21,0
-397,98,0
-308,9,0
-324,25,0
2,24,1
-351,52,0
-366,67,0
-12,38,1
-119,145,1
18,8,1
-337,38,0
-33,59,1
-45,71,1
25,1,1
-354,55,0
-333,34,0
-325,26,0
-315,16,0
-331,32,0
-12,38,1
10,16,1
23,3,1
-351,52,0
25,1,1
-320,21,0
-2,28,1
-1,27,1
17,9,1
-322,23,0
-6,32,1
25,1,1
-402,103,0
-307,8,0
-31,57,1
-329,30,0
-367,68,0
-358,59,0
-366,67,0
21,5,1
-4,30,1
-52,78,1
-336,37,0
-328,29,0
-42,68,1
21,5,1
-326,27,0
-475,176,0
-332,33,0
-418,119,0
-304,5,0
-320,21,0
-312,13,0
-12,38,1
-24,50,1
-303,4,0
-312,13,0
-300,1,0
-313,14,0
25,1,1
-300,1,0
-388,89,0
25,1,1
-26,52,1
-309,10,0
-351,52,0
-304,5,0
-24,50,1
-349,50,0
-306,7,0
-305,6,0
-333,34,0
-346,47,0
-60,86,1
-302,3,0
-18,44,1
-303,4,0
-309,10,0
-332,33,0
10,16,1
-353,54,0
-344,45,0
2,24,1
-43,69,1
-46,72,1
-55,81,1
-342,43,0
-316,17,0
25,1,1
-317,18,0
-302,3,0
-325,26,0
-345,46,0
23,3,1
-326,27,0
-349,50,0
8,18,1
-387,88,0
-327,28,0
-305,6,0
13,13,1
-301,2,0
-378,79,0
-310,11,0
-321,22,0
-333,34,0
25,1,1
-330,31,0
-2,28,1
-311,12,0
-300,1,0
-300,1,0
-369,70,0
25,1,1
-341,42,0
-407,108,0
-126,152,1
21,5,1
-307,8,0
-308,9,0
-309,10,0
20,6,1
19,7,1
-318,19,0
-343,44,0
-325,26,0
-456,157,0
-336,37,0
18,8,1
-307,8,0
-30,56,1
-73,99,1
23,3,1
-418,119,0
12,14,1
-10,36,1
-300,1,0
-36,62,1
25,1,1
-300,1,0
-380,81,0
-400,101,0
-327,28,0
-302,3,0
24,2,1
14,12,1
-53,79,1
10,16,1
-73,99,1
-40,66,1
-305,6,0
24,2,1
0,26,1
21,5,1
-13,39,1
-311,12,0
-36,62,1
20,6,1
-427,128,0
-304,5,0
25,1,1
-1,27,1
-20,46,1
-22,48,1
24,2,1
25,1,1
-362,63,0
25,1,1
-340,41,0
-436,137,0
-303,4,0
-330,31,0
21,5,1
-306,7,0
-304,5,0
-67,93,1
-352,53,0
-489,190,0
-381,82,0
13,13,1
-328,29,0
-146,172,1
-320,21,0
-325,26,0
25,1,1
-332,33,0
-130,156,1
-308,9,0
-13,39,1
-336,37,0
-18,44,1
-13,39,1
-22,48,1
-308,9,0
-320,21,0
-399,100,0
-308,9,0
-347,48,0
-300,1,0
-345,46,0
21,5,1
-304,5,0
-448,149,0
-9,35,1
-388,89,0
-6,32,1
-310,11,0
25,1,1
-302,3,0
4,22,1
-496,197,0
-340,41,0
24,2,1
-310,11,0
25,1,1
-2,28,1
-300,1,0
-122,148,1
-360,61,0
-62,88,1
-229,255,1
-306,7,0
-300,1,0
-302,3,0
-306,7,0
-301,2,0
-22,48,1
-331,32,0
-371,72,0
-301,2,0
-44,70,1
-335,36,0
-411,112,0
-9,35,1
14,12,1
-321,22,0
-307,8,0
16,10,1
-305,6,0
25,1,1
-55,81,1
-349,50,0
24,2,1
-375,76,0
-67,93,1
-300,1,0
20,6,1
25,1,1
-341,42,0
-479,180,0
-11,37,1
-323,24,0
9,17,1
-300,1,0
25,1,1
-314,15,0
-473,174,0
-306,7,0
18,8,1
-307,8,0
-373,74,0
-349,50,0
-353,54,0
-362,63,0
-335,36,0
18,8,1
-427,128,0
-392,93,0
-11,37,1
-350,51,0
24,2,1
4,22,1
-302,3,0
-313,14,0
-399,100,0
-303,4,0
-315,16,0
-324,25,0
10,16,1
8,18,1
20,6,1
-1,27,1
-15,41,1
-329,30,0
24,2,1
24,2,1
-52,78,1
-420,121,0
-312,13,0
-331,32,0
-12,38,1
-303,4,0
-412,113,0
-378,79,0
22,4,1
-314,15,0
-98,124,1
-308,9,0
-334,35,0
-335,36,0
-43,69,1
-302,3,0
-301,2,0
-6,32,1
-24,50,1
-312,13,0
-330,31,0
-332,33,0
-388,89,0
-376,77,0
-36,62,1
25,1,1
-303,4,0
-314,15,0
19,7,1
-300,1,0
23,3,1
20,6,1
14,12,1
24,2,1
-365,66,0
-360,61,0
-301,2,0
10,16,1
-302,3,0
-372,73,0
17,9,1
-13,39,1
-311,12,0
23,3,1
-301,2,0
25,1,1
-301,2,0
-317,18,0
12,14,1
21,5,1
-334,35,0
-9,35,1
17,9,1
-311,12,0
22,4,1
-6,32,1
-302,3,0
18,8,1
-345,46,0
-399,100,0
-87,113,1
-318,19,0
24,2,1
-361,62,0
24,2,1
-10,36,1
8,18,1
-48,74,1
-383,84,0
-313,14,0
-71,97,1
-483,184,0
-314,15,0
-302,3,0
24,2,1
-8,34,1
3,23,1
-337,38,0
-327,28,0
10,16,1
-41,67,1
8,18,1
-417,118,0
5,21,1
-367,68,0
19,7,1
25,1,1
24,2,1
-347,48,0
-350,51,0
-303,4,0
-312,13,0
22,4,1
25,1,1
-354,55,0
-304,5,0
22,4,1
1,25,1
-300,1,0
-6,32,1
-394,95,0
-236,262,1
17,9,1
24,2,1
24,2,1
-322,23,0
-364,65,0
-308,9,0
-314,15,0
25,1,1
25,1,1
-301,2,0
-375,76,0
25,1,1
15,11,1
-350,51,0
18,8,1
-19,45,1
-5,31,1
-321,22,0
-71,97,1
-5,31,1
-399,100,0
-303,4,0
-1,27,1
-16,42,1
25,1,1
-301,2,0
18,8,1
-33,59,1
25,1,1
-23,49,1
18,8,1
10,16,1
-397,98,0
-33,59,1
-329,30,0
-300,1,0
19,7,1
22,4,1
5,21,1
-54,80,1
25,1,1
-300,1,0
-38,64,1
-16,42,1
-319,20,0
-385,86,0
-314,15,0
25,1,1
-413,114,0
-28,54,1
-381,82,0
-341,42,0
-313,14,0
-94,120,1
-330,31,0
-16,42,1
-18,44,1
-10,36,1
19,7,1
-362,63,0
6,20,1
-332,33,0
25,1,1
-333,34,0
-398,99,0
-441,142,0
4,22,1
-314,15,0
-300,1,0
-12,38,1
-306,7,0
-303,4,0
-70,96,1
-410,111,0
-13,39,1
-398,99,0
-322,23,0
-321,22,0
-320,21,0
-315,16,0
-70,96,1
-369,70,0
-43,69,1
-368,69,0
-355,56,0
-303,4,0
-9,35,1
-395,96,0
-10,36,1
22,4,1
-329,30,0
-366,67,0
2,24,1
-303,4,0
-383,84,0
-323,24,0
-304,5,0
24,2,1
-376,77,0
-300,1,0
-450,151,0
-304,5,0
-340,41,0
-386,87,0
17,9,1
23,3,1
-302,3,0
-398,99,0
25,1,1
5,21,1
14,12,1
-35,61,1
-319,20,0
-371,72,0
25,1,1
10,16,1
-25,51,1
-365,66,0
16,10,1
25,1,1
-380,81,0
-4,30,1
24,2,1
-301,2,0
14,12,1
-273,299,1
-305,6,0
-335,36,0
11,15,1
-307,8,0
-11,37,1
18,8,1
-5,31,1
24,2,1
-311,12,0
-323,24,0
-482,183,0
-305,6,0
-345,46,0
23,3,1
14,12,1
-364,65,0
17,9,1
-300,1,0
-310,11,0
24,2,1
-319,20,0
-350,51,0
-8,34,1
-302,3,0
-365,66,0
7,19,1
-41,67,1
-304,5,0
2,24,1
-326,27,0
-78,104,1
-312,13,0
-319,20,0
1,25,1
-8,34,1
24,2,1
-43,69,1
13,13,1
-6,32,1
-310,11,0
6,20,1
25,1,1
-309,10,0
-399,100,0
-321,22,0
24,2,1
-95,121,1
16,10,1
-1,27,1
16,10,1
-4,30,1
25,1,1
-370,71,0
-143,169,1
-302,3,0
-312,13,0
24,2,1
-309,10,0
-1,27,1
-109,135,1
-1,27,1
22,4,1
-54,80,1
25,1,1
20,6,1
25,1,1
22,4,1
-327,28,0
17,9,1
-336,37,0
13,13,1
17,9,1
-307,8,0
22,4,1
-107,133,1
23,3,1
-309,10,0
-16,42,1
-304,5,0
24,2,1
-18,44,1
-10,36,1
-307,8,0
25,1,1
-377,78,0
-371,72,0
23,3,1
-7,33,1
-300,1,0
-57,83,1
25,1,1
-5,31,1
-301,2,0
14,12,1
-349,50,0
12,14,1
-22,48,1
-342,43,0
25,1,1
-342,43,0
-340,41,0
-82,108,1
-312,13,0
-330,31,0
-318,19,0
19,7,1
-325,26,0
-301,2,0
-346,47,0
22,4,1
20,6,1
22,4,1
-310,11,0
-370,71,0
24,2,1
-373,74,0
-37,63,1
-326,27,0
-65,91,1
-309,10,0
-339,40,0
11,15,1
-309,10,0
-506,207,0
-6,32,1
-39,65,1
-306,7,0
-25,51,1
11,15,1
25,1,1
-3,29,1
24,2,1
-389,90,0
-380,81,0
-312,13,0
-333,34,0
11,15,1
-303,4,0
-322,23,0
11,15,1
-309,10,0
25,1,1
-300,1,0
-413,114,0
-319,20,0
1,25,1
-305,6,0
24,2,1
-317,18,0
-53,79,1
-423,124,0
25,1,1
-404,105,0
-88,114,1
-304,5,0
-4,30,1
-314,15,0
6,20,1
24,2,1
25,1,1
-318,19,0
18,8,1
-306,7,0
-5,31,1
-309,10,0
-331,32,0
8,18,1
25,1,1
-302,3,0
-341,42,0
-302,3,0
-300,1,0
15,11,1
25,1,1
17,9,1
-312,13,0
-307,8,0
6,20,1
-12,38,1
25,1,1
24,2,1
10,16,1
-316,17,0
-301,2,0
21,5,1
-306,7,0
-27,53,1
25,1,1
-311,12,0
-340,41,0
-67,93,1
-4,30,1
22,4,1
-316,17,0
-28,54,1
-329,30,0
-305,6,0
16,10,1
-302,3,0
-340,41,0
21,5,1
-373,74,0
-74,100,1
24,2,1
-8,34,1
-323,24,0
-95,121,1
4,22,1
-341,42,0
-323,24,0
-310,11,0
-320,21,0
-326,27,0
13,13,1
-305,6,0
-327,28,0
-2,28,1
-316,17,0
-17,43,1
-41,67,1
6,20,1
-322,23,0
23,3,1
-300,1,0
24,2,1
15,11,1
20,6,1
13,13,1
-370,71,0
-8,34,1
19,7,1
-66,92,1
-338,39,0
24,2,1
-65,91,1
24,2,1
24,2,1
7,19,1
-21,47,1
24,2,1
-15,41,1
-5,31,1
-449,150,0
24,2,1
-10,36,1
-318,19,0
-305,6,0
-370,71,0
-25,51,1
12,14,1
-319,20,0
16,10,1
-307,8,0
-363,64,0
-309,10,0
-344,45,0
-10,36,1
3,23,1
-448,149,0
-342,43,0
-312,13,0
-78,104,1
24,2,1
9,17,1
25,1,1
8,18,1
13,13,1
-363,64,0
-486,187,0
24,2,1
5,21,1
25,1,1
22,4,1
-308,9,0
-350,51,0
3,23,1
-301,2,0
-36,62,1
15,11,1
25,1,1
23,3,1
-302,3,0
0,26,1
-401,102,0
7,19,1
-315,16,0
-300,1,0
16,10,1
6,20,1
8,18,1
-336,37,0
-333,34,0
-353,54,0
6,20,1
-27,53,1
25,1,1
-306,7,0
22,4,1
-388,89,0
-305,6,0
-354,55,0
-318,19,0
-305,6,0
-14,40,1
-307,8,0
-311,12,0
-322,23,0
-561,262,0
24,2,1
-312,13,0
15,11,1
25,1,1
-42,68,1
-327,28,0
-101,127,1
24,2,1
24,2,1
-439,140,0
17,9,1
-55,81,1
-324,25,0
-36,62,1
25,1,1
23,3,1
-354,55,0
25,1,1
17,9,1
-11,37,1
-196,222,1
-312,13,0
14,12,1
-12,38,1
-321,22,0
25,1,1
-327,28,0
19,7,1
25,1,1
-3,29,1
-354,55,0
-60,86,1
-327,28,0
21,5,1
-5,31,1
-382,83,0
19,7,1
24,2,1
25,1,1
-320,21,0
24,2,1
-308,9,0
9,17,1
-45,71,1
-349,50,0
-303,4,0
24,2,1
-316,17,0
-366,67,0
25,1,1
-16,42,1
-467,168,0
13,13,1
-311,12,0
-390,91,0
25,1,1
-302,3,0
-300,1,0
-40,66,1
-307,8,0
-314,15,0
-313,14,0
10,16,1
5,21,1
-304,5,0
-356,57,0
-304,5,0
-349,50,0
-397,98,0
-24,50,1
-320,21,0
-419,120,0
-405,106,0
24,2,1
-422,123,0
-44,70,1
23,3,1
13,13,1
-302,3,0
-318,19,0
12,14,1
-383,84,0
18,8,1
-60,86,1
20,6,1
-321,22,0
-304,5,0
-55,81,1
25,1,1
-320,21,0
-371,72,0
-301,2,0
-320,21,0
-392,93,0
-341,42,0
-302,3,0
-338,39,0
3,23,1
-356,57,0
-51,77,1
4,22,1
15,11,1
23,3,1
-81,107,1
-314,15,0
-66,92,1
-306,7,0
25,1,1
-29,55,1
-304,5,0
-326,27,0
-332,33,0
-382,83,0
-37,63,1
-6,32,1
19,7,1
-373,74,0
-10,36,1
-45,71,1
25,1,1
-6,32,1
-15,41,1
-317,18,0
-350,51,0
-302,3,0
21,5,1
-23,49,1
-49,75,1
2,24,1
-338,39,0
-323,24,0
25,1,1
-329,30,0
25,1,1
-312,13,0
23,3,1
-86,112,1
-341,42,0
-302,3,0
22,4,1
21,5,1
-301,2,0
4,22,1
24,2,1
21,5,1
-386,87,0
-315,16,0
-319,20,0
-304,5,0
22,4,1
-300,1,0
-338,39,0
-347,48,0
15,11,1
-325,26,0
20,6,1
-8,34,1
21,5,1
4,22,1
-489,190,0
-115,141,1
-12,38,1
8,18,1
-377,78,0
-326,27,0
-6,32,1
-305,6,0
23,3,1
0,26,1
-426,127,0
-303,4,0
21,5,1
23,3,1
22,4,1
-350,51,0
-303,4,0
18,8,1
-23,49,1
-365,66,0
19,7,1
-307,8,0
-352,53,0
-321,22,0
-7,33,1
-336,37,0
-304,5,0
-319,20,0
-33,59,1
11,15,1
22,4,1
-32,58,1
-31,57,1
-307,8,0
9,17,1
-319,20,0
19,7,1
-303,4,0
14,12,1
20,6,1
-346,47,0
-31,57,1
20,6,1
10,16,1
4,22,1
-334,35,0
-305,6,0
-305,6,0
17,9,1
25,1,1
4,22,1
-340,41,0
-301,2,0
-505,206,0
-12,38,1
-332,33,0
-311,12,0
24,2,1
-301,2,0
-74,100,1
-19,45,1
-335,36,0
-460,161,0
24,2,1
25,1,1
-93,119,1
14,12,1
23,3,1
25,1,1
-28,54,1
6,20,1
-80,106,1
22,4,1
25,1,1
-403,104,0
25,1,1
-302,3,0
15,11,1
15,11,1
5,21,1
25,1,1
-306,7,0
-56,82,1
-25,51,1
12,14,1
23,3,1
-331,32,0
24,2,1
-100,126,1
-2,28,1
-50,76,1
-57,83,1
-3,29,1
25,1,1
-1,27,1
-363,64,0
-9,35,1
-11,37,1
24,2,1
21,5,1
-390,91,0
-249,275,1
-19,45,1
-317,18,0
-2,28,1
25,1,1
18,8,1
-305,6,0
-367,68,0
-314,15,0
25,1,1
-26,52,1
25,1,1
-303,4,0
-3,29,1
-87,113,1
-302,3,0
24,2,1
-7,33,1
-301,2,0
-404,105,0
25,1,1
-303,4,0
-309,10,0
-10,36,1
-410,111,0
-39,65,1
-329,30,0
2,24,1
7,19,1
25,1,1
-83,109,1
-24,50,1
-326,27,0
13,13,1
-305,6,0
-334,35,0
-371,72,0
-588,289,0
-446,147,0
-21,47,1
-305,6,0
-313,14,0
-354,55,0
-316,17,0
-9,35,1
-6,32,1
-367,68,0
-389,90,0
-363,64,0
-300,1,0
-76,102,1
-314,15,0
-106,132,1
25,1,1
-378,79,0
-331,32,0
10,16,1
-35,61,1
11,15,1
-364,65,0
-44,70,1
-479,180,0
-405,106,0
18,8,1
-303,4,0
-353,54,0
-23,49,1
-314,15,0
2,24,1
23,3,1
17,9,1
24,2,1
-406,107,0
-315,16,0
-300,1,0
8,18,1
-327,28,0
-56,82,1
25,1,1
1,25,1
-306,7,0
-320,21,0
21,5,1
17,9,1
5,21,1
-5,31,1
-328,29,0
12,14,1
-380,81,0
-415,116,0
25,1,1
-304,5,0
4,22,1
-381,82,0
-304,5,0
-17,43,1
-343,44,0
23,3,1
24,2,1
-336,37,0
-353,54,0
-300,1,0
15,11,1
-340,41,0
-27,53,1
-16,42,1
-309,10,0
12,14,1
-305,6,0
12,14,1
24,2,1
-313,14,0
-300,1,0
25,1,1
-14,40,1
-314,15,0
-321,22,0
-435,136,0
25,1,1
25,1,1
-1,27,1
-340,41,0
-322,23,0
-9,35,1
-120,146,1
-324,25,0
-47,73,1
-387,88,0
-302,3,0
-317,18,0
-33,59,1
20,6,1
25,1,1
15,11,1
21,5,1
-12,38,1
-308,9,0
-306,7,0
-37,63,1
20,6,1
-316,17,0
7,19,1
-311,12,0
-450,151,0
-306,7,0
-398,99,0
-308,9,0
-34,60,1
-302,3,0
-182,208,1
23,3,1
12,14,1
25,1,1
-302,3,0
13,13,1
-438,139,0
4,22,1
-40,66,1
-40,66,1
25,1,1
3,23,1
-16,42,1
7,19,1
-313,14,0
21,5,1
-346,47,0
-13,39,1
25,1,1
-348,49,0
-324,25,0
25,1,1
-146,172,1
-355,56,0
-381,82,0
23,3,1
-301,2,0
-300,1,0
-2,28,1
25,1,1
-310,11,0
-341,42,0
10,16,1
24,2,1
-43,69,1
-305,6,0
-479,180,0
-326,27,0
-2,28,1
24,2,1
8,18,1
-367,68,0
-1,27,1
-359,60,0
19,7,1
-287,313,1
-12,38,1
-309,10,0
23,3,1
15,11,1
25,1,1
-7,33,1
-321,22,0
15,11,1
25,1,1
6,20,1
-308,9,0
25,1,1
24,2,1
-16,42,1
-349,50,0
-300,1,0
25,1,1
-346,47,0
-10,36,1
25,1,1
21,5,1
20,6,1
-110,136,1
17,9,1
-302,3,0
3,23,1
-300,1,0
-364,65,0
19,7,1
-58,84,1
24,2,1
-338,39,0
9,17,1
-460,161,0
19,7,1
-9,35,1
-308,9,0
18,8,1
-315,16,0
-316,17,0
-1,27,1
-19,45,1
-307,8,0
-302,3,0
-477,178,0
25,1,1
-409,110,0
-310,11,0
-424,125,0
-315,16,0
-318,19,0
-444,145,0
-34,60,1
-368,69,0
-70,96,1
-223,249,1
-313,14,0
-408,109,0
-350,51,0
-7,33,1
-323,24,0
-302,3,0
-342,43,0
-317,18,0
-5,31,1
-49,75,1
-5,31,1
-2,28,1
-329,30,0
-25,51,1
-334,35,0
-365,66,0
12,14,1
-312,13,0
-17,43,1
-401,102,0
-420,121,0
-370,71,0
-304,5,0
-357,58,0
-382,83,0
21,5,1
-7,33,1
22,4,1
-301,2,0
-60,86,1
25,1,1
16,10,1
-340,41,0
6,20,1
-309,10,0
-400,101,0
22,4,1
-21,47,1
0,26,1
8,18,1
14,12,1
15,11,1
3,23,1
22,4,1
-355,56,0
-303,4,0
-304,5,0
-315,16,0
-303,4,0
-26,52,1
-339,40,0
-34,60,1
7,19,1
-321,22,0
20,6,1
-405,106,0
22,4,1
24,2,1
-17,43,1
24,2,1
-363,64,0
-31,57,1
-325,26,0
-10,36,1
14,12,1
19,7,1
-343,44,0
-339,40,0
2,24,1
-311,12,0
-8,34,1
15,11,1
24,2,1
-340,41,0
-301,2,0
-345,46,0
-307,8,0
-300,1,0
-305,6,0
-300,1,0
-24,50,1
-301,2,0
-313,14,0
8,18,1
-344,45,0
4,22,1
21,5,1
-341,42,0
-31,57,1
-21,47,1
-20,46,1
-311,12,0
-337,38,0
20,6,1
-453,154,0
-70,96,1
-413,114,0
-393,94,0
2,24,1
-300,1,0
23,3,1
-109,135,1
-103,129,1
-22,48,1
-427,128,0
-409,110,0
-322,23,0
24,2,1
-301,2,0
-38,64,1
-14,40,1
-89,115,1
-162,188,1
22,4,1
20,6,1
-169,195,1
24,2,1
19,7,1
-386,87,0
-375,76,0
-334,35,0
22,4,1
-306,7,0
-105,131,1
-306,7,0
-45,71,1
24,2,1
-300,1,0
-306,7,0
-315,16,0
-412,113,0
24,2,1
-302,3,0
17,9,1
-391,92,0
22,4,1
16,10,1
-335,36,0
-23,49,1
-30,56,1
9,17,1
-321,22,0
-331,32,0
8,18,1
-302,3,0
25,1,1
-300,1,0
-10,36,1
-383,84,0
-321,22,0
-423,124,0
24,2,1
23,3,1
-364,65,0
-337,38,0
-18,44,1
-28,54,1
12,14,1
-9,35,1
24,2,1
-1,27,1
-305,6,0
-442,143,0
-10,36,1
-330,31,0
20,6,1
18,8,1
-391,92,0
-305,6,0
-333,34,0
-336,37,0
9,17,1
-324,25,0
-307,8,0
24,2,1
-25,51,1
16,10,1
23,3,1
-328,29,0
-424,125,0
-15,41,1
-39,65,1
-307,8,0
-322,23,0
-513,214,0
-167,193,1
-314,15,0
-11,37,1
-305,6,0
-308,9,0
-11,37,1
22,4,1
-321,22,0
20,6,1
-347,48,0
-301,2,0
-317,18,0
25,1,1
-301,2,0
-337,38,0
25,1,1
25,1,1
-326,27,0
-304,5,0
-9,35,1
-431,132,0
-7,33,1
25,1,1
-314,15,0
6,20,1
24,2,1
-88,114,1
24,2,1
-343,44,0
-13,39,1
-51,77,1
-148,174,1
-306,7,0
-366,67,0
-36,62,1
-4,30,1
-326,27,0
-379,80,0
-320,21,0
-306,7,0
-300,1,0
-327,28,0
-303,4,0
-304,5,0
25,1,1
25,1,1
25,1,1
-316,17,0
-330,31,0
-300,1,0
-357,58,0
-28,54,1
19,7,1
-4,30,1
-310,11,0
25,1,1
-11,37,1
25,1,1
25,1,1
-304,5,0
21,5,1
-313,14,0
-396,97,0
-334,35,0
-315,16,0
19,7,1
-1,27,1
-19,45,1
-342,43,0
25,1,1
-1,27,1
2,24,1
-315,16,0
-342,43,0
17,9,1
-301,2,0
-358,59,0
20,6,1
-15,41,1
-319,20,0
17,9,1
-6,32,1
-9,35,1
-376,77,0
-124,150,1
-304,5,0
-315,16,0
-372,73,0
-336,37,0
-61,87,1
-313,14,0
-303,4,0
17,9,1
-13,39,1
21,5,1
-324,25,0
-402,103,0
-66,92,1
-17,43,1
-306,7,0
24,2,1
-480,181,0
-336,37,0
-308,9,0
-333,34,0
25,1,1
-300,1,0
-333,34,0
25,1,1
-301,2,0
-441,142,0
13,13,1
-332,33,0
-328,29,0
24,2,1
-67,93,1
-429,130,0
-7,33,1
-389,90,0
-73,99,1
-49,75,1
8,18,1
14,12,1
19,7,1
16,10,1
14,12,1
-76,102,1
18,8,1
-55,81,1
-302,3,0
23,3,1
18,8,1
25,1,1
-72,98,1
-4,30,1
-337,38,0
-341,42,0
8,18,1
25,1,1
-51,77,1
-10,36,1
-302,3,0
22,4,1
13,13,1
-414,115,0
-304,5,0
-325,26,0
25,1,1
-377,78,0
-10,36,1
24,2,1
13,13,1
22,4,1
9,17,1
23,3,1
10,16,1
13,13,1
-313,14,0
-2,28,1
-325,26,0
-434,135,0
-304,5,0
-127,153,1
7,19,1
-80,106,1
25,1,1
-396,97,0
8,18,1
-302,3,0
-24,50,1
-303,4,0
-307,8,0
23,3,1
8,18,1
25,1,1
-365,66,0
-21,47,1
22,4,1
-327,28,0
22,4,1
-344,45,0
-50,76,1
-301,2,0
-2,28,1
-330,31,0
-411,112,0
18,8,1
3,23,1
-485,186,0
-526,227,0
-344,45,0
24,2,1
-304,5,0
-376,77,0
25,1,1
-50,76,1
-343,44,0
-312,13,0
4,22,1
25,1,1
-174,200,1
-382,83,0
-321,22,0
7,19,1
24,2,1
-352,53,0
-306,7,0
25,1,1
-335,36,0
5,21,1
-68,94,1
-497,198,0
-57,83,1
-2,28,1
20,6,1
-63,89,1
19,7,1
-71,97,1
-349,50,0
-358,59,0
-324,25,0
-305,6,0
24,2,1
-2,28,1
23,3,1
-331,32,0
17,9,1
-313,14,0
-358,59,0
-301,2,0
-326,27,0
-341,42,0
24,2,1
-24,50,1
-310,11,0
-365,66,0
-18,44,1
-321,22,0
-49,75,1
1,25,1
-327,28,0
25,1,1
22,4,1
22,4,1
-420,121,0
25,1,1
24,2,1
24,2,1
19,7,1
21,5,1
-447,148,0
-302,3,0
-305,6,0
-378,79,0
-5,31,1
7,19,1
25,1,1
-35,61,1
5,21,1
7,19,1
19,7,1
23,3,1
24,2,1
18,8,1
0,26,1
24,2,1
-326,27,0
-329,30,0
-317,18,0
25,1,1
-37,63,1
17,9,1
15,11,1
25,1,1
-311,12,0
25,1,1
-335,36,0
12,14,1
-37,63,1
-160,186,1
-404,105,0
-309,10,0
13,13,1
-362,63,0
25,1,1
-107,133,1
-19,45,1
2,24,1
21,5,1
20,6,1
-374,75,0
21,5,1
-19,45,1
-47,73,1
-332,33,0
-301,2,0
-196,222,1
-303,4,0
22,4,1
15,11,1
-308,9,0
-311,12,0
16,10,1
-363,64,0
24,2,1
-7,33,1
11,15,1
25,1,1
-45,71,1
18,8,1
-328,29,0
7,19,1
25,1,1
24,2,1
18,8,1
-424,125,0
21,5,1
-346,47,0
16,10,1
-21,47,1
-306,7,0
-237,263,1
20,6,1
-29,55,1
-330,31,0
-54,80,1
7,19,1
-306,7,0
9,17,1
17,9,1
25,1,1
0,26,1
6,20,1
-318,19,0
21,5,1
-300,1,0
-339,40,0
17,9,1
13,13,1
-314,15,0
-309,10,0
19,7,1
-50,76,1
-118,144,1
24,2,1
5,21,1
-311,12,0
-328,29,0
25,1,1
-346,47,0
-348,49,0
-36,62,1
25,1,1
24,2,1
-310,11,0
-17,43,1
4,22,1
22,4,1
-386,87,0
22,4,1
-371,72,0
-22,48,1
-396,97,0
24,2,1
-309,10,0
-371,72,0
-409,110,0
-26,52,1
-13,39,1
25,1,1
19,7,1
-376,77,0
-337,38,0
-317,18,0
25,1,1
-310,11,0
-337,38,0
21,5,1
12,14,1
-318,19,0
-313,14,0
25,1,1
-39,65,1
-308,9,0
21,5,1
-308,9,0
19,7,1
1,25,1
13,13,1
-309,10,0
-16,42,1
1,25,1
-363,64,0
-306,7,0
-27,53,1
-372,73,0
-317,18,0
15,11,1
-313,14,0
2,24,1
-424,125,0
22,4,1
-27,53,1
-310,11,0
-301,2,0
-13,39,1
-4,30,1
-38,64,1
-102,128,1
-39,65,1
15,11,1
-303,4,0
-370,71,0
17,9,1
9,17,1
-370,71,0
-300,1,0
-390,91,0
-322,23,0
-347,48,0
-415,116,0
-13,39,1
-12,38,1
-355,56,0
-302,3,0
-322,23,0
24,2,1
-2,28,1
25,1,1
-418,119,0
-323,24,0
-595,296,0
-336,37,0
-332,33,0
-145,171,1
25,1,1
21,5,1
24,2,1
13,13,1
-61,87,1
-321,22,0
-85,111,1
-302,3,0
-21,47,1
-333,34,0
-77,103,1
-300,1,0
-349,50,0
22,4,1
23,3,1
-307,8,0
-379,80,0
-314,15,0
-464,165,0
22,4,1
7,19,1
25,1,1
17,9,1
8,18,1
-302,3,0
23,3,1
14,12,1
-334,35,0
25,1,1
-304,5,0
21,5,1
-12,38,1
-325,26,0
4,22,1
-122,148,1
-21,47,1
23,3,1
-327,28,0
-338,39,0
23,3,1
-329,30,0
-316,17,0
14,12,1
13,13,1
-142,168,1
-31,57,1
-331,32,0
-330,31,0
24,2,1
-350,51,0
10,16,1
-79,105,1
-359,60,0
15,11,1
24,2,1
-336,37,0
-483,184,0
16,10,1
-303,329,1
-13,39,1
-2,28,1
25,1,1
22,4,1
23,3,1
-12,38,1
-303,4,0
17,9,1
24,2,1
-318,19,0
-40,66,1
-7,33,1
-303,4,0
15,11,1
-27,53,1
14,12,1
25,1,1
-313,14,0
5,21,1
25,1,1
25,1,1
-59,85,1
-355,56,0
-302,3,0
-364,65,0
-336,37,0
-413,114,0
-366,67,0
-348,49,0
-123,149,1
-310,11,0
-340,41,0
24,2,1
-63,89,1
-404,105,0
6,20,1
24,2,1
-312,13,0
-479,180,0
-490,191,0
20,6,1
-330,31,0
23,3,1
-68,94,1
-313,14,0
19,7,1
-354,55,0
-304,5,0
5,21,1
-377,78,0
-342,43,0
6,20,1
-330,31,0
-312,13,0
25,1,1
-376,77,0
-29,55,1
-59,85,1
20,6,1
-4,30,1
24,2,1
-390,91,0
-316,17,0
-325,26,0
24,2,1
-419,120,0
-309,10,0
-300,1,0
-37,63,1
24,2,1
-311,12,0
-306,7,0
-301,2,0
-4,30,1
10,16,1
-17,43,1
23,3,1
-4,30,1
-320,21,0
23,3,1
8,18,1
24,2,1
-370,71,0
-510,211,0
14,12,1
-360,61,0
-90,116,1
15,11,1
-539,240,0
-11,37,1
-309,10,0
25,1,1
-40,66,1
-4,30,1
-337,38,0
23,3,1
-74,100,1
-313,14,0
13,13,1
14,12,1
-5,31,1
-304,5,0
21,5,1
13,13,1
-301,2,0
24,2,1
-384,85,0
-373,74,0
-339,40,0
24,2,1
22,4,1
-339,40,0
17,9,1
-333,34,0
24,2,1
-336,37,0
-360,61,0
-357,58,0
-388,89,0
-439,140,0
-486,187,0
7,19,1
3,23,1
-309,10,0
3,23,1
21,5,1
-26,52,1
-304,5,0
22,4,1
-339,40,0
-31,57,1
21,5,1
-2,28,1
-332,33,0
-316,17,0
5,21,1
-3,29,1
17,9,1
-365,66,0
21,5,1
21,5,1
-300,1,0
-33,59,1
-316,17,0
-334,35,0
-458,159,0
-32,58,1
11,15,1
-333,34,0
-68,94,1
-305,6,0
-309,10,0
-347,48,0
14,12,1
-323,24,0
-435,136,0
-305,6,0
-320,21,0
20,6,1
-386,87,0
-324,25,0
7,19,1
24,2,1
-323,24,0
14,12,1
0,26,1
-481,182,0
16,10,1
25,1,1
-317,18,0
-325,26,0
17,9,1
-313,14,0
-323,24,0
21,5,1
-309,10,0
2,24,1
-17,43,1
-33,59,1
-302,3,0
-384,85,0
-412,113,0
5,21,1
-134,160,1
-310,11,0
23,3,1
-348,49,0
-314,15,0
-316,17,0
25,1,1
6,20,1
-324,25,0
-55,81,1
25,1,1
-316,17,0
-54,80,1
-1,27,1
24,2,1
25,1,1
-388,89,0
-21,47,1
10,16,1
3,23,1
-48,74,1
-326,27,0
24,2,1
-95,121,1
16,10,1
-47,73,1
24,2,1
-347,48,0
-318,19,0
8,18,1
-361,62,0
20,6,1
-308,9,0
-471,172,0
22,4,1
-29,55,1
-324,25,0
14,12,1
-22,48,1
-318,19,0
24,2,1
25,1,1
1,25,1
18,8,1
-403,429,1
15,11,1
-16,42,1
-302,3,0
-332,33,0
19,7,1
-103,129,1
2,24,1
-68,94,1
-301,2,0
10,16,1
-20,46,1
-332,33,0
-35,61,1
24,2,1
-389,90,0
-330,31,0
-7,33,1
-3,29,1
-322,23,0
20,6,1
-303,4,0
24,2,1
-324,25,0
19,7,1
-5,31,1
15,11,1
-377,78,0
-300,1,0
-326,27,0
-326,27,0
15,11,1
20,6,1
25,1,1
25,1,1
3,23,1
6,20,1
-310,11,0
-384,85,0
-184,210,1
-307,8,0
-302,3,0
-315,16,0
11,15,1
-38,64,1
-346,47,0
-320,21,0
-304,5,0
3,23,1
-389,90,0
16,10,1
-326,27,0
10,16,1
-355,56,0
-315,16,0
-449,150,0
-366,67,0
-4,30,1
-325,26,0
-399,100,0
-304,5,0
7,19,1
-152,178,1
-313,14,0
24,2,1
8,18,1
20,6,1
25,1,1
-41,67,1
6,20,1
-309,10,0
-311,12,0
25,1,1
-309,10,0
-363,64,0
-30,56,1
-301,2,0
-303,4,0
-37,63,1
9,17,1
-17,43,1
-360,61,0
20,6,1
-340,41,0
-6,32,1
-345,46,0
-300,1,0
10,16,1
9,17,1
-28,54,1
-324,25,0
9,17,1
7,19,1
-331,32,0
-155,181,1
25,1,1
-197,223,1
-339,40,0
20,6,1
-399,100,0
-307,8,0
-323,24,0
-300,1,0
-304,5,0
25,1,1
-331,32,0
25,1,1
-364,65,0
-339,40,0
25,1,1
25,1,1
-8,34,1
-348,49,0
-313,14,0
-9,35,1
-323,24,0
-338,39,0
-359,60,0
25,1,1
-306,7,0
25,1,1
11,15,1
-371,72,0
-13,39,1
-311,12,0
-2,28,1
-355,56,0
-300,1,0
15,11,1
-364,65,0
25,1,1
24,2,1
-337,38,0
16,10,1
12,14,1
-306,7,0
-417,118,0
-316,17,0
-37,63,1
25,1,1
-305,6,0
-74,100,1
22,4,1
24,2,1
-388,89,0
19,7,1
22,4,1
-308,9,0
16,10,1
-300,1,0
7,19,1
-328,29,0
-365,66,0
1,25,1
-385,86,0
-302,3,0
-146,172,1
-4,30,1
-314,15,0
12,14,1
-341,42,0
24,2,1
25,1,1
-494,195,0
-44,70,1
0,26,1
-303,4,0
21,5,1
24,2,1
-424,125,0
-309,10,0
-308,9,0
-308,9,0
6,20,1
-417,118,0
-93,119,1
-12,38,1
10,16,1
25,1,1
-315,16,0
-334,35,0
-300,1,0
9,17,1
-338,39,0
25,1,1
4,22,1
-300,1,0
-355,56,0
-364,65,0
10,16,1
24,2,1
16,10,1
-176,202,1
-340,41,0
9,17,1
-320,21,0
-57,83,1
25,1,1
-403,104,0
15,11,1
-307,8,0
-367,68,0
24,2,1
-376,77,0
-437,138,0
-387,88,0
-303,4,0
24,2,1
18,8,1
25,1,1
-306,7,0
-385,86,0
11,15,1
-363,64,0
-392,93,0
-344,45,0
13,13,1
24,2,1
25,1,1
19,7,1
-332,33,0
-28,54,1
23,3,1
0,26,1
-397,98,0
-6,32,1
-438,139,0
25,1,1
17,9,1
21,5,1
25,1,1
-5,31,1
-2,28,1
-437,138,0
-337,38,0
-49,75,1
10,16,1
-300,1,0
-314,15,0
-44,70,1
-312,13,0
25,1,1
-372,73,0
-369,70,0
25,1,1
24,2,1
-325,26,0
14,12,1
-335,36,0
-4,30,1
13,13,1
-173,199,1
25,1,1
11,15,1
25,1,1
-302,3,0
-382,83,0
14,12,1
-301,2,0
-344,45,0
24,2,1
25,1,1
-395,96,0
14,12,1
7,19,1
-324,25,0
25,1,1
-15,41,1
7,19,1
24,2,1
-30,56,1
-27,53,1
24,2,1
-22,48,1
-28,54,1
25,1,1
20,6,1
-38,64,1
-312,13,0
-26,52,1
-305,6,0
-74,100,1
-73,99,1
-503,204,0
-332,33,0
-301,2,0
-346,47,0
-320,21,0
-336,37,0
-310,11,0
-92,118,1
23,3,1
24,2,1
-320,21,0
21,5,1
-303,4,0
1,25,1
24,2,1
-324,25,0
-320,21,0
24,2,1
-3,29,1
-92,118,1
-512,213,0
25,1,1
-370,71,0
-302,3,0
-4,30,1
-470,171,0
24,2,1
-307,8,0
-300,1,0
-9,35,1
-311,12,0
2,24,1
-336,37,0
23,3,1
-13,39,1
-301,2,0
13,13,1
-165,191,1
-54,80,1
25,1,1
-326,27,0
-11,37,1
-25,51,1
-15,41,1
24,2,1
21,5,1
15,11,1
6,20,1
7,19,1
-305,6,0
-69,95,1
-57,83,1
-425,126,0
-24,50,1
21,5,1
-40,66,1
25,1,1
-14,40,1
-302,3,0
-54,80,1
23,3,1
-91,117,1
-381,82,0
12,14,1
-34,60,1
16,10,1
-302,3,0
-321,22,0
-8,34,1
24,2,1
-319,20,0
-325,26,0
-325,26,0
-28,54,1
-300,1,0
-308,9,0
-300,1,0
-326,27,0
25,1,1
-303,4,0
11,15,1
-302,3,0
-317,18,0
-36,62,1
13,13,1
10,16,1
24,2,1
21,5,1
-306,7,0
-350,51,0
-328,29,0
-43,69,1
25,1,1
-92,118,1
-5,31,1
16,10,1
-527,228,0
-414,115,0
-5,31,1
7,19,1
-43,69,1
25,1,1
-26,52,1
-391,92,0
-34,60,1
-80,106,1
-301,2,0
-33,59,1
-10,36,1
17,9,1
-40,66,1
-305,6,0
16,10,1
8,18,1
-302,3,0
-419,120,0
-312,13,0
-383,84,0
10,16,1
-306,7,0
15,11,1
9,17,1
25,1,1
-419,120,0
-17,43,1
-338,39,0
-317,18,0
-24,50,1
-137,163,1
5,21,1
13,13,1
-302,3,0
-378,79,0
-19,45,1
24,2,1
24,2,1
-305,6,0
-328,29,0
-491,192,0
-327,28,0
5,21,1
-5,31,1
9,17,1
-50,76,1
-149,175,1
2,24,1
23,3,1
-44,70,1
-318,19,0
22,4,1
-347,48,0
-331,32,0
-483,184,0
12,14,1
-347,48,0
23,3,1
-365,66,0
23,3,1
13,13,1
-6,32,1
-347,48,0
-307,8,0
-3,29,1
21,5,1
-368,69,0
-406,107,0
4,22,1
-300,1,0
-353,54,0
19,7,1
21,5,1
6,20,1
24,2,1
23,3,1
-25,51,1
-4,30,1
25,1,1
-309,10,0
-94,120,1
24,2,1
-473,174,0
-44,70,1
18,8,1
-304,5,0
-145,171,1
25,1,1
-21,47,1
25,1,1
24,2,1
-59,85,1
18,8,1
-300,1,0
21,5,1
-309,10,0
-301,2,0
18,8,1
23,3,1
-321,22,0
-317,18,0
-302,3,0
22,4,1
-35,61,1
25,1,1
-7,33,1
-86,112,1
-65,91,1
16,10,1
-356,57,0
0,26,1
-66,92,1
-303,4,0
-339,40,0
-309,10,0
19,7,1
-318,19,0
-374,75,0
-304,5,0
-353,54,0
24,2,1
-303,4,0
-22,48,1
-126,152,1
-92,118,1
-307,8,0
-318,19,0
20,6,1
15,11,1
-300,1,0
-36,62,1
25,1,1
-301,2,0
-30,56,1
17,9,1
0,26,1
-303,4,0
-30,56,1
-38,64,1
-9,35,1
-304,5,0
-304,5,0
-368,69,0
-309,10,0
-347,48,0
-48,74,1
-315,16,0
17,9,1
24,2,1
-435,136,0
24,2,1
-85,111,1
-360,61,0
22,4,1
-332,33,0
-8,34,1
25,1,1
-71,97,1
25,1,1
-57,83,1
-24,50,1
-32,58,1
24,2,1
-314,15,0
0,26,1
-313,14,0
0,26,1
14,12,1
-48,74,1
-326,27,0
23,3,1
22,4,1
25,1,1
11,15,1
0,26,1
-343,44,0
25,1,1
4,22,1
-408,109,0
-28,54,1
-301,2,0
-9,35,1
-351,52,0
-309,10,0
25,1,1
16,10,1
-322,23,0
-82,108,1
-357,58,0
-302,3,0
-346,47,0
-12,38,1
24,2,1
-349,50,0
15,11,1
-305,6,0
20,6,1
-325,26,0
-337,38,0
-303,4,0
-318,19,0
-322,23,0
25,1,1
-79,105,1
22,4,1
21,5,1
-359,60,0
-314,15,0
25,1,1
-23,49,1
-305,6,0
-8,34,1
23,3,1
-369,70,0
-332,33,0
-63,89,1
8,18,1
-90,116,1
-316,17,0
14,12,1
-309,10,0
24,2,1
20,6,1
16,10,1
-362,63,0
-1,27,1
25,1,1
-317,18,0
19,7,1
5,21,1
-306,7,0
25,1,1
18,8,1
-332,33,0
-318,19,0
22,4,1
-334,35,0
-319,20,0
25,1,1
5,21,1
-312,13,0
-419,120,0
-135,161,1
-329,30,0
-347,48,0
25,1,1
24,2,1
-320,21,0
-297,323,1
-384,85,0
-320,21,0
23,3,1
-332,33,0
-349,50,0
-13,39,1
-11,37,1
9,17,1
-350,51,0
25,1,1
-300,1,0
-461,162,0
-82,108,1
-300,1,0
-314,15,0
24,2,1
-311,12,0
25,1,1
-110,136,1
-52,78,1
-97,123,1
-18,44,1
18,8,1
-323,24,0
7,19,1
24,2,1
-17,43,1
-315,16,0
-382,83,0
17,9,1
1,25,1
-300,1,0
16,10,1
-303,4,0
-436,137,0
-430,131,0
-334,35,0
4,22,1
-204,230,1
5,21,1
-28,54,1
21,5,1
25,1,1
-2,28,1
9,17,1
-311,12,0
23,3,1
-306,7,0
23,3,1
18,8,1
-354,55,0
-301,2,0
-302,3,0
25,1,1
-342,43,0
24,2,1
22,4,1
-414,115,0
6,20,1
23,3,1
-60,86,1
17,9,1
-303,4,0
-314,15,0
24,2,1
23,3,1
25,1,1
21,5,1
-310,11,0
-317,18,0
25,1,1
25,1,1
21,5,1
-33,59,1
0,26,1
-426,127,0
-305,6,0
-340,41,0
-2,28,1
19,7,1
19,7,1
-365,66,0
-302,3,0
-321,22,0
-497,198,0
-312,13,0
3,23,1
-380,406,1
-366,67,0
-300,1,0
24,2,1
-327,28,0
-331,32,0
-322,23,0
-340,41,0
22,4,1
-304,5,0
6,20,1
-311,12,0
8,18,1
-312,13,0
-306,7,0
-312,13,0
-308,9,0
-38,64,1
25,1,1
-337,38,0
-320,21,0
19,7,1
-331,32,0
-23,49,1
24,2,1
-111,137,1
25,1,1
-309,10,0
-300,1,0
-314,15,0
24,2,1
6,20,1
-10,36,1
-18,44,1
-302,3,0
-362,63,0
-300,1,0
24,2,1
-35,61,1
6,20,1
7,19,1
-300,1,0
-339,40,0
24,2,1
-25,51,1
17,9,1
22,4,1
-300,1,0
20,6,1
-394,95,0
6,20,1
25,1,1
-444,145,0
16,10,1
-303,4,0
23,3,1
-21,47,1
13,13,1
-317,18,0
-354,55,0
-305,6,0
-338,39,0
-312,13,0
23,3,1
14,12,1
-24,50,1
-341,42,0
-300,1,0
-396,97,0
24,2,1
-309,10,0
7,19,1
-428,129,0
25,1,1
11,15,1
-405,106,0
14,12,1
22,4,1
20,6,1
22,4,1
-2,28,1
25,1,1
23,3,1
0,26,1
21,5,1
25,1,1
23,3,1
17,9,1
17,9,1
-104,130,1
-410,111,0
3,23,1
-315,16,0
-79,105,1
25,1,1
25,1,1
-391,92,0
-331,32,0
-312,13,0
-103,129,1
8,18,1
-163,189,1
-23,49,1
-301,2,0
18,8,1
-147,173,1
-6,32,1
-303,4,0
8,18,1
-20,46,1
-319,20,0
-64,90,1
13,13,1
-305,6,0
-301,2,0
-357,58,0
-370,71,0
-319,20,0
23,3,1
16,10,1
-6,32,1
-307,8,0
-12,38,1
-3,29,1
-300,1,0
-323,24,0
-324,25,0
-312,13,0
13,13,1
24,2,1
11,15,1
9,17,1
-472,173,0
-313,14,0
20,6,1
-300,1,0
25,1,1
-400,101,0
23,3,1
-90,116,1
-12,38,1
-39,65,1
-161,187,1
13,13,1
-36,62,1
-42,68,1
-322,23,0
25,1,1
-341,42,0
-313,14,0
-29,55,1
25,1,1
15,11,1
-316,17,0
-373,74,0
25,1,1
13,13,1
-16,42,1
-308,9,0
-425,126,0
-302,3,0
-325,26,0
-378,79,0
13,13,1
-351,52,0
24,2,1
23,3,1
-17,43,1
24,2,1
-335,36,0
25,1,1
-312,13,0
25,1,1
24,2,1
-437,138,0
25,1,1
-360,61,0
25,1,1
-3,29,1
4,22,1
-320,21,0
0,26,1
-424,125,0
10,16,1
22,4,1
-44,70,1
-40,66,1
-305,6,0
19,7,1
-323,24,0
-320,21,0
18,8,1
-80,106,1
-13,39,1
25,1,1
25,1,1
-436,137,0
-90,116,1
-8,34,1
-49,75,1
18,8,1
-409,110,0
-301,2,0
-322,23,0
-82,108,1
-2,28,1
23,3,1
-378,79,0
-320,21,0
-332,33,0
-53,79,1
-59,85,1
25,1,1
20,6,1
5,21,1
19,7,1
23,3,1
-22,48,1
-387,88,0
-372,73,0
-74,100,1
12,14,1
24,2,1
-380,81,0
5,21,1
-300,1,0
15,11,1
2,24,1
-1,27,1
-376,77,0
16,10,1
24,2,1
-354,55,0
-41,67,1
24,2,1
-348,49,0
-403,104,0
-329,30,0
25,1,1
-306,7,0
-12,38,1
-7,33,1
16,10,1
24,2,1
-361,62,0
-318,19,0
-53,79,1
-340,41,0
24,2,1
12,14,1
-384,85,0
17,9,1
-311,12,0
-365,66,0
-352,53,0
-302,3,0
8,18,1
-304,5,0
3,23,1
-318,19,0
23,3,1
-48,74,1
-347,48,0
-316,17,0
-58,84,1
24,2,1
-305,6,0
-40,66,1
-154,180,1
21,5,1
22,4,1
-321,22,0
13,13,1
21,5,1
10,16,1
-333,34,0
-420,121,0
-383,84,0
-28,54,1
-325,26,0
13,13,1
-300,1,0
-330,31,0
-430,131,0
-329,30,0
25,1,1
-316,17,0
-316,17,0
-300,1,0
22,4,1
24,2,1
23,3,1
-23,49,1
24,2,1
-301,2,0
-309,10,0
23,3,1
-11,37,1
6,20,1
-372,73,0
-325,26,0
-362,63,0
-5,31,1
-16,42,1
-304,5,0
10,16,1
-28,54,1
-321,22,0
-305,6,0
25,1,1
-614,315,0
0,26,1
18,8,1
-20,46,1
25,1,1
10,16,1
3,23,1
21,5,1
-303,4,0
-75,101,1
-333,34,0
-14,40,1
20,6,1
-458,159,0
25,1,1
-410,111,0
-163,189,1
-301,2,0
19,7,1
23,3,1
25,1,1
25,1,1
22,4,1
11,15,1
-354,55,0
-58,84,1
-33,59,1
-18,44,1
9,17,1
-57,83,1
-324,25,0
10,16,1
24,2,1
12,14,1
-301,2,0
-305,6,0
-18,44,1
-41,67,1
-403,104,0
-34,60,1
22,4,1
-452,153,0
17,9,1
-300,1,0
-354,55,0
-312,13,0
-101,127,1
-430,131,0
23,3,1
0,26,1
-76,102,1
23,3,1
20,6,1
-301,2,0
-5,31,1
25,1,1
-27,53,1
24,2,1
24,2,1
-40,66,1
2,24,1
-100,126,1
25,1,1
-307,8,0
-325,26,0
21,5,1
3,23,1
-362,63,0
-301,2,0
-26,52,1
13,13,1
25,1,1
-350,51,0
22,4,1
20,6,1
25,1,1
-4,30,1
-18,44,1
-34,60,1
14,12,1
-302,3,0
-37,63,1
14,12,1
-57,83,1
-300,1,0
25,1,1
-332,33,0
-380,81,0
-328,29,0
25,1,1
19,7,1
-368,69,0
-47,73,1
18,8,1
-306,7,0
-324,25,0
-32,58,1
-301,2,0
-389,90,0
18,8,1
25,1,1
19,7,1
-300,1,0
-20,46,1
-114,140,1
-23,49,1
-384,85,0
-325,26,0
23,3,1
25,1,1
-69,95,1
25,1,1
14,12,1
24,2,1
0,26,1
24,2,1
-29,55,1
-355,56,0
-406,107,0
14,12,1
-331,32,0
-310,11,0
6,20,1
21,5,1
25,1,1
22,4,1
-325,26,0
24,2,1
-472,173,0
22,4,1
-115,141,1
18,8,1
-304,5,0
23,3,1
9,17,1
-313,14,0
19,7,1
-300,1,0
24,2,1
15,11,1
-15,41,1
-305,6,0
22,4,1
-312,13,0
-315,16,0
-90,116,1
19,7,1
-317,18,0
-304,5,0
2,24,1
17,9,1
-9,35,1
-24,50,1
-300,1,0
7,19,1
-403,104,0
-101,127,1
-13,39,1
25,1,1
8,18,1
24,2,1
7,19,1
-303,4,0
-6,32,1
25,1,1
-303,4,0
-342,43,0
12,14,1
-455,156,0
-321,22,0
-329,30,0
-328,29,0
24,2,1
-384,85,0
23,3,1
7,19,1
21,5,1
24,2,1
-14,40,1
22,4,1
-435,136,0
-380,81,0
19,7,1
24,2,1
22,4,1
-211,237,1
-302,3,0
24,2,1
25,1,1
24,2,1
12,14,1
-322,23,0
-300,1,0
-1,27,1
15,11,1
-304,5,0
-21,47,1
-329,30,0
2,24,1
-148,174,1
-253,279,1
-314,15,0
-40,66,1
8,18,1
-44,70,1
12,14,1
-300,1,0
-303,4,0
-404,105,0
23,3,1
25,1,1
-11,37,1
-339,40,0
-314,15,0
-302,3,0
-341,42,0
13,13,1
-46,72,1
24,2,1
-47,73,1
-345,46,0
11,15,1
20,6,1
-344,45,0
-327,28,0
13,13,1
-306,7,0
15,11,1
23,3,1
-7,33,1
17,9,1
-302,3,0
18,8,1
-15,41,1
21,5,1
25,1,1
23,3,1
18,8,1
17,9,1
-343,44,0
23,3,1
-303,4,0
-351,52,0
25,1,1
-332,33,0
-81,107,1
-305,6,0
-302,3,0
12,14,1
-319,20,0
-2,28,1
-304,5,0
-337,38,0
-304,5,0
-470,171,0
-302,3,0
-30,56,1
25,1,1
-308,9,0
-151,177,1
-25,51,1
4,22,1
24,2,1
-56,82,1
22,4,1
-303,4,0
-7,33,1
22,4,1
5,21,1
-407,108,0
22,4,1
-8,34,1
22,4,1
-311,12,0
-17,43,1
-377,78,0
-447,148,0
-319,20,0
-65,91,1
18,8,1
23,3,1
-4,30,1
13,13,1
-391,92,0
-109,135,1
-311,12,0
23,3,1
-302,3,0
-347,48,0
-113,139,1
-346,47,0
-100,126,1
-340,41,0
-57,83,1
24,2,1
18,8,1
20,6,1
-321,22,0
20,6,1
-362,63,0
-302,3,0
-442,143,0
-410,111,0
16,10,1
24,2,1
-309,10,0
-376,77,0
19,7,1
-14,40,1
-305,6,0
24,2,1
25,1,1
-332,33,0
-307,8,0
-21,47,1
-428,129,0
-307,8,0
-397,98,0
24,2,1
-302,3,0
22,4,1
22,4,1
-301,2,0
22,4,1
-156,182,1
-336,37,0
-363,64,0
-314,15,0
1,25,1
-337,38,0
-328,29,0
-342,43,0
20,6,1
22,4,1
21,5,1
-71,97,1
-68,94,1
-39,65,1
-314,15,0
-301,2,0
14,12,1
25,1,1
-324,25,0
-374,75,0
-15,41,1
19,7,1
22,4,1
22,4,1
-12,38,1
-302,3,0
24,2,1
-12,38,1
25,1,1
-8,34,1
22,4,1
-349,50,0
-139,165,1
18,8,1
24,2,1
-345,46,0
8,18,1
-301,2,0
-352,53,0
1,25,1
13,13,1
-13,39,1
-352,53,0
-304,5,0
-305,6,0
-303,4,0
25,1,1
-414,115,0
-29,55,1
-7,33,1
-307,8,0
-41,67,1
-310,11,0
-3,29,1
5,21,1
1,25,1
-57,83,1
23,3,1
-319,20,0
1,25,1
24,2,1
15,11,1
-309,10,0
-33,59,1
25,1,1
-56,82,1
-300,1,0
19,7,1
-413,114,0
17,9,1
-318,19,0
-320,21,0
7,19,1
-197,223,1
20,6,1
-678,379,0
-334,35,0
-320,21,0
-30,56,1
-34,60,1
-301,2,0
24,2,1
-14,40,1
-13,39,1
17,9,1
-324,25,0
-295,321,1
-302,3,0
-597,298,0
-54,80,1
-392,93,0
24,2,1
-302,3,0
-416,117,0
-38,64,1
19,7,1
13,13,1
25,1,1
-25,51,1
20,6,1
16,10,1
-319,20,0
23,3,1
-368,69,0
-478,179,0
-20,46,1
-71,97,1
-367,68,0
13,13,1
-300,1,0
-343,44,0
-22,48,1
24,2,1
-448,149,0
-77,103,1
-425,126,0
-311,12,0
-325,26,0
25,1,1
-319,20,0
24,2,1
-321,22,0
7,19,1
-302,3,0
6,20,1
-309,10,0
25,1,1
21,5,1
1,25,1
-309,10,0
24,2,1
-306,7,0
-303,4,0
10,16,1
-306,7,0
-18,44,1
-388,89,0
-196,222,1
18,8,1
-375,76,0
-322,23,0
-328,29,0
-337,38,0
15,11,1
-369,70,0
-423,124,0
-314,15,0
-354,55,0
-4,30,1
-122,148,1
24,2,1
13,13,1
-305,6,0
-357,58,0
2,24,1
-5,31,1
-310,11,0
-99,125,1
-422,123,0
-318,19,0
24,2,1
25,1,1
23,3,1
-78,104,1
-368,69,0
-9,35,1
-14,40,1
15,11,1
-8,34,1
9,17,1
5,21,1
-368,69,0
8,18,1
22,4,1
-384,85,0
-89,115,1
-308,9,0
19,7,1
18,8,1
-300,1,0
-10,36,1
-401,102,0
-312,13,0
25,1,1
24,2,1
25,1,1
16,10,1
-469,170,0
24,2,1
21,5,1
-18,44,1
-305,6,0
-307,8,0
-12,38,1
-306,7,0
-302,3,0
-377,78,0
4,22,1
21,5,1
-315,16,0
-138,164,1
23,3,1
19,7,1
-344,45,0
-19,45,1
25,1,1
-403,104,0
-308,9,0
24,2,1
-160,186,1
-319,20,0
3,23,1
-597,298,0
-35,61,1
23,3,1
13,13,1
-42,68,1
-11,37,1
-376,77,0
-576,277,0
25,1,1
-344,45,0
24,2,1
-435,136,0
11,15,1
-357,58,0
-559,260,0
25,1,1
25,1,1
-78,104,1
-371,72,0
-329,30,0
23,3,1
-315,16,0
-316,17,0
22,4,1
-315,16,0
23,3,1
24,2,1
-341,42,0
-349,50,0
21,5,1
-323,24,0
-27,53,1
23,3,1
24,2,1
-300,1,0
6,20,1
22,4,1
18,8,1
15,11,1
-115,141,1
25,1,1
-20,46,1
18,8,1
-96,122,1
-400,101,0
-18,44,1
21,5,1
-351,52,0
-371,72,0
20,6,1
-323,24,0
-325,26,0
-26,52,1
-341,42,0
25,1,1
-310,11,0
-324,25,0
-1,27,1
-108,134,1
25,1,1
-405,106,0
-478,179,0
-439,140,0
-8,34,1
23,3,1
16,10,1
-1,27,1
25,1,1
-59,85,1
25,1,1
-307,8,0
-376,77,0
14,12,1
24,2,1
-303,4,0
-314,15,0
-334,35,0
-301,2,0
-16,42,1
-402,103,0
-4,30,1
2,24,1
-8,34,1
-382,83,0
25,1,1
7,19,1
24,2,1
19,7,1
-47,73,1
-325,26,0
-352,53,0
-4,30,1
13,13,1
22,4,1
23,3,1
25,1,1
-34,60,1
-34,60,1
-323,24,0
-408,109,0
-324,25,0
-305,6,0
10,16,1
6,20,1
-302,3,0
25,1,1
-359,60,0
-365,66,0
18,8,1
-409,110,0
-367,68,0
25,1,1
-421,122,0
18,8,1
-327,28,0
-403,104,0
25,1,1
24,2,1
25,1,1
24,2,1
-318,19,0
25,1,1
-155,181,1
-488,189,0
-399,100,0
0,26,1
-309,10,0
-323,24,0
-310,11,0
-332,33,0
13,13,1
-308,9,0
-347,48,0
-310,11,0
-300,1,0
-344,45,0
-312,13,0
-28,54,1
-351,52,0
4,22,1
21,5,1
-130,156,1
-24,50,1
-30,56,1
-461,162,0
-300,1,0
1,25,1
16,10,1
25,1,1
-321,22,0
-380,81,0
-300,1,0
-310,11,0
-30,56,1
18,8,1
18,8,1
22,4,1
-313,14,0
-389,90,0
-375,76,0
-33,59,1
-336,37,0
23,3,1
8,18,1
-305,6,0
-363,64,0
-347,48,0
25,1,1
-303,4,0
24,2,1
-9,35,1
19,7,1
-315,16,0
-348,49,0
-62,88,1
-34,60,1
-303,4,0
-362,63,0
25,1,1
-301,2,0
-304,5,0
-13,39,1
3,23,1
-313,14,0
23,3,1
9,17,1
16,10,1
-31,57,1
-317,18,0
25,1,1
-79,105,1
-63,89,1
23,3,1
-113,139,1
-305,6,0
25,1,1
-304,5,0
25,1,1
-21,47,1
-44,70,1
-174,200,1
-223,249,1
23,3,1
-14,40,1
-316,17,0
-391,92,0
-31,57,1
14,12,1
-355,56,0
23,3,1
23,3,1
-341,42,0
25,1,1
-361,62,0
-301,2,0
25,1,1
20,6,1
-315,16,0
9,17,1
-366,67,0
24,2,1
17,9,1
9,17,1
23,3,1
11,15,1
25,1,1
16,10,1
24,2,1
19,7,1
-302,3,0
-350,51,0
-58,84,1
-327,28,0
-85,111,1
-308,9,0
-311,12,0
24,2,1
-5,31,1
-313,14,0
-72,98,1
-177,203,1
17,9,1
-362,63,0
16,10,1
-429,130,0
22,4,1
25,1,1
25,1,1
23,3,1
-355,56,0
10,16,1
-384,85,0
9,17,1
-356,57,0
25,1,1
-37,63,1
16,10,1
0,26,1
-406,107,0
-344,45,0
4,22,1
-168,194,1
-310,11,0
-303,4,0
12,14,1
-310,11,0
17,9,1
-20,46,1
-300,1,0
-27,53,1
6,20,1
22,4,1
13,13,1
-348,49,0
17,9,1
10,16,1
-45,71,1
2,24,1
25,1,1
22,4,1
1,25,1
-303,4,0
23,3,1
-317,18,0
-315,16,0
-52,78,1
-60,86,1
25,1,1
-355,56,0
-37,63,1
1,25,1
-324,25,0
23,3,1
-112,138,1
-107,133,1
-304,5,0
25,1,1
-312,13,0
-41,67,1
21,5,1
21,5,1
-69,95,1
-333,34,0
13,13,1
25,1,1
-41,67,1
-12,38,1
3,23,1
25,1,1
16,10,1
-1,27,1
-367,68,0
-335,36,0
-2,28,1
19,7,1
-307,8,0
24,2,1
13,13,1
-312,13,0
-301,2,0
6,20,1
-303,4,0
-323,24,0
24,2,1
-307,8,0
-316,17,0
22,4,1
5,21,1
3,23,1
-312,13,0
-1,27,1
21,5,1
-308,9,0
-68,94,1
-306,7,0
25,1,1
-369,70,0
-301,2,0
24,2,1
14,12,1
-363,64,0
-315,16,0
-375,76,0
-362,63,0
15,11,1
-3,29,1
-303,4,0
-129,155,1
21,5,1
-302,3,0
-318,19,0
17,9,1
-78,104,1
-373,74,0
-334,35,0
-70,96,1
1,25,1
-392,93,0
-419,120,0
-40,66,1
-1,27,1
22,4,1
22,4,1
-108,134,1
22,4,1
-12,38,1
-36,62,1
12,14,1
9,17,1
-50,76,1
-514,215,0
20,6,1
4,22,1
17,9,1
-375,76,0
-38,64,1
14,12,1
-11,37,1
-11,37,1
-309,10,0
-492,193,0
24,2,1
-436,137,0
-107,133,1
23,3,1
19,7,1
24,2,1
25,1,1
-315,16,0
-22,48,1
-362,63,0
-405,106,0
25,1,1
-355,56,0
17,9,1
-332,33,0
22,4,1
-329,30,0
-301,2,0
-392,93,0
-308,9,0
-12,38,1
-358,59,0
17,9,1
-330,31,0
-314,15,0
19,7,1
-317,18,0
-4,30,1
-307,8,0
2,24,1
-42,68,1
-369,70,0
24,2,1
-304,5,0
-341,42,0
16,10,1
-338,39,0
25,1,1
1,25,1
25,1,1
25,1,1
25,1,1
13,13,1
-103,129,1
22,4,1
12,14,1
0,26,1
3,23,1
22,4,1
-303,4,0
7,19,1
-13,39,1
25,1,1
25,1,1
24,2,1
18,8,1
13,13,1
21,5,1
14,12,1
-372,73,0
-53,79,1
-301,2,0
3,23,1
24,2,1
-324,25,0
-367,68,0
-353,54,0
23,3,1
-10,36,1
-457,158,0
-41,67,1
-314,15,0
-303,4,0
-73,99,1
22,4,1
0,26,1
-36,62,1
4,22,1
-79,105,1
17,9,1
-341,42,0
-42,68,1
-4,30,1
-345,46,0
-22,48,1
24,2,1
-54,80,1
-364,65,0
-39,65,1
-36,62,1
-365,66,0
25,1,1
-7,33,1
25,1,1
25,1,1
11,15,1
-44,70,1
-357,58,0
-403,104,0
22,4,1
8,18,1
-403,104,0
18,8,1
20,6,1
-354,55,0
-447,148,0
22,4,1
-58,84,1
-302,3,0
-23,49,1
-358,59,0
23,3,1
-311,12,0
-397,98,0
7,19,1
25,1,1
22,4,1
-300,1,0
15,11,1
-69,95,1
-64,90,1
21,5,1
19,7,1
25,1,1
20,6,1
-144,170,1
-347,48,0
-33,59,1
21,5,1
-93,119,1
-397,98,0
-314,15,0
24,2,1
-41,67,1
21,5,1
18,8,1
2,24,1
-13,39,1
-312,13,0
4,22,1
20,6,1
24,2,1
-489,190,0
25,1,1
18,8,1
16,10,1
15,11,1
-37,63,1
-19,45,1
-306,7,0
-374,75,0
11,15,1
5,21,1
14,12,1
-374,75,0
-386,87,0
12,14,1
-300,1,0
25,1,1
-416,117,0
-4,30,1
1,25,1
25,1,1
20,6,1
25,1,1
-31,57,1
-306,7,0
-303,4,0
25,1,1
-346,47,0
20,6,1
11,15,1
-343,44,0
19,7,1
-51,77,1
-112,138,1
-319,20,0
-341,42,0
3,23,1
-399,100,0
12,14,1
25,1,1
-25,51,1
-301,2,0
18,8,1
-430,131,0
-326,27,0
25,1,1
7,19,1
10,16,1
-374,75,0
-332,33,0
-23,49,1
1,25,1
3,23,1
13,13,1
-28,54,1
-324,25,0
25,1,1
-349,50,0
-308,9,0
10,16,1
-370,71,0
5,21,1
25,1,1
-367,68,0
17,9,1
-347,48,0
-3,29,1
-306,7,0
-5,31,1
-457,158,0
22,4,1
19,7,1
22,4,1
-347,48,0
-322,23,0
4,22,1
18,8,1
23,3,1
-31,57,1
25,1,1
20,6,1
-308,9,0
17,9,1
-28,54,1
3,23,1
23,3,1
24,2,1
-69,95,1
-332,33,0
-8,34,1
21,5,1
23,3,1
-301,2,0
-86,112,1
25,1,1
-399,100,0
-29,55,1
-311,12,0
-120,146,1
-25,51,1
-375,76,0
-73,99,1
16,10,1
2,24,1
-16,42,1
-314,15,0
25,1,1
14,12,1
8,18,1
24,2,1
22,4,1
3,23,1
23,3,1
-74,100,1
-25,51,1
-318,19,0
24,2,1
23,3,1
11,15,1
23,3,1
-304,5,0
-345,46,0
24,2,1
-387,88,0
20,6,1
-466,167,0
-30,56,1
-10,36,1
-86,112,1
-347,48,0
21,5,1
24,2,1
-432,133,0
22,4,1
-364,65,0
22,4,1
-339,40,0
-323,24,0
-72,98,1
16,10,1
8,18,1
18,8,1
-1,27,1
-73,99,1
23,3,1
24,2,1
-311,12,0
25,1,1
-67,93,1
-322,23,0
4,22,1
22,4,1
-24,50,1
-315,16,0
-28,54,1
-311,12,0
14,12,1
-318,19,0
19,7,1
24,2,1
-12,38,1
7,19,1
21,5,1
17,9,1
-66,92,1
-343,44,0
25,1,1
-483,184,0
20,6,1
24,2,1
-474,175,0
-10,36,1
-306,7,0
-161,187,1
25,1,1
-300,1,0
-20,46,1
-53,79,1
-36,62,1
22,4,1
21,5,1
-342,43,0
20,6,1
-373,74,0
7,19,1
-377,78,0
-313,14,0
-332,33,0
-300,1,0
-301,2,0
24,2,1
-61,87,1
-381,82,0
-5,31,1
24,2,1
-300,1,0
-303,4,0
22,4,1
14,12,1
-302,3,0
-57,83,1
-300,1,0
7,19,1
22,4,1
16,10,1
-397,98,0
-22,48,1
-302,3,0
14,12,1
21,5,1
18,8,1
-401,102,0
-327,28,0
25,1,1
11,15,1
1,25,1
-301,2,0
-7,33,1
-300,1,0
-147,173,1
24,2,1
3,23,1
-345,46,0
-33,59,1
25,1,1
21,5,1
-15,41,1
9,17,1
-315,16,0
24,2,1
-8,34,1
-343,44,0
25,1,1
5,21,1
13,13,1
-24,50,1
-300,1,0
0,26,1
16,10,1
16,10,1
10,16,1
-336,37,0
16,10,1
15,11,1
25,1,1
-391,92,0
-358,59,0
-479,180,0
-393,94,0
-303,4,0
-313,14,0
-402,103,0
-9,35,1
-1,27,1
-330,31,0
-114,140,1
-316,17,0
-62,88,1
5,21,1
24,2,1
17,9,1
-88,114,1
-319,20,0
-303,4,0
19,7,1
21,5,1
-316,17,0
-352,53,0
-318,19,0
-35,61,1
23,3,1
7,19,1
-518,219,0
-342,43,0
25,1,1
18,8,1
21,5,1
-221,247,1
24,2,1
-333,34,0
-367,68,0
-176,202,1
22,4,1
-58,84,1
-67,93,1
-355,56,0
-332,33,0
-314,15,0
5,21,1
-120,146,1
4,22,1
-4,30,1
15,11,1
9,17,1
-55,81,1
-495,196,0
23,3,1
-98,124,1
-129,155,1
-2,28,1
-3,29,1
5,21,1
-85,111,1
-141,167,1
25,1,1
-309,10,0
-414,115,0
-2,28,1
-498,199,0
25,1,1
-63,89,1
-396,97,0
-326,27,0
-323,24,0
-4,30,1
-304,5,0
-390,91,0
-10,36,1
-306,7,0
25,1,1
14,12,1
-484,185,0
-3,29,1
-25,51,1
5,21,1
-313,14,0
-98,124,1
22,4,1
20,6,1
25,1,1
5,21,1
-346,47,0
-409,110,0
25,1,1
-319,20,0
-305,6,0
-28,54,1
12,14,1
20,6,1
-310,11,0
25,1,1
21,5,1
5,21,1
-327,28,0
-322,23,0
-324,25,0
-339,40,0
19,7,1
-38,64,1
24,2,1
5,21,1
-313,14,0
16,10,1
-321,22,0
-319,20,0
-302,3,0
23,3,1
6,20,1
23,3,1
22,4,1
-12,38,1
-30,56,1
-17,43,1
-306,7,0
25,1,1
-311,12,0
-361,62,0
-40,66,1
-20,46,1
-78,104,1
-304,5,0
-351,52,0
8,18,1
11,15,1
15,11,1
-340,41,0
25,1,1
6,20,1
-301,2,0
19,7,1
-391,92,0
-83,109,1
-173,199,1
-624,325,0
-24,50,1
9,17,1
-327,28,0
24,2,1
14,12,1
-13,39,1
18,8,1
-128,154,1
-12,38,1
-3,29,1
25,1,1
-10,36,1
20,6,1
8,18,1
22,4,1
-375,76,0
-2,28,1
-26,52,1
25,1,1
-374,75,0
-386,87,0
15,11,1
-372,73,0
12,14,1
-52,78,1
9,17,1
-375,76,0
-439,140,0
24,2,1
-300,1,0
-11,37,1
-330,31,0
18,8,1
23,3,1
23,3,1
-329,30,0
-320,21,0
-6,32,1
-303,4,0
24,2,1
-59,85,1
19,7,1
-335,36,0
-306,7,0
21,5,1
-361,62,0
24,2,1
21,5,1
3,23,1
8,18,1
-14,40,1
-339,40,0
-312,13,0
-305,6,0
-301,2,0
-507,208,0
22,4,1
-550,251,0
-4,30,1
21,5,1
-343,44,0
-33,59,1
25,1,1
-37,63,1
25,1,1
-349,50,0
19,7,1
-359,60,0
-325,26,0
-6,32,1
-311,12,0
9,17,1
-83,109,1
-38,64,1
24,2,1
-3,29,1
7,19,1
-428,129,0
22,4,1
-312,13,0
-315,16,0
-300,1,0
-385,86,0
-580,281,0
25,1,1
7,19,1
-4,30,1
-104,130,1
18,8,1
17,9,1
7,19,1
19,7,1
25,1,1
-146,172,1
20,6,1
-42,68,1
-454,155,0
-143,169,1
16,10,1
25,1,1
-543,244,0
-344,45,0
-74,100,1
25,1,1
-316,17,0
21,5,1
-13,39,1
-12,38,1
-300,1,0
-31,57,1
10,16,1
-84,110,1
-307,8,0
13,13,1
-189,215,1
-112,138,1
-313,14,0
21,5,1
-393,94,0
-406,107,0
-61,87,1
16,10,1
-325,26,0
4,22,1
13,13,1
-321,22,0
22,4,1
-353,54,0
6,20,1
-426,127,0
-7,33,1
11,15,1
-375,76,0
-433,134,0
23,3,1
7,19,1
-37,63,1
16,10,1
-364,65,0
-86,112,1
24,2,1
-302,3,0
17,9,1
-304,5,0
-342,43,0
-310,11,0
24,2,1
-301,2,0
-38,64,1
-54,80,1
13,13,1
-19,45,1
-23,49,1
-4,30,1
-320,21,0
-316,17,0
-354,55,0
-342,43,0
-34,60,1
-203,229,1
4,22,1
-77,103,1
-370,71,0
-343,44,0
25,1,1
-419,120,0
14,12,1
-47,73,1
-37,63,1
6,20,1
-336,37,0
-71,97,1
-18,44,1
-13,39,1
-472,173,0
22,4,1
25,1,1
-67,93,1
6,20,1
16,10,1
-162,188,1
8,18,1
20,6,1
3,23,1
16,10,1
-416,117,0
-10,36,1
14,12,1
-9,35,1
-171,197,1
24,2,1
-340,41,0
20,6,1
18,8,1
20,6,1
5,21,1
25,1,1
11,15,1
24,2,1
18,8,1
-13,39,1
10,16,1
25,1,1
25,1,1
-24,50,1
-1,27,1
-309,10,0
-304,5,0
21,5,1
18,8,1
-72,98,1
-316,17,0
-314,15,0
-15,41,1
25,1,1
23,3,1
-423,124,0
17,9,1
-30,56,1
-303,4,0
-11,37,1
-1,27,1
25,1,1
14,12,1
-50,76,1
-320,21,0
-326,27,0
8,18,1
-340,41,0
-20,46,1
-392,93,0
-327,28,0
-354,55,0
-314,15,0
-13,39,1
18,8,1
-6,32,1
-394,95,0
-43,69,1
-304,5,0
-343,44,0
8,18,1
-302,3,0
-370,71,0
-38,64,1
-301,2,0
17,9,1
-301,2,0
19,7,1
-16,42,1
-34,60,1
24,2,1
-309,10,0
-95,121,1
0,26,1
-1,27,1
18,8,1
11,15,1
25,1,1
18,8,1
-321,22,0
-314,15,0
-315,16,0
-304,5,0
-308,9,0
-329,30,0
10,16,1
19,7,1
19,7,1
12,14,1
19,7,1
-4,30,1
25,1,1
-169,195,1
-370,71,0
19,7,1
14,12,1
25,1,1
25,1,1
17,9,1
-302,3,0
-302,3,0
15,11,1
-302,3,0
-394,95,0
21,5,1
-50,76,1
10,16,1
-5,31,1
-314,15,0
-1,27,1
15,11,1
-315,16,0
-444,145,0
25,1,1
25,1,1
16,10,1
9,17,1
-343,44,0
-34,60,1
11,15,1
-422,123,0
25,1,1
24,2,1
24,2,1
-342,43,0
-11,37,1
8,18,1
24,2,1
22,4,1
24,2,1
-341,42,0
22,4,1
-37,63,1
18,8,1
-339,40,0
-37,63,1
23,3,1
-349,50,0
20,6,1
25,1,1
-301,2,0
25,1,1
-17,43,1
-81,107,1
7,19,1
9,17,1
24,2,1
-39,65,1
22,4,1
17,9,1
-313,14,0
-7,33,1
25,1,1
-312,13,0
20,6,1
22,4,1
3,23,1
-314,15,0
11,15,1
22,4,1
25,1,1
8,18,1
-328,29,0
14,12,1
-6,32,1
-6,32,1
-98,124,1
13,13,1
-29,55,1
-359,60,0
-30,56,1
25,1,1
-366,67,0
25,1,1
-86,112,1
23,3,1
21,5,1
17,9,1
12,14,1
-300,1,0
-26,52,1
-329,30,0
-14,40,1
-300,1,0
-27,53,1
-303,4,0
-29,55,1
20,6,1
-310,11,0
25,1,1
-346,47,0
23,3,1
-345,46,0
-410,111,0
-300,1,0
-401,102,0
19,7,1
16,10,1
24,2,1
-7,33,1
-343,44,0
-34,60,1
24,2,1
-510,211,0
-36,62,1
23,3,1
-316,17,0
-329,30,0
24,2,1
-320,21,0
8,18,1
-357,58,0
-421,122,0
24,2,1
-33,59,1
-100,126,1
-14,40,1
-300,1,0
-301,2,0
-390,91,0
9,17,1
-350,51,0
-137,163,1
-317,18,0
-125,151,1
-34,60,1
19,7,1
18,8,1
-30,56,1
12,14,1
25,1,1
-303,4,0
-390,91,0
9,17,1
0,26,1
-151,177,1
-12,38,1
-509,210,0
13,13,1
24,2,1
22,4,1
-40,66,1
-432,133,0
25,1,1
-306,7,0
-94,120,1
-355,56,0
8,18,1
-339,40,0
13,13,1
-311,12,0
25,1,1
10,16,1
14,12,1
-411,112,0
25,1,1
-348,49,0
-5,31,1
21,5,1
-8,34,1
5,21,1
2,24,1
14,12,1
24,2,1
10,16,1
25,1,1
25,1,1
-332,33,0
-14,40,1
23,3,1
-108,134,1
14,12,1
-340,41,0
24,2,1
-342,43,0
24,2,1
18,8,1
24,2,1
-108,134,1
1,25,1
23,3,1
8,18,1
10,16,1
-348,49,0
-302,3,0
22,4,1
18,8,1
-46,72,1
-234,260,1
9,17,1
23,3,1
-313,14,0
-152,178,1
-327,28,0
24,2,1
16,10,1
-391,92,0
18,8,1
-306,7,0
-305,6,0
23,3,1
-322,23,0
20,6,1
-6,32,1
-307,8,0
18,8,1
24,2,1
23,3,1
24,2,1
-370,71,0
1,25,1
-19,45,1
24,2,1
-312,13,0
-301,2,0
23,3,1
-376,77,0
-302,3,0
13,13,1
3,23,1
-340,41,0
-351,52,0
25,1,1
-24,50,1
-26,52,1
15,11,1
1,25,1
6,20,1
-322,23,0
17,9,1
-388,89,0
25,1,1
-323,24,0
-395,96,0
-300,1,0
-140,166,1
-309,10,0
-135,161,1
-46,72,1
-541,242,0
22,4,1
-300,1,0
-359,60,0
-7,33,1
-306,7,0
24,2,1
-4,30,1
22,4,1
-36,62,1
24,2,1
25,1,1
12,14,1
10,16,1
-361,62,0
-53,79,1
2,24,1
20,6,1
24,2,1
-346,47,0
-79,105,1
-311,12,0
-383,84,0
1,25,1
-316,17,0
15,11,1
-306,7,0
-281,307,1
4,22,1
-24,50,1
24,2,1
-6,32,1
21,5,1
-320,21,0
11,15,1
23,3,1
-87,113,1
-361,62,0
-351,52,0
-40,66,1
-313,14,0
-339,40,0
24,2,1
-379,80,0
-38,64,1
-576,277,0
-120,146,1
17,9,1
-301,2,0
-29,55,1
18,8,1
7,19,1
10,16,1
25,1,1
25,1,1
-302,3,0
-75,101,1
-325,26,0
14,12,1
9,17,1
25,1,1
25,1,1
25,1,1
-308,9,0
22,4,1
24,2,1
-23,49,1
21,5,1
21,5,1
-317,18,0
25,1,1
-18,44,1
4,22,1
-90,116,1
-451,152,0
-35,61,1
-387,88,0
22,4,1
-3,29,1
25,1,1
21,5,1
-65,91,1
23,3,1
23,3,1
24,2,1
22,4,1
22,4,1
-341,42,0
-116,142,1
-305,6,0
-52,78,1
-311,12,0
4,22,1
-22,48,1
-49,75,1
24,2,1
-309,10,0
-362,63,0
25,1,1
-612,313,0
19,7,1
25,1,1
-12,38,1
-130,156,1
-16,42,1
-358,59,0
-327,28,0
16,10,1
18,8,1
-328,29,0
10,16,1
24,2,1
-35,61,1
24,2,1
25,1,1
-445,146,0
-332,33,0
17,9,1
-136,162,1
-313,14,0
-307,8,0
-389,90,0
7,19,1
15,11,1
25,1,1
-15,41,1
25,1,1
-391,92,0
10,16,1
-38,64,1
21,5,1
23,3,1
9,17,1
25,1,1
21,5,1
-102,128,1
-307,8,0
-40,66,1
7,19,1
-36,62,1
-306,7,0
25,1,1
17,9,1
22,4,1
-454,155,0
21,5,1
16,10,1
-311,12,0
-64,90,1
-384,85,0
2,24,1
15,11,1
21,5,1
-361,62,0
-48,74,1
25,1,1
-1,27,1
-42,68,1
-147,173,1
-4,30,1
-497,198,0
18,8,1
-301,2,0
-2,28,1
-300,1,0
-311,12,0
16,10,1
25,1,1
-157,183,1
-59,85,1
13,13,1
-89,115,1
-6,32,1
-323,24,0
-312,13,0
24,2,1
18,8,1
24,2,1
-566,267,0
24,2,1
14,12,1
-374,75,0
10,16,1
-312,13,0
22,4,1
-319,20,0
-332,33,0
-325,26,0
0,26,1
-25,51,1
18,8,1
-49,75,1
7,19,1
-314,15,0
24,2,1
11,15,1
-15,41,1
-330,31,0
23,3,1
-51,77,1
4,22,1
22,4,1
-310,11,0
-41,67,1
-309,10,0
18,8,1
10,16,1
21,5,1
22,4,1
25,1,1
15,11,1
-7,33,1
13,13,1
9,17,1
24,2,1
14,12,1
6,20,1
-322,23,0
15,11,1
8,18,1
-456,157,0
-3,29,1
21,5,1
-43,69,1
23,3,1
-406,107,0
-449,150,0
-337,38,0
-1,27,1
-300,1,0
11,15,1
8,18,1
22,4,1
-41,67,1
-348,49,0
23,3,1
12,14,1
-36,62,1
-316,17,0
19,7,1
-412,113,0
-8,34,1
25,1,1
-32,58,1
25,1,1
-319,20,0
24,2,1
4,22,1
-49,75,1
25,1,1
-404,105,0
-17,43,1
-304,5,0
-343,44,0
25,1,1
-50,76,1
-328,29,0
-330,31,0
12,14,1
-339,40,0
-313,14,0
24,2,1
25,1,1
-60,86,1
-304,5,0
21,5,1
-383,84,0
25,1,1
-763,464,0
-323,24,0
23,3,1
22,4,1
-8,34,1
-300,1,0
-18,44,1
-3,29,1
-64,90,1
23,3,1
-38,64,1
-23,49,1
22,4,1
-4,30,1
25,1,1
-370,71,0
25,1,1
-43,69,1
-325,26,0
-46,72,1
-38,64,1
-311,12,0
-301,2,0
20,6,1
17,9,1
-311,12,0
-318,19,0
-366,67,0
-9,35,1
-355,56,0
-326,27,0
-379,80,0
22,4,1
-5,31,1
-5,31,1
20,6,1
18,8,1
4,22,1
-331,32,0
21,5,1
-331,32,0
22,4,1
23,3,1
-357,58,0
-327,28,0
-323,24,0
24,2,1
-396,97,0
24,2,1
-51,77,1
9,17,1
20,6,1
-9,35,1
-1,27,1
19,7,1
20,6,1
10,16,1
-271,297,1
-300,1,0
-126,152,1
21,5,1
-126,152,1
5,21,1
-312,13,0
-307,8,0
-358,59,0
22,4,1
-60,86,1
17,9,1
-349,50,0
-303,4,0
23,3,1
-358,59,0
13,13,1
-25,51,1
-20,46,1
25,1,1
14,12,1
13,13,1
24,2,1
24,2,1
-314,15,0
-398,99,0
-394,95,0
24,2,1
9,17,1
-321,22,0
5,21,1
25,1,1
-121,147,1
11,15,1
15,11,1
23,3,1
23,3,1
19,7,1
22,4,1
24,2,1
18,8,1
-300,1,0
-354,55,0
-119,145,1
-39,65,1
-32,58,1
-305,6,0
17,9,1
19,7,1
23,3,1
25,1,1
4,22,1
16,10,1
25,1,1
24,2,1
-334,35,0
-420,121,0
-98,124,1
-332,33,0
3,23,1
3,23,1
-307,8,0
-133,159,1
23,3,1
-21,47,1
-352,53,0
-302,3,0
25,1,1
-304,5,0
-160,186,1
-78,104,1
-308,9,0
-200,226,1
-329,30,0
25,1,1
18,8,1
-403,104,0
19,7,1
4,22,1
-38,64,1
-13,39,1
12,14,1
19,7,1
-350,51,0
18,8,1
-60,86,1
-312,13,0
-310,11,0
-311,12,0
24,2,1
-358,59,0
-370,71,0
9,17,1
-474,175,0
-35,61,1
-12,38,1
-632,333,0
-310,11,0
-393,94,0
-314,15,0
-13,39,1
25,1,1
-6,32,1
16,10,1
24,2,1
-34,60,1
-2,28,1
25,1,1
20,6,1
23,3,1
-301,2,0
-5,31,1
-112,138,1
-18,44,1
-451,152,0
21,5,1
-363,64,0
24,2,1
-390,91,0
13,13,1
24,2,1
11,15,1
-31,57,1
6,20,1
25,1,1
-74,100,1
24,2,1
-300,1,0
-300,1,0
18,8,1
-18,44,1
-32,58,1
-7,33,1
12,14,1
4,22,1
21,5,1
-317,18,0
19,7,1
-43,69,1
21,5,1
23,3,1
-416,117,0
-337,38,0
-32,58,1
24,2,1
-59,85,1
-358,59,0
25,1,1
20,6,1
24,2,1
25,1,1
25,1,1
22,4,1
16,10,1
24,2,1
-17,43,1
-8,34,1
22,4,1
5,21,1
-1,27,1
-542,243,0
-55,81,1
-329,30,0
25,1,1
-34,60,1
22,4,1
24,2,1
-317,18,0
24,2,1
11,15,1
24,2,1
-85,111,1
25,1,1
24,2,1
-115,141,1
-76,102,1
12,14,1
-122,148,1
-370,71,0
-313,14,0
-342,43,0
-300,1,0
-369,70,0
-2,28,1
10,16,1
23,3,1
-145,171,1
-366,67,0
24,2,1
20,6,1
-10,36,1
25,1,1
24,2,1
-335,36,0
-128,154,1
23,3,1
23,3,1
15,11,1
-346,47,0
23,3,1
7,19,1
-310,11,0
-316,17,0
-17,43,1
21,5,1
-32,58,1
-111,137,1
-345,46,0
-359,60,0
-128,154,1
-39,65,1
-311,12,0
-51,77,1
25,1,1
25,1,1
15,11,1
-7,33,1
-12,38,1
2,24,1
-18,44,1
-16,42,1
1,25,1
2,24,1
20,6,1
-100,126,1
-6,32,1
21,5,1
-62,88,1
-360,61,0
23,3,1
-303,4,0
-331,32,0
-332,33,0
8,18,1
24,2,1
-124,150,1
-372,73,0
4,22,1
-4,30,1
-303,4,0
24,2,1
16,10,1
-70,96,1
-392,93,0
-5,31,1
23,3,1
20,6,1
3,23,1
-7,33,1
19,7,1
18,8,1
12,14,1
-327,28,0
-62,88,1
1,25,1
21,5,1
9,17,1
-1,27,1
-317,18,0
-318,19,0
20,6,1
-3,29,1
-11,37,1
-309,10,0
25,1,1
18,8,1
-5,31,1
23,3,1
-358,59,0
-343,44,0
-346,47,0
25,1,1
25,1,1
-29,55,1
23,3,1
-43,69,1
-6,32,1
9,17,1
24,2,1
8,18,1
11,15,1
23,3,1
-345,46,0
23,3,1
11,15,1
-11,37,1
-3,29,1
-17,43,1
-327,28,0
19,7,1
14,12,1
5,21,1
-60,86,1
-25,51,1
16,10,1
-27,53,1
-309,10,0
-534,235,0
-51,77,1
25,1,1
-15,41,1
-50,76,1
20,6,1
24,2,1
-10,36,1
24,2,1
8,18,1
-309,10,0
24,2,1
-379,80,0
-67,93,1
25,1,1
11,15,1
-325,26,0
-301,2,0
-123,149,1
25,1,1
-395,96,0
23,3,1
25,1,1
-300,1,0
18,8,1
5,21,1
24,2,1
-326,27,0
6,20,1
-18,44,1
8,18,1
-36,62,1
-197,223,1
11,15,1
16,10,1
25,1,1
9,17,1
24,2,1
4,22,1
21,5,1
14,12,1
-332,33,0
-335,36,0
18,8,1
5,21,1
-149,175,1
17,9,1
25,1,1
23,3,1
3,23,1
-69,95,1
-373,74,0
-316,17,0
18,8,1
25,1,1
20,6,1
-30,56,1
24,2,1
-310,11,0
-431,132,0
-20,46,1
-79,105,1
-306,7,0
-34,60,1
-456,157,0
-49,75,1
25,1,1
-381,82,0
-485,186,0
-441,142,0
-117,143,1
-5,31,1
24,2,1
-50,76,1
-332,33,0
22,4,1
25,1,1
-406,107,0
19,7,1
8,18,1
-341,42,0
-668,369,0
-353,54,0
11,15,1
24,2,1
24,2,1
-324,25,0
-1,27,1
-5,31,1
-49,75,1
0,26,1
-108,134,1
23,3,1
-338,39,0
24,2,1
-26,52,1
-48,74,1
25,1,1
-375,76,0
24,2,1
4,22,1
-305,6,0
-301,2,0
25,1,1
25,1,1
-24,50,1
-458,159,0
-57,83,1
-379,80,0
-340,41,0
4,22,1
18,8,1
-4,30,1
24,2,1
22,4,1
-309,10,0
-399,100,0
-10,36,1
19,7,1
-309,10,0
-339,40,0
-17,43,1
25,1,1
25,1,1
-305,6,0
0,26,1
-313,14,0
25,1,1
25,1,1
24,2,1
16,10,1
20,6,1
-22,48,1
-310,11,0
-306,7,0
-40,66,1
-64,90,1
25,1,1
14,12,1
25,1,1
0,26,1
-474,175,0
-493,194,0
25,1,1
-402,103,0
2,24,1
20,6,1
8,18,1
-304,5,0
21,5,1
25,1,1
-19,45,1
-319,20,0
16,10,1
-328,29,0
-312,13,0
-409,110,0
20,6,1
-350,51,0
-10,36,1
-33,59,1
18,8,1
21,5,1
25,1,1
23,3,1
-3,29,1
-369,70,0
-306,7,0
-354,55,0
23,3,1
15,11,1
22,4,1
-317,18,0
-419,120,0
22,4,1
-57,83,1
8,18,1
9,17,1
-109,135,1
-27,53,1
-316,17,0
-300,1,0
-339,40,0
17,9,1
7,19,1
-358,59,0
-31,57,1
25,1,1
-31,57,1
-303,4,0
-61,87,1
0,26,1
-3,29,1
25,1,1
14,12,1
-19,45,1
-307,8,0
-52,78,1
-369,70,0
18,8,1
24,2,1
25,1,1
21,5,1
24,2,1
21,5,1
8,18,1
19,7,1
18,8,1
9,17,1
-234,260,1
-59,85,1
-197,223,1
-16,42,1
22,4,1
25,1,1
11,15,1
-345,46,0
12,14,1
25,1,1
-311,12,0
-347,48,0
9,17,1
-415,116,0
4,22,1
-445,146,0
-357,58,0
23,3,1
25,1,1
-374,75,0
-401,102,0
20,6,1
25,1,1
-310,11,0
1,25,1
13,13,1
14,12,1
13,13,1
-309,10,0
24,2,1
-103,129,1
25,1,1
3,23,1
-21,47,1
25,1,1
-25,51,1
25,1,1
-310,11,0
-14,40,1
23,3,1
-415,116,0
-51,77,1
14,12,1
20,6,1
-301,2,0
20,6,1
1,25,1
-307,8,0
24,2,1
18,8,1
-443,144,0
7,19,1
-38,64,1
20,6,1
-449,150,0
-49,75,1
-36,62,1
-300,1,0
11,15,1
-397,98,0
-467,168,0
-117,143,1
-65,91,1
15,11,1
14,12,1
-308,9,0
-58,84,1
5,21,1
21,5,1
25,1,1
-2,28,1
-302,3,0
-344,45,0
-308,9,0
23,3,1
10,16,1
24,2,1
-76,102,1
-13,39,1
15,11,1
18,8,1
20,6,1
22,4,1
-134,160,1
17,9,1
-330,31,0
11,15,1
-329,30,0
6,20,1
19,7,1
3,23,1
19,7,1
-25,51,1
20,6,1
9,17,1
-19,45,1
25,1,1
-331,32,0
21,5,1
-326,27,0
25,1,1
22,4,1
-580,281,0
-86,112,1
-33,59,1
-344,45,0
25,1,1
22,4,1
15,11,1
-162,188,1
-361,62,0
9,17,1
-305,6,0
-340,41,0
-327,28,0
15,11,1
-300,1,0
-321,22,0
-427,128,0
0,26,1
-323,24,0
6,20,1
4,22,1
-47,73,1
20,6,1
-10,36,1
22,4,1
5,21,1
25,1,1
-1,27,1
-27,53,1
23,3,1
-3,29,1
21,5,1
25,1,1
-121,147,1
-333,34,0
-42,68,1
-301,2,0
14,12,1
-279,305,1
-318,19,0
7,19,1
0,26,1
23,3,1
18,8,1
-7,33,1
18,8,1
24,2,1
22,4,1
-63,89,1
-310,11,0
-10,36,1
14,12,1
24,2,1
-310,11,0
-316,17,0
6,20,1
21,5,1
-26,52,1
-5,31,1
6,20,1
-428,129,0
19,7,1
-302,3,0
-178,204,1
-54,80,1
24,2,1
24,2,1
-22,48,1
-319,20,0
16,10,1
21,5,1
-129,155,1
-413,114,0
-350,51,0
-312,13,0
7,19,1
22,4,1
-57,83,1
-308,9,0
-381,82,0
11,15,1
13,13,1
17,9,1
25,1,1
-330,31,0
-317,18,0
19,7,1
-99,125,1
-327,28,0
-303,4,0
14,12,1
-330,31,0
3,23,1
18,8,1
-310,11,0
23,3,1
18,8,1
-75,101,1
-325,26,0
23,3,1
23,3,1
-344,45,0
20,6,1
24,2,1
25,1,1
-316,17,0
12,14,1
-118,144,1
-60,86,1
25,1,1
-376,77,0
-327,28,0
15,11,1
3,23,1
19,7,1
-306,7,0
-191,217,1
-310,11,0
24,2,1
-266,292,1
20,6,1
-323,24,0
-20,46,1
-33,59,1
22,4,1
25,1,1
24,2,1
-300,1,0
10,16,1
-315,16,0
-302,3,0
25,1,1
25,1,1
-333,34,0
19,7,1
9,17,1
25,1,1
-304,5,0
-304,5,0
24,2,1
22,4,1
-88,114,1
-322,23,0
10,16,1
-375,76,0
2,24,1
22,4,1
-337,38,0
13,13,1
-113,139,1
-59,85,1
-376,77,0
-317,18,0
19,7,1
11,15,1
22,4,1
-349,50,0
-93,119,1
4,22,1
22,4,1
-333,34,0
-402,103,0
-8,34,1
-300,1,0
24,2,1
25,1,1
-32,58,1
14,12,1
-406,107,0
-72,98,1
16,10,1
-1,27,1
20,6,1
5,21,1
-300,1,0
-301,2,0
-304,5,0
24,2,1
-466,167,0
15,11,1
-303,4,0
25,1,1
18,8,1
25,1,1
13,13,1
-55,81,1
18,8,1
-55,81,1
14,12,1
-6,32,1
23,3,1
-73,99,1
-16,42,1
-5,31,1
-317,18,0
-309,10,0
23,3,1
-348,49,0
-107,133,1
24,2,1
8,18,1
-54,80,1
-456,157,0
-315,16,0
-444,145,0
-302,3,0
-310,11,0
25,1,1
12,14,1
12,14,1
-319,20,0
-371,72,0
-305,6,0
-140,166,1
-300,1,0
-33,59,1
2,24,1
23,3,1
-338,39,0
8,18,1
5,21,1
8,18,1
2,24,1
7,19,1
-309,10,0
-301,2,0
-350,51,0
15,11,1
-398,99,0
-53,79,1
-392,93,0
4,22,1
25,1,1
15,11,1
20,6,1
-360,61,0
-325,26,0
12,14,1
4,22,1
-346,47,0
6,20,1
-334,35,0
12,14,1
-345,46,0
21,5,1
19,7,1
-28,54,1
25,1,1
-393,94,0
-17,43,1
3,23,1
-9,35,1
-334,35,0
5,21,1
-10,36,1
-345,46,0
21,5,1
-12,38,1
14,12,1
21,5,1
8,18,1
-301,2,0
-305,6,0
16,10,1
22,4,1
-500,201,0
-90,116,1
-3,29,1
7,19,1
7,19,1
21,5,1
12,14,1
-316,17,0
-316,17,0
-439,140,0
18,8,1
17,9,1
-323,24,0
14,12,1
16,10,1
-333,34,0
-311,12,0
18,8,1
18,8,1
-315,16,0
16,10,1
-29,55,1
13,13,1
-65,91,1
-44,70,1
-24,50,1
16,10,1
-313,14,0
21,5,1
24,2,1
-392,93,0
-102,128,1
-3,29,1
17,9,1
22,4,1
-212,238,1
-373,74,0
17,9,1
-21,47,1
24,2,1
-445,146,0
-150,176,1
19,7,1
-300,1,0
-365,66,0
-342,43,0
-35,61,1
25,1,1
-25,51,1
-21,47,1
22,4,1
-83,109,1
-26,52,1
-300,1,0
-66,92,1
13,13,1
20,6,1
-2,28,1
-38,64,1
10,16,1
21,5,1
-479,180,0
-342,43,0
-3,29,1
-312,13,0
-15,41,1
-343,44,0
-34,60,1
-348,49,0
-34,60,1
-49,75,1
-321,22,0
-306,7,0
-24,50,1
-330,31,0
14,12,1
25,1,1
5,21,1
-35,61,1
-302,3,0
-306,7,0
-403,104,0
24,2,1
25,1,1
15,11,1
18,8,1
-337,38,0
-11,37,1
10,16,1
-411,112,0
21,5,1
-381,82,0
13,13,1
-23,49,1
-99,125,1
-9,35,1
25,1,1
25,1,1
-18,44,1
-100,126,1
23,3,1
25,1,1
-20,46,1
8,18,1
20,6,1
25,1,1
-563,264,0
21,5,1
25,1,1
6,20,1
-133,159,1
-330,31,0
-310,11,0
-101,127,1
-365,66,0
11,15,1
21,5,1
-21,47,1
-368,69,0
24,2,1
20,6,1
23,3,1
-26,52,1
19,7,1
-103,129,1
-111,137,1
-1,27,1
-302,3,0
25,1,1
24,2,1
24,2,1
20,6,1
-300,1,0
-345,46,0
20,6,1
-19,45,1
22,4,1
25,1,1
-409,110,0
-303,4,0
13,13,1
-314,15,0
-17,43,1
-69,95,1
-319,20,0
-314,15,0
25,1,1
25,1,1
6,20,1
24,2,1
-3,29,1
25,1,1
25,1,1
16,10,1
-352,53,0
17,9,1
-68,94,1
11,15,1
-72,98,1
21,5,1
20,6,1
24,2,1
-113,139,1
-302,3,0
-308,9,0
-3,29,1
-310,11,0
-2,28,1
-19,45,1
-205,231,1
-325,26,0
19,7,1
-300,1,0
4,22,1
24,2,1
-307,8,0
19,7,1
22,4,1
16,10,1
20,6,1
17,9,1
15,11,1
17,9,1
-91,117,1
21,5,1
7,19,1
-2,28,1
11,15,1
-336,37,0
-8,34,1
-109,135,1
23,3,1
-302,3,0
-76,102,1
11,15,1
10,16,1
-349,50,0
22,4,1
5,21,1
-330,31,0
25,1,1
13,13,1
-344,45,0
24,2,1
12,14,1
12,14,1
24,2,1
12,14,1
-52,78,1
-303,4,0
-7,33,1
-400,101,0
-309,10,0
22,4,1
23,3,1
25,1,1
-10,36,1
3,23,1
1,25,1
24,2,1
-23,49,1
-300,1,0
12,14,1
14,12,1
14,12,1
-315,16,0
10,16,1
-1,27,1
-407,108,0
-308,9,0
25,1,1
-6,32,1
6,20,1
-14,40,1
16,10,1
9,17,1
-307,8,0
-133,159,1
-222,248,1
-2,28,1
-412,113,0
0,26,1
7,19,1
8,18,1
-467,168,0
24,2,1
-30,56,1
20,6,1
21,5,1
-463,164,0
25,1,1
-50,76,1
-378,79,0
25,1,1
9,17,1
25,1,1
20,6,1
6,20,1
-340,41,0
24,2,1
8,18,1
5,21,1
-539,240,0
-134,160,1
24,2,1
19,7,1
18,8,1
9,17,1
-300,1,0
6,20,1
24,2,1
-6,32,1
20,6,1
17,9,1
-327,353,1
24,2,1
25,1,1
23,3,1
10,16,1
23,3,1
-14,40,1
-318,344,1
-315,16,0
-316,17,0
-30,56,1
-19,45,1
-321,22,0
12,14,1
18,8,1
-16,42,1
-357,58,0
-56,82,1
-530,231,0
-503,204,0
24,2,1
24,2,1
18,8,1
24,2,1
-1,27,1
-51,77,1
25,1,1
12,14,1
-77,103,1
-54,80,1
25,1,1
-98,124,1
24,2,1
-410,111,0
24,2,1
-7,33,1
-439,140,0
-16,42,1
19,7,1
24,2,1
18,8,1
-4,30,1
22,4,1
-307,8,0
18,8,1
25,1,1
23,3,1
-8,34,1
-300,1,0
-337,38,0
20,6,1
14,12,1
23,3,1
20,6,1
25,1,1
-66,92,1
25,1,1
-399,100,0
-301,2,0
14,12,1
23,3,1
7,19,1
-57,83,1
-2,28,1
-377,78,0
-89,115,1
18,8,1
-426,127,0
-60,86,1
-40,66,1
-210,236,1
19,7,1
-300,1,0
6,20,1
1,25,1
16,10,1
25,1,1
-10,36,1
24,2,1
11,15,1
-56,82,1
-334,35,0
25,1,1
20,6,1
-305,6,0
24,2,1
-68,94,1
-399,100,0
-396,97,0
24,2,1
-336,37,0
-6,32,1
6,20,1
19,7,1
-24,50,1
-79,105,1
-336,37,0
24,2,1
8,18,1
-328,29,0
-43,69,1
15,11,1
18,8,1
-81,107,1
-317,18,0
-353,54,0
-300,1,0
21,5,1
-2,28,1
-29,55,1
19,7,1
-344,45,0
-304,5,0
20,6,1
11,15,1
-44,70,1
-346,47,0
11,15,1
11,15,1
21,5,1
-350,51,0
-44,70,1
18,8,1
-1,27,1
-333,34,0
9,17,1
10,16,1
-400,101,0
22,4,1
-79,105,1
-21,47,1
23,3,1
-306,7,0
11,15,1
-367,68,0
-42,68,1
-315,16,0
25,1,1
-11,37,1
-52,78,1
24,2,1
-57,83,1
5,21,1
21,5,1
-143,169,1
1,25,1
-316,17,0
20,6,1
-19,45,1
-313,14,0
21,5,1
18,8,1
5,21,1
24,2,1
25,1,1
-486,187,0
23,3,1
22,4,1
-13,39,1
-43,69,1
-320,21,0
-68,94,1
4,22,1
15,11,1
25,1,1
-51,77,1
-47,73,1
3,23,1
-30,56,1
23,3,1
-322,23,0
-60,86,1
22,4,1
-56,82,1
-11,37,1
9,17,1
24,2,1
25,1,1
-300,1,0
-308,9,0
8,18,1
20,6,1
15,11,1
-352,53,0
-306,7,0
15,11,1
-302,3,0
21,5,1
-162,188,1
5,21,1
-88,114,1
-56,82,1
-313,14,0
18,8,1
-65,91,1
-27,53,1
25,1,1
-300,1,0
20,6,1
25,1,1
24,2,1
-23,49,1
25,1,1
-386,87,0
20,6,1
25,1,1
-12,38,1
-356,57,0
12,14,1
-23,49,1
-45,71,1
-17,43,1
21,5,1
14,12,1
-359,60,0
-9,35,1
-452,153,0
2,24,1
6,20,1
-14,40,1
-334,35,0
-4,30,1
15,11,1
-7,33,1
24,2,1
-13,39,1
-29,55,1
-316,17,0
25,1,1
-428,129,0
-301,2,0
-135,161,1
-352,53,0
-90,116,1
17,9,1
15,11,1
-36,62,1
-450,151,0
-5,31,1
-24,50,1
-320,21,0
24,2,1
-80,106,1
-91,117,1
25,1,1
12,14,1
20,6,1
7,19,1
20,6,1
-12,38,1
-100,126,1
4,22,1
-334,35,0
-313,14,0
-329,30,0
-4,30,1
-338,39,0
-23,49,1
2,24,1
-10,36,1
-105,131,1
-96,122,1
21,5,1
-300,1,0
7,19,1
-128,154,1
-439,140,0
18,8,1
-315,16,0
2,24,1
22,4,1
25,1,1
-356,57,0
2,24,1
25,1,1
9,17,1
-300,1,0
25,1,1
-321,22,0
24,2,1
-12,38,1
-323,24,0
-4,30,1
25,1,1
-22,48,1
15,11,1
-451,152,0
25,1,1
-318,19,0
23,3,1
-210,236,1
-533,234,0
-6,32,1
22,4,1
20,6,1
-7,33,1
-142,168,1
17,9,1
12,14,1
19,7,1
-334,35,0
-304,5,0
-414,115,0
15,11,1
-6,32,1
5,21,1
-35,61,1
3,23,1
-27,53,1
-150,176,1
19,7,1
-140,166,1
-333,34,0
-50,76,1
20,6,1
8,18,1
3,23,1
11,15,1
25,1,1
-22,48,1
25,1,1
24,2,1
-310,11,0
21,5,1
-316,17,0
-301,2,0
-362,63,0
12,14,1
-410,111,0
25,1,1
-344,45,0
24,2,1
-6,32,1
20,6,1
24,2,1
-381,82,0
25,1,1
6,20,1
23,3,1
25,1,1
25,1,1
-304,5,0
17,9,1
-33,59,1
-129,155,1
24,2,1
25,1,1
23,3,1
-11,37,1
-31,57,1
-365,66,0
-318,19,0
18,8,1
20,6,1
6,20,1
-300,1,0
-623,324,0
-47,73,1
-13,39,1
25,1,1
-305,6,0
-65,91,1
-82,108,1
18,8,1
13,13,1
24,2,1
-321,22,0
25,1,1
-343,44,0
-41,67,1
18,8,1
-10,36,1
-9,35,1
24,2,1
-377,78,0
25,1,1
15,11,1
5,21,1
21,5,1
-342,43,0
16,10,1
-9,35,1
10,16,1
25,1,1
24,2,1
-65,91,1
-468,169,0
24,2,1
15,11,1
24,2,1
3,23,1
-385,86,0
23,3,1
3,23,1
-4,30,1
-36,62,1
-14,40,1
-303,4,0
6,20,1
-10,36,1
24,2,1
25,1,1
17,9,1
-119,145,1
-346,47,0
-341,42,0
-3,29,1
1,25,1
13,13,1
-64,90,1
14,12,1
20,6,1
20,6,1
25,1,1
-6,32,1
24,2,1
1,25,1
25,1,1
16,10,1
23,3,1
12,14,1
20,6,1
-51,77,1
14,12,1
-318,19,0
21,5,1
4,22,1
-61,87,1
-56,82,1
-56,82,1
18,8,1
-83,109,1
-307,8,0
22,4,1
-330,31,0
-492,193,0
-14,40,1
-139,165,1
9,17,1
-300,1,0
16,10,1
-327,28,0
25,1,1
23,3,1
-32,58,1
9,17,1
3,23,1
19,7,1
-311,12,0
-365,66,0
17,9,1
-31,57,1
14,12,1
24,2,1
-88,114,1
15,11,1
25,1,1
-109,135,1
13,13,1
21,5,1
-314,15,0
-159,185,1
-302,3,0
-337,38,0
0,26,1
20,6,1
-21,47,1
15,11,1
24,2,1
-2,28,1
-50,76,1
24,2,1
-306,7,0
19,7,1
24,2,1
22,4,1
-5,31,1
-31,57,1
-26,52,1
14,12,1
-4,30,1
-37,63,1
-318,19,0
-338,39,0
25,1,1
22,4,1
3,23,1
24,2,1
-368,69,0
-330,31,0
-5,31,1
-70,96,1
-1,27,1
-92,118,1
-386,87,0
24,2,1
22,4,1
-362,63,0
-348,49,0
-347,48,0
24,2,1
2,24,1
23,3,1
18,8,1
-331,32,0
-42,68,1
13,13,1
16,10,1
-348,49,0
12,14,1
24,2,1
1,25,1
-43,69,1
-12,38,1
16,10,1
8,18,1
-41,67,1
0,26,1
-326,27,0
19,7,1
25,1,1
24,2,1
-25,51,1
-123,149,1
22,4,1
-84,110,1
25,1,1
-147,173,1
14,12,1
20,6,1
16,10,1
-179,205,1
-60,86,1
-324,25,0
22,4,1
-312,13,0
-14,40,1
25,1,1
-5,31,1
-374,75,0
-3,29,1
25,1,1
24,2,1
19,7,1
21,5,1
1,25,1
18,8,1
16,10,1
-50,76,1
17,9,1
-10,36,1
-130,156,1
-130,156,1
0,26,1
18,8,1
-314,15,0
24,2,1
25,1,1
25,1,1
8,18,1
19,7,1
-326,27,0
25,1,1
-13,39,1
-7,33,1
-336,37,0
20,6,1
-68,94,1
12,14,1
-48,74,1
23,3,1
-304,5,0
-77,103,1
-300,1,0
20,6,1
-478,179,0
25,1,1
23,3,1
-424,125,0
-37,63,1
23,3,1
-310,11,0
21,5,1
-52,78,1
-509,210,0
-2,28,1
-437,138,0
-387,88,0
25,1,1
25,1,1
25,1,1
-17,43,1
-421,122,0
-7,33,1
10,16,1
20,6,1
17,9,1
-9,35,1
-344,45,0
-397,98,0
6,20,1
-314,15,0
17,9,1
-392,93,0
-71,97,1
-71,97,1
25,1,1
-321,22,0
14,12,1
17,9,1
-376,77,0
25,1,1
-343,44,0
17,9,1
-303,4,0
-392,93,0
7,19,1
23,3,1
-45,71,1
-1,27,1
-350,51,0
-374,75,0
25,1,1
3,23,1
25,1,1
-10,36,1
-46,72,1
6,20,1
24,2,1
-355,56,0
-54,80,1
24,2,1
16,10,1
16,10,1
19,7,1
23,3,1
-338,39,0
25,1,1
-21,47,1
-324,25,0
9,17,1
4,22,1
15,11,1
24,2,1
20,6,1
-328,29,0
24,2,1
25,1,1
-390,91,0
19,7,1
1,25,1
24,2,1
24,2,1
23,3,1
4,22,1
11,15,1
14,12,1
-314,15,0
6,20,1
-310,11,0
-346,47,0
14,12,1
-12,38,1
-300,1,0
24,2,1
-19,45,1
7,19,1
-29,55,1
10,16,1
-302,3,0
-312,13,0
1,25,1
-328,29,0
-302,3,0
21,5,1
16,10,1
14,12,1
25,1,1
4,22,1
-324,25,0
-15,41,1
18,8,1
24,2,1
-300,1,0
24,2,1
-3,29,1
20,6,1
-70,96,1
-309,10,0
24,2,1
17,9,1
24,2,1
-352,53,0
24,2,1
-94,120,1
23,3,1
-25,51,1
-16,42,1
1,25,1
-153,179,1
22,4,1
24,2,1
15,11,1
18,8,1
-316,17,0
25,1,1
-32,58,1
2,24,1
-358,59,0
19,7,1
7,19,1
19,7,1
-82,108,1
-302,3,0
-23,49,1
25,1,1
15,11,1
-4,30,1
-65,91,1
-4,30,1
25,1,1
22,4,1
-308,9,0
22,4,1
24,2,1
24,2,1
-108,134,1
22,4,1
21,5,1
24,2,1
-311,12,0
25,1,1
-461,162,0
8,18,1
-2,28,1
-394,95,0
-305,6,0
22,4,1
-380,81,0
22,4,1
25,1,1
-134,160,1
22,4,1
6,20,1
24,2,1
-313,14,0
15,11,1
20,6,1
-107,133,1
-12,38,1
-313,14,0
-2,28,1
-5,31,1
-15,41,1
24,2,1
14,12,1
-8,34,1
-3,29,1
-9,35,1
21,5,1
24,2,1
-372,73,0
2,24,1
25,1,1
6,20,1
25,1,1
23,3,1
14,12,1
-300,1,0
-48,74,1
-60,86,1
24,2,1
-418,119,0
-339,40,0
-17,43,1
22,4,1
5,21,1
1,25,1
-495,196,0
-54,80,1
13,13,1
24,2,1
-8,34,1
24,2,1
-12,38,1
22,4,1
-63,89,1
23,3,1
-302,3,0
16,10,1
23,3,1
-315,16,0
25,1,1
-300,1,0
-3,29,1
-361,62,0
-335,36,0
11,15,1
20,6,1
-319,20,0
-360,61,0
-57,83,1
23,3,1
-20,46,1
4,22,1
-323,24,0
-302,3,0
-306,7,0
-25,51,1
20,6,1
-49,75,1
21,5,1
-66,92,1
-53,79,1
-20,46,1
2,24,1
24,2,1
-388,89,0
-20,46,1
-320,21,0
22,4,1
23,3,1
-317,18,0
-125,151,1
22,4,1
24,2,1
13,13,1
-13,39,1
-10,36,1
-27,53,1
19,7,1
24,2,1
25,1,1
-302,3,0
19,7,1
22,4,1
-56,82,1
12,14,1
-112,138,1
-310,11,0
-323,24,0
25,1,1
21,5,1
24,2,1
10,16,1
13,13,1
-346,47,0
25,1,1
22,4,1
24,2,1
-7,33,1
-8,34,1
-537,238,0
5,21,1
-32,58,1
22,4,1
-302,3,0
9,17,1
-19,45,1
3,23,1
-23,49,1
-301,2,0
-310,11,0
-336,37,0
25,1,1
-380,81,0
17,9,1
-25,51,1
23,3,1
-6,32,1
-19,45,1
25,1,1
-28,54,1
-317,18,0
24,2,1
13,13,1
19,7,1
9,17,1
-324,25,0
-397,98,0
24,2,1
-66,92,1
-70,96,1
-40,66,1
-311,12,0
25,1,1
25,1,1
13,13,1
-411,437,1
-78,104,1
-95,121,1
-300,1,0
25,1,1
24,2,1
-325,26,0
13,13,1
-304,5,0
9,17,1
-90,116,1
20,6,1
23,3,1
-310,11,0
-55,81,1
-40,66,1
23,3,1
8,18,1
-21,47,1
-301,2,0
-303,4,0
-384,85,0
-39,65,1
24,2,1
-20,46,1
-17,43,1
-350,51,0
-42,68,1
25,1,1
25,1,1
9,17,1
24,2,1
-307,8,0
-410,111,0
17,9,1
14,12,1
21,5,1
12,14,1
-302,328,1
12,14,1
-344,45,0
15,11,1
-413,114,0
-314,15,0
20,6,1
-2,28,1
-340,41,0
8,18,1
25,1,1
4,22,1
17,9,1
-301,2,0
21,5,1
4,22,1
-9,35,1
18,8,1
21,5,1
-40,66,1
-347,48,0
25,1,1
11,15,1
-12,38,1
20,6,1
24,2,1
-30,56,1
20,6,1
5,21,1
-13,39,1
-16,42,1
-59,85,1
-73,99,1
-315,16,0
-10,36,1
25,1,1
-89,115,1
-31,57,1
17,9,1
-17,43,1
13,13,1
24,2,1
-3,29,1
-329,30,0
2,24,1
-104,130,1
-396,97,0
-326,27,0
-9,35,1
6,20,1
8,18,1
-8,34,1
-301,2,0
17,9,1
-355,56,0
18,8,1
-300,1,0
-88,114,1
-339,40,0
-18,44,1
20,6,1
24,2,1
22,4,1
-311,12,0
6,20,1
-252,278,1
-2,28,1
5,21,1
25,1,1
23,3,1
22,4,1
20,6,1
-98,124,1
5,21,1
-304,5,0
-11,37,1
25,1,1
25,1,1
19,7,1
-29,55,1
11,15,1
24,2,1
-305,6,0
-7,33,1
-5,31,1
7,19,1
10,16,1
2,24,1
-328,29,0
23,3,1
-40,66,1
-20,46,1
-57,83,1
20,6,1
-314,15,0
-7,33,1
16,10,1
13,13,1
20,6,1
-325,26,0
4,22,1
-56,82,1
-27,53,1
-2,28,1
24,2,1
-309,10,0
-120,146,1
-73,99,1
-75,101,1
-8,34,1
17,9,1
-8,34,1
-126,152,1
-304,5,0
20,6,1
-408,109,0
12,14,1
-301,2,0
-300,1,0
-302,3,0
25,1,1
21,5,1
16,10,1
-338,39,0
-39,65,1
-311,12,0
4,22,1
-11,37,1
-367,68,0
23,3,1
-388,89,0
-19,45,1
-78,104,1
-345,46,0
11,15,1
21,5,1
20,6,1
-224,250,1
-380,81,0
23,3,1
-9,35,1
-104,130,1
-316,17,0
-28,54,1
-307,8,0
24,2,1
-5,31,1
8,18,1
10,16,1
-12,38,1
9,17,1
25,1,1
-66,92,1
-25,51,1
-116,142,1
24,2,1
23,3,1
16,10,1
25,1,1
-322,23,0
21,5,1
5,21,1
-72,98,1
-314,15,0
-372,73,0
-377,78,0
-308,9,0
8,18,1
25,1,1
21,5,1
23,3,1
25,1,1
-61,87,1
-28,54,1
25,1,1
18,8,1
-344,45,0
-68,94,1
22,4,1
10,16,1
9,17,1
20,6,1
-26,52,1
-31,57,1
-31,57,1
10,16,1
20,6,1
8,18,1
-46,72,1
-424,125,0
25,1,1
25,1,1
22,4,1
22,4,1
-12,38,1
-195,221,1
25,1,1
15,11,1
-386,87,0
-300,1,0
24,2,1
5,21,1
3,23,1
-76,102,1
23,3,1
-562,263,0
-157,183,1
23,3,1
23,3,1
9,17,1
-13,39,1
18,8,1
-31,57,1
-313,14,0
-409,110,0
-122,148,1
18,8,1
23,3,1
-3,29,1
-112,138,1
-33,59,1
-9,35,1
-17,43,1
24,2,1
12,14,1
-304,5,0
-8,34,1
-137,163,1
-98,124,1
9,17,1
-8,34,1
-319,20,0
15,11,1
0,26,1
-28,54,1
-334,35,0
-300,1,0
24,2,1
-10,36,1
19,7,1
-45,71,1
-134,160,1
16,10,1
25,1,1
24,2,1
19,7,1
-31,57,1
-300,1,0
-46,72,1
25,1,1
9,17,1
-10,36,1
-14,40,1
8,18,1
-305,6,0
13,13,1
24,2,1
-384,85,0
24,2,1
24,2,1
-30,56,1
19,7,1
25,1,1
-308,9,0
-319,20,0
-9,35,1
9,17,1
-352,53,0
-54,80,1
-22,48,1
7,19,1
-305,6,0
-318,19,0
-9,35,1
-8,34,1
2,24,1
25,1,1
-341,42,0
-363,64,0
-305,6,0
-23,49,1
-66,92,1
21,5,1
-33,59,1
19,7,1
23,3,1
-106,132,1
-12,38,1
-45,71,1
-25,51,1
-371,72,0
-307,8,0
25,1,1
-353,54,0
-40,66,1
-326,27,0
18,8,1
-26,52,1
-300,1,0
-150,176,1
21,5,1
-15,41,1
-328,29,0
-302,3,0
-355,56,0
11,15,1
-300,1,0
-305,6,0
-2,28,1
-353,54,0
20,6,1
-370,71,0
-31,57,1
19,7,1
7,19,1
-394,95,0
23,3,1
-48,74,1
20,6,1
-357,58,0
-25,51,1
-445,146,0
23,3,1
-30,56,1
-362,63,0
-211,237,1
-76,102,1
-356,57,0
-11,37,1
-43,69,1
16,10,1
-332,33,0
-19,45,1
-309,10,0
21,5,1
-446,147,0
-445,146,0
-492,193,0
-302,3,0
25,1,1
-324,25,0
20,6,1
4,22,1
-39,65,1
11,15,1
24,2,1
-6,32,1
-35,61,1
19,7,1
-121,147,1
-319,20,0
-31,57,1
18,8,1
-8,34,1
-300,1,0
-43,69,1
25,1,1
-301,2,0
20,6,1
25,1,1
-383,84,0
-10,36,1
-12,38,1
-338,39,0
-24,50,1
19,7,1
16,10,1
-7,33,1
8,18,1
3,23,1
-128,154,1
18,8,1
1,25,1
-431,132,0
18,8,1
25,1,1
-304,5,0
-89,115,1
25,1,1
-240,266,1
3,23,1
12,14,1
-303,4,0
25,1,1
-345,46,0
17,9,1
25,1,1
10,16,1
23,3,1
-37,63,1
12,14,1
-21,47,1
7,19,1
6,20,1
-336,37,0
-83,109,1
25,1,1
-431,132,0
19,7,1
25,1,1
14,12,1
-43,69,1
9,17,1
-300,1,0
-115,141,1
18,8,1
25,1,1
-303,4,0
-300,1,0
-343,44,0
-318,19,0
-412,113,0
-324,25,0
0,26,1
-435,136,0
-532,233,0
24,2,1
24,2,1
-333,34,0
24,2,1
-75,101,1
-339,40,0
-110,136,1
25,1,1
23,3,1
-213,239,1
-313,14,0
-29,55,1
-52,78,1
-363,64,0
13,13,1
18,8,1
-19,45,1
-370,71,0
22,4,1
-1,27,1
-563,264,0
-23,49,1
14,12,1
22,4,1
10,16,1
21,5,1
-314,15,0
-13,39,1
24,2,1
20,6,1
25,1,1
12,14,1
-353,54,0
1,25,1
-4,30,1
-307,8,0
-71,97,1
-14,40,1
3,23,1
-318,19,0
23,3,1
21,5,1
-85,111,1
-353,54,0
-2,28,1
-29,55,1
16,10,1
18,8,1
-96,122,1
3,23,1
25,1,1
-212,238,1
-7,33,1
22,4,1
-20,46,1
-303,4,0
11,15,1
24,2,1
-14,40,1
6,20,1
-14,40,1
-355,56,0
19,7,1
-307,8,0
-348,49,0
-13,39,1
2,24,1
22,4,1
-51,77,1
-11,37,1
-40,66,1
-311,12,0
-325,26,0
24,2,1
21,5,1
25,1,1
-109,135,1
-300,1,0
4,22,1
-306,7,0
-69,95,1
22,4,1
-62,88,1
9,17,1
8,18,1
14,12,1
-307,8,0
-333,34,0
14,12,1
-305,6,0
10,16,1
-335,36,0
-330,31,0
1,25,1
-120,146,1
25,1,1
-3,29,1
-34,60,1
9,17,1
14,12,1
24,2,1
15,11,1
-302,3,0
25,1,1
17,9,1
2,24,1
-305,6,0
-303,4,0
-34,60,1
-340,41,0
-9,35,1
-31,57,1
16,10,1
25,1,1
-16,42,1
-17,43,1
1,25,1
-4,30,1
16,10,1
-19,45,1
-82,108,1
22,4,1
21,5,1
-335,36,0
18,8,1
-23,49,1
-189,215,1
-357,58,0
12,14,1
-186,212,1
19,7,1
-74,100,1
-311,12,0
-26,52,1
-306,7,0
25,1,1
14,12,1
21,5,1
24,2,1
9,17,1
25,1,1
-320,21,0
2,24,1
11,15,1
25,1,1
-320,21,0
-312,13,0
15,11,1
23,3,1
15,11,1
-5,31,1
10,16,1
-13,39,1
6,20,1
-61,87,1
-339,40,0
9,17,1
-430,131,0
-5,31,1
7,19,1
25,1,1
13,13,1
-13,39,1
13,13,1
19,7,1
12,14,1
4,22,1
23,3,1
-342,43,0
10,16,1
-303,4,0
1,25,1
-341,42,0
-358,59,0
21,5,1
-84,110,1
24,2,1
15,11,1
8,18,1
-478,179,0
22,4,1
17,9,1
11,15,1
24,2,1
13,13,1
-405,106,0
25,1,1
-124,150,1
24,2,1
-36,62,1
21,5,1
-238,264,1
24,2,1
9,17,1
-485,186,0
24,2,1
24,2,1
23,3,1
-24,50,1
-82,108,1
-163,189,1
24,2,1
-3,29,1
-438,139,0
-63,89,1
-46,72,1
-302,3,0
5,21,1
-338,39,0
-348,49,0
14,12,1
7,19,1
-569,270,0
-27,53,1
-175,201,1
-167,193,1
-315,16,0
3,23,1
-437,138,0
-318,19,0
25,1,1
7,19,1
-320,21,0
-22,48,1
-411,112,0
19,7,1
22,4,1
-315,16,0
25,1,1
20,6,1
-343,44,0
-437,138,0
22,4,1
-57,83,1
-122,148,1
-357,58,0
19,7,1
-6,32,1
-94,120,1
-305,6,0
-380,81,0
25,1,1
17,9,1
-25,51,1
2,24,1
-70,96,1
-172,198,1
-351,52,0
7,19,1
-320,21,0
25,1,1
-19,45,1
18,8,1
-21,47,1
21,5,1
25,1,1
9,17,1
20,6,1
-309,10,0
23,3,1
21,5,1
-460,161,0
6,20,1
-469,170,0
-303,4,0
-318,344,1
-78,104,1
24,2,1
24,2,1
24,2,1
-78,104,1
-342,43,0
-9,35,1
-83,109,1
23,3,1
13,13,1
-355,56,0
23,3,1
10,16,1
-306,7,0
-85,111,1
-152,178,1
8,18,1
-387,88,0
0,26,1
-89,115,1
-232,258,1
-313,14,0
-52,78,1
-22,48,1
19,7,1
22,4,1
23,3,1
5,21,1
24,2,1
23,3,1
10,16,1
-301,2,0
-25,51,1
-339,40,0
24,2,1
-356,57,0
-337,38,0
-304,5,0
11,15,1
25,1,1
-16,42,1
-47,73,1
23,3,1
-14,40,1
-395,96,0
-34,60,1
-62,88,1
5,21,1
4,22,1
-5,31,1
25,1,1
-47,73,1
24,2,1
-10,36,1
23,3,1
25,1,1
25,1,1
11,15,1
-348,49,0
-4,30,1
-333,34,0
-322,23,0
16,10,1
-333,34,0
-301,2,0
-2,28,1
24,2,1
16,10,1
20,6,1
5,21,1
-14,40,1
-447,148,0
-136,162,1
-353,54,0
-413,114,0
25,1,1
3,23,1
18,8,1
23,3,1
-24,50,1
-431,132,0
-77,103,1
-17,43,1
19,7,1
22,4,1
9,17,1
-442,143,0
4,22,1
-320,21,0
23,3,1
25,1,1
24,2,1
24,2,1
18,8,1
-336,37,0
-69,95,1
-4,30,1
6,20,1
20,6,1
-12,38,1
24,2,1
-14,40,1
18,8,1
6,20,1
23,3,1
-53,79,1
12,14,1
23,3,1
-48,74,1
21,5,1
-332,33,0
22,4,1
11,15,1
25,1,1
-9,35,1
23,3,1
-104,130,1
7,19,1
-85,111,1
15,11,1
11,15,1
12,14,1
-306,7,0
6,20,1
22,4,1
22,4,1
-3,29,1
-34,60,1
-409,110,0
23,3,1
24,2,1
-14,40,1
-22,48,1
-209,235,1
-61,87,1
-90,116,1
9,17,1
-203,229,1
20,6,1
-562,263,0
-19,45,1
6,20,1
8,18,1
-304,5,0
-243,269,1
-310,11,0
21,5,1
20,6,1
