24,2,1
-300,5,0
-297,14,0
37,21,1
39,15,1
30,4,1
38,8,1
-300,1,0
30,4,1
25,1,1
-297,6,0
28,2,1
31,3,1
-290,19,0
-300,1,0
30,4,1
-299,4,0
32,6,1
-301,6,0
-299,4,0
24,2,1
-302,3,0
24,2,1
25,1,1
-278,31,0
-300,9,0
41,13,1
23,7,1
-300,5,0
26,4,1
-295,8,0
-300,5,0
-292,17,0
42,20,1
-280,25,0
-292,5,0
-297,6,0
27,3,1
-293,6,0
-298,3,0
-303,4,0
-298,7,0
25,1,1
24,2,1
24,2,1
25,1,1
-290,7,0
-287,16,0
25,1,1
-283,16,0
25,1,1
-300,9,0
-302,3,0
25,1,1
-299,4,0
-300,1,0
25,1,1
24,2,1
25,1,1
25,1,1
-290,23,0
31,7,1
25,1,1
-298,3,0
-302,3,0
25,1,1
-290,31,0
30,4,1
31,3,1
-296,9,0
-295,4,0
-295,8,0
29,9,1
-291,12,0
25,1,1
-300,1,0
-301,6,0
-290,11,0
-303,4,0
-273,50,0
51,39,1
-295,4,0
-302,3,0
25,1,1
26,4,1
-289,14,0
-295,8,0
36,10,1
40,10,1
-300,1,0
-285,14,0
-301,2,0
-301,2,0
25,1,1
28,2,1
-300,5,0
-299,8,0
33,9,1
43,19,1
-294,23,0
53,25,1
-289,6,0
26,4,1
-292,25,0
33,5,1
-303,8,0
34,8,1
24,2,1
37,13,1
-302,3,0
-295,8,0
32,6,1
-300,1,0
25,1,1
-300,1,0
24,2,1
24,2,1
25,1,1
26,12,1
25,1,1
25,1,1
46,28,1
-301,6,0
40,14,1
-296,21,0
35,7,1
-295,4,0
40,14,1
27,3,1
-295,4,0
-297,6,0
-301,10,0
23,3,1
39,15,1
24,2,1
-294,23,0
-301,2,0
24,2,1
-297,6,0
31,7,1
39,15,1
-303,12,0
-296,9,0
25,1,1
-303,12,0
-298,7,0
23,3,1
-300,5,0
-290,11,0
21,5,1
41,9,1
32,14,1
23,3,1
-275,32,0
-301,2,0
25,1,1
25,1,1
25,1,1
24,2,1
25,1,1
42,20,1
-290,19,0
-300,1,0
-301,2,0
25,5,1
-301,2,0
37,13,1
25,1,1
27,3,1
-294,43,0
-281,30,0
-294,19,0
25,1,1
25,1,1
28,6,1
45,21,1
-291,12,0
-294,15,0
29,9,1
29,9,1
30,4,1
-292,17,0
36,18,1
-293,10,0
25,1,1
-297,2,0
-300,1,0
25,1,1
27,3,1
-294,7,0
-296,5,0
-301,2,0
26,4,1
-300,1,0
27,3,1
-298,11,0
-273,46,0
25,1,1
47,23,1
60,54,1
27,3,1
-295,12,0
23,3,1
34,16,1
33,17,1
-293,18,0
-294,3,0
29,5,1
-299,12,0
30,8,1
-297,2,0
25,1,1
-297,2,0
25,1,1
27,11,1
43,15,1
25,1,1
39,7,1
-300,1,0
25,1,1
47,19,1
29,5,1
25,1,1
-297,6,0
-302,3,0
-292,5,0
-294,23,0
-297,2,0
25,1,1
25,1,1
25,1,1
-281,18,0
36,10,1
50,40,1
-273,38,0
-284,17,0
25,1,1
39,23,1
35,11,1
-300,1,0
33,9,1
-299,4,0
-296,9,0
-292,17,0
24,2,1
25,1,1
-293,10,0
-301,2,0
-292,13,0
-300,1,0
-301,18,0
25,1,1
-288,53,0
25,1,1
30,8,1
-299,4,0
25,1,1
25,1,1
29,9,1
-297,10,0
30,4,1
24,2,1
-294,11,0
28,2,1
28,2,1
30,8,1
26,4,1
-297,2,0
36,22,1
-299,16,0
-292,21,0
25,1,1
-306,31,0
-298,3,0
24,2,1
-283,16,0
-300,5,0
26,8,1
-300,5,0
24,2,1
-300,1,0
-300,5,0
53,29,1
-296,5,0
25,1,1
-299,4,0
-297,6,0
-291,16,0
33,5,1
25,1,1
31,3,1
25,1,1
-295,4,0
31,3,1
-300,1,0
-298,3,0
25,1,1
-302,3,0
49,25,1
-297,10,0
27,3,1
27,11,1
-304,9,0
-295,4,0
-288,33,0
-307,8,0
-302,7,0
-277,22,0
30,4,1
25,5,1
-299,4,0
-299,16,0
-289,14,0
-296,5,0
31,15,1
-299,20,0
-283,16,0
42,12,1
-297,6,0
25,1,1
26,4,1
27,3,1
-297,6,0
30,4,1
25,1,1
25,1,1
-299,8,0
32,6,1
24,2,1
-272,41,0
-299,4,0
45,21,1
25,1,1
25,1,1
-300,1,0
28,2,1
25,1,1
25,1,1
-294,11,0
-290,27,0
-297,2,0
25,1,1
25,1,1
-296,5,0
28,2,1
45,21,1
-293,18,0
25,1,1
37,13,1
-301,2,0
-300,5,0
-302,11,0
-301,6,0
-300,1,0
24,2,1
-295,16,0
-287,20,0
-289,10,0
-301,2,0
39,11,1
-300,1,0
-297,10,0
-294,7,0
-301,2,0
30,4,1
-301,2,0
28,2,1
-300,5,0
35,7,1
-298,3,0
38,8,1
25,1,1
36,14,1
25,1,1
28,2,1
-287,8,0
28,2,1
25,9,1
23,3,1
25,1,1
-269,38,0
41,17,1
-300,5,0
25,1,1
25,1,1
-285,26,0
-300,5,0
-301,6,0
60,66,1
-295,52,0
-300,1,0
-295,4,0
-292,9,0
-280,25,0
-287,16,0
-289,14,0
31,7,1
-299,8,0
-300,1,0
39,15,1
-289,10,0
-290,11,0
-295,12,0
-292,9,0
33,17,1
33,25,1
29,13,1
-298,7,0
-301,6,0
26,8,1
28,6,1
79,67,1
25,1,1
-296,13,0
-284,25,0
-300,9,0
28,14,1
40,18,1
35,19,1
25,1,1
-301,2,0
30,4,1
35,11,1
31,3,1
25,1,1
-295,4,0
-269,58,0
-300,1,0
-276,21,0
32,6,1
-302,7,0
25,1,1
25,1,1
33,5,1
30,4,1
34,8,1
-291,8,0
29,5,1
-302,3,0
-297,2,0
25,1,1
-300,1,0
25,1,1
25,1,1
31,7,1
-297,6,0
24,6,1
31,23,1
38,44,1
-294,3,0
25,1,1
35,7,1
25,1,1
24,2,1
39,7,1
-298,3,0
25,1,1
-296,5,0
33,9,1
-296,5,0
29,9,1
25,1,1
25,1,1
30,4,1
34,12,1
63,59,1
-284,21,0
-296,5,0
32,26,1
-272,41,0
31,15,1
-301,2,0
-300,1,0
-300,1,0
31,19,1
-296,9,0
27,3,1
25,1,1
-299,20,0
-275,24,0
-296,9,0
-297,2,0
24,6,1
-271,36,0
-288,13,0
25,1,1
22,4,1
25,1,1
-296,9,0
25,1,1
-294,15,0
25,5,1
32,6,1
28,2,1
25,1,1
25,1,1
-298,3,0
31,3,1
-296,9,0
27,3,1
-289,10,0
28,2,1
35,11,1
-301,10,0
34,8,1
24,2,1
-298,7,0
30,8,1
34,8,1
38,8,1
33,5,1
-301,2,0
-300,1,0
23,3,1
-296,5,0
31,7,1
31,7,1
25,1,1
-300,1,0
25,1,1
25,1,1
-280,29,0
-288,25,0
28,10,1
-292,25,0
-290,11,0
39,11,1
34,8,1
-296,5,0
30,8,1
36,6,1
25,1,1
25,1,1
38,16,1
23,19,1
57,33,1
25,1,1
24,2,1
24,2,1
-304,5,0
35,15,1
31,3,1
26,8,1
-297,2,0
-291,32,0
-300,1,0
38,12,1
28,2,1
-284,21,0
23,3,1
24,2,1
28,2,1
-272,33,0
25,1,1
-300,1,0
29,9,1
24,2,1
32,6,1
67,35,1
31,3,1
46,20,1
39,15,1
37,21,1
-285,10,0
-299,4,0
24,2,1
51,27,1
24,2,1
-302,3,0
-301,10,0
-298,3,0
25,1,1
25,1,1
24,2,1
28,6,1
26,8,1
-300,1,0
-302,3,0
-293,14,0
30,4,1
-275,28,0
28,2,1
31,3,1
24,2,1
45,21,1
26,4,1
28,10,1
-298,3,0
25,1,1
35,7,1
24,2,1
25,1,1
-288,13,0
26,4,1
-294,15,0
25,1,1
25,1,1
24,2,1
25,9,1
-294,3,0
-290,15,0
28,2,1
25,1,1
24,2,1
29,5,1
-299,4,0
-298,3,0
-299,4,0
-282,31,0
23,7,1
25,1,1
25,5,1
-296,5,0
21,5,1
24,2,1
33,5,1
33,9,1
45,25,1
-297,14,0
-297,10,0
-295,4,0
35,11,1
25,1,1
25,1,1
-284,21,0
-296,9,0
-300,1,0
-300,1,0
28,2,1
-291,44,0
28,2,1
-297,2,0
-297,10,0
30,8,1
-276,49,0
31,3,1
-300,1,0
25,1,1
-298,3,0
25,1,1
33,5,1
33,17,1
31,11,1
-300,1,0
34,4,1
-289,26,0
-301,2,0
-301,6,0
-300,1,0
-288,17,0
-272,33,0
-296,17,0
-290,11,0
-293,22,0
25,1,1
36,14,1
33,17,1
-301,2,0
-277,26,0
25,1,1
25,1,1
25,1,1
-295,12,0
-298,3,0
-301,2,0
33,5,1
-295,4,0
-300,1,0
-304,13,0
-302,7,0
-298,3,0
28,2,1
-300,1,0
-293,10,0
-300,1,0
-300,1,0
-297,2,0
-301,2,0
33,17,1
25,1,1
-303,4,0
31,11,1
-291,20,0
-293,10,0
-300,1,0
-294,3,0
-289,14,0
-284,13,0
-303,4,0
32,10,1
33,9,1
-296,13,0
25,1,1
41,41,1
44,10,1
27,3,1
-301,2,0
25,1,1
25,1,1
28,22,1
-294,3,0
25,1,1
-277,34,0
30,8,1
41,13,1
26,4,1
-289,14,0
-299,8,0
31,3,1
25,1,1
31,7,1
25,1,1
37,13,1
25,1,1
25,1,1
-300,1,0
40,22,1
38,32,1
46,28,1
31,7,1
-300,1,0
52,38,1
27,3,1
33,9,1
-299,4,0
-299,4,0
25,1,1
-274,43,0
24,2,1
28,2,1
25,1,1
24,2,1
25,1,1
-293,14,0
26,4,1
-301,2,0
-300,1,0
28,2,1
-294,7,0
-300,1,0
-300,1,0
25,1,1
25,1,1
25,1,1
-298,7,0
-293,6,0
33,9,1
26,4,1
25,1,1
29,5,1
24,6,1
-297,18,0
31,11,1
40,22,1
23,3,1
-293,18,0
27,3,1
25,1,1
25,1,1
34,8,1
32,18,1
-299,4,0
38,24,1
-297,6,0
-294,7,0
-296,5,0
-298,7,0
33,5,1
31,3,1
25,1,1
25,1,1
43,11,1
25,1,1
27,3,1
27,3,1
25,1,1
-297,6,0
-301,2,0
-300,1,0
-284,17,0
-298,3,0
-298,3,0
-299,12,0
31,3,1
26,4,1
25,1,1
55,51,1
24,2,1
-292,25,0
25,1,1
32,6,1
41,17,1
25,1,1
-291,20,0
25,1,1
25,1,1
-292,5,0
30,4,1
-281,30,0
33,17,1
25,1,1
38,8,1
22,4,1
24,2,1
-297,2,0
27,3,1
-299,8,0
36,6,1
34,4,1
-300,13,0
25,1,1
25,1,1
-301,10,0
-297,6,0
25,5,1
-301,2,0
25,1,1
-307,8,0
25,1,1
24,2,1
-302,7,0
35,19,1
-300,1,0
58,52,1
25,1,1
-282,27,0
35,7,1
25,1,1
25,5,1
25,1,1
-300,1,0
-300,1,0
25,1,1
-296,5,0
27,3,1
-299,8,0
25,1,1
-304,5,0
-297,6,0
41,25,1
-293,18,0
30,4,1
-300,1,0
-296,5,0
25,1,1
-294,3,0
-297,2,0
29,5,1
27,7,1
-275,72,0
25,1,1
25,1,1
-296,5,0
-300,1,0
25,1,1
29,5,1
-297,10,0
-302,15,0
-281,18,0
34,12,1
-300,1,0
25,1,1
25,1,1
-300,1,0
-291,16,0
-301,6,0
25,1,1
25,1,1
35,15,1
36,10,1
43,43,1
37,17,1
37,5,1
-301,2,0
53,29,1
-301,2,0
-296,13,0
-300,1,0
25,1,1
-296,5,0
41,9,1
26,12,1
25,1,1
27,3,1
25,1,1
-298,7,0
-303,4,0
-300,1,0
32,6,1
-300,1,0
24,2,1
28,2,1
-289,10,0
25,1,1
-305,10,0
25,1,1
29,9,1
25,1,1
-292,5,0
24,2,1
-276,25,0
31,3,1
39,7,1
22,4,1
25,1,1
-300,1,0
-300,1,0
-295,4,0
25,1,1
28,2,1
-298,7,0
29,5,1
-301,2,0
34,4,1
-299,8,0
25,1,1
-301,2,0
24,2,1
32,6,1
25,1,1
-281,38,0
25,1,1
31,15,1
-300,1,0
25,1,1
28,2,1
25,1,1
25,1,1
25,1,1
24,6,1
25,1,1
-302,3,0
-300,1,0
25,1,1
31,3,1
22,4,1
-301,6,0
37,17,1
40,22,1
-297,6,0
33,5,1
-297,14,0
28,6,1
-302,3,0
25,1,1
-293,6,0
44,18,1
25,1,1
25,1,1
-302,3,0
-301,2,0
-300,1,0
-301,2,0
32,6,1
-302,3,0
-300,9,0
-294,11,0
28,2,1
-291,24,0
25,1,1
21,5,1
44,22,1
-300,1,0
25,1,1
30,4,1
35,11,1
-301,2,0
25,1,1
24,2,1
28,2,1
-290,11,0
-304,5,0
-302,3,0
-300,1,0
29,5,1
25,1,1
46,16,1
25,1,1
-304,17,0
-300,5,0
-297,6,0
-284,25,0
27,3,1
24,2,1
-292,17,0
-291,16,0
-296,21,0
25,1,1
38,12,1
-296,9,0
-281,26,0
25,1,1
28,6,1
-291,4,0
-300,1,0
29,9,1
25,1,1
-278,27,0
24,2,1
23,3,1
26,16,1
25,1,1
-302,11,0
-302,7,0
-289,14,0
25,1,1
-299,8,0
36,6,1
30,8,1
-304,5,0
25,1,1
-301,10,0
-298,3,0
25,1,1
-299,4,0
25,1,1
41,13,1
-300,1,0
-301,14,0
34,8,1
-301,2,0
-295,4,0
40,30,1
40,22,1
25,1,1
-302,3,0
24,2,1
25,1,1
42,20,1
31,11,1
-295,12,0
25,1,1
-281,22,0
58,44,1
25,1,1
25,1,1
-300,1,0
-293,10,0
-294,15,0
-300,1,0
-302,3,0
43,23,1
-289,18,0
24,2,1
25,1,1
25,1,1
54,44,1
25,1,1
-307,12,0
25,1,1
25,1,1
-296,9,0
-301,10,0
30,4,1
-296,5,0
28,2,1
34,12,1
28,2,1
-289,10,0
33,13,1
26,4,1
-302,11,0
37,17,1
30,4,1
22,4,1
37,17,1
-296,9,0
-288,13,0
-301,2,0
-292,5,0
25,1,1
52,26,1
28,10,1
24,2,1
26,4,1
25,1,1
-300,1,0
27,3,1
-291,20,0
25,1,1
28,2,1
38,16,1
-297,10,0
31,3,1
-301,2,0
26,4,1
-299,12,0
-289,18,0
27,3,1
24,2,1
24,6,1
35,7,1
25,1,1
25,1,1
-300,1,0
-280,17,0
-303,4,0
-297,2,0
-287,16,0
-299,4,0
-300,1,0
-293,14,0
28,2,1
36,10,1
-291,8,0
24,2,1
-274,31,0
-302,3,0
24,2,1
30,4,1
-293,6,0
-301,2,0
25,1,1
-298,7,0
-300,1,0
-290,11,0
-282,31,0
24,2,1
24,2,1
25,1,1
36,6,1
25,1,1
44,18,1
-282,19,0
35,7,1
23,3,1
28,2,1
67,51,1
35,7,1
25,1,1
27,7,1
24,2,1
24,2,1
-297,10,0
-284,25,0
-297,2,0
28,2,1
25,1,1
-289,14,0
52,30,1
33,13,1
-302,3,0
25,1,1
-303,8,0
-299,4,0
25,1,1
-304,9,0
-300,1,0
34,12,1
24,2,1
25,1,1
24,2,1
-298,23,0
25,1,1
-302,3,0
24,2,1
37,9,1
-297,6,0
25,1,1
-301,6,0
-292,9,0
25,1,1
-292,13,0
39,35,1
30,4,1
25,1,1
35,7,1
31,7,1
34,12,1
24,2,1
42,20,1
-291,12,0
26,4,1
25,1,1
-300,5,0
-278,31,0
-302,3,0
61,65,1
30,4,1
27,3,1
25,1,1
25,1,1
-299,4,0
31,3,1
-301,2,0
27,3,1
30,4,1
-301,2,0
24,6,1
28,6,1
27,3,1
-301,2,0
24,2,1
-284,45,0
-298,3,0
25,1,1
28,2,1
30,4,1
30,4,1
33,5,1
-300,1,0
-285,18,0
-278,31,0
-291,12,0
28,2,1
25,1,1
25,1,1
-301,2,0
41,13,1
25,1,1
25,1,1
36,6,1
35,19,1
31,15,1
-291,12,0
27,3,1
23,3,1
25,1,1
-299,4,0
36,14,1
26,4,1
-296,9,0
26,4,1
44,26,1
28,2,1
26,4,1
31,7,1
29,5,1
33,5,1
-303,4,0
25,1,1
25,1,1
25,1,1
24,2,1
31,3,1
-280,33,0
24,2,1
-294,7,0
-297,2,0
-285,14,0
25,1,1
23,3,1
25,1,1
39,23,1
45,13,1
40,6,1
-288,21,0
-289,6,0
25,1,1
-301,6,0
24,2,1
28,2,1
-289,22,0
-284,33,0
-297,2,0
28,2,1
37,9,1
25,1,1
30,4,1
-294,3,0
25,1,1
43,19,1
25,1,1
25,1,1
-289,22,0
29,5,1
30,4,1
-297,6,0
25,1,1
24,2,1
-297,10,0
30,4,1
38,8,1
-279,28,0
25,1,1
25,1,1
30,4,1
25,1,1
-299,4,0
26,4,1
23,3,1
47,19,1
25,1,1
25,1,1
25,1,1
28,2,1
-300,1,0
25,1,1
-301,2,0
34,8,1
-299,12,0
-296,5,0
-295,4,0
28,2,1
26,4,1
25,1,1
32,6,1
39,15,1
28,2,1
40,18,1
25,1,1
-300,1,0
25,1,1
25,1,1
25,1,1
34,8,1
-276,29,0
-292,5,0
31,3,1
-298,3,0
-297,6,0
23,3,1
-300,1,0
25,1,1
38,20,1
23,7,1
36,14,1
-295,4,0
-298,3,0
34,8,1
-301,6,0
-299,4,0
-300,1,0
-289,6,0
-301,2,0
25,1,1
32,10,1
-300,1,0
-279,20,0
-302,7,0
-300,1,0
28,2,1
25,1,1
25,1,1
-298,7,0
-286,11,0
23,3,1
40,14,1
53,29,1
-288,45,0
25,1,1
28,2,1
24,2,1
-293,6,0
-301,2,0
-277,38,0
24,2,1
33,5,1
-294,7,0
-300,1,0
36,18,1
31,3,1
43,15,1
27,3,1
-293,14,0
33,5,1
-300,5,0
31,3,1
28,2,1
25,1,1
25,1,1
42,24,1
-300,9,0
25,1,1
25,1,1
25,1,1
27,3,1
33,9,1
25,1,1
32,10,1
27,3,1
25,1,1
25,1,1
-300,1,0
-299,4,0
-300,5,0
36,6,1
25,1,1
-299,4,0
-304,9,0
35,7,1
-300,5,0
-297,2,0
22,4,1
25,1,1
31,7,1
31,11,1
25,1,1
31,3,1
-300,1,0
-298,3,0
-300,1,0
42,16,1
35,7,1
-297,6,0
28,2,1
25,1,1
28,2,1
44,14,1
38,8,1
35,15,1
25,1,1
-303,8,0
27,11,1
33,5,1
25,1,1
28,14,1
25,1,1
34,8,1
32,6,1
-284,25,0
36,6,1
25,1,1
-303,8,0
-301,2,0
-297,2,0
39,15,1
-297,6,0
25,1,1
-299,4,0
33,9,1
24,2,1
25,1,1
36,10,1
25,1,1
36,14,1
30,12,1
28,2,1
25,1,1
28,2,1
-295,8,0
-296,13,0
28,6,1
-297,2,0
-300,1,0
-297,2,0
-296,13,0
25,1,1
28,2,1
-300,5,0
-302,3,0
30,4,1
30,8,1
-297,2,0
-294,11,0
24,2,1
27,7,1
25,1,1
33,5,1
25,1,1
27,3,1
-300,1,0
25,1,1
-300,1,0
25,1,1
25,1,1
-295,20,0
27,3,1
25,1,1
-300,1,0
-301,2,0
30,4,1
29,5,1
-300,1,0
-298,3,0
-297,2,0
29,5,1
25,1,1
-303,4,0
-284,17,0
-301,2,0
-291,20,0
31,7,1
40,18,1
25,1,1
28,2,1
-293,6,0
35,11,1
34,8,1
39,11,1
-289,18,0
50,24,1
25,1,1
35,7,1
-300,1,0
33,5,1
25,1,1
24,2,1
25,1,1
-296,5,0
-302,3,0
26,4,1
25,1,1
24,2,1
-281,26,0
53,33,1
25,1,1
-300,1,0
28,10,1
25,1,1
-287,28,0
35,19,1
-299,4,0
25,1,1
28,2,1
28,2,1
25,1,1
25,1,1
39,7,1
24,2,1
-297,2,0
30,4,1
25,1,1
38,12,1
25,1,1
34,12,1
31,3,1
-300,1,0
25,29,1
-296,9,0
30,12,1
-302,7,0
-298,7,0
37,5,1
28,6,1
-300,1,0
-300,1,0
33,9,1
25,1,1
24,2,1
27,3,1
27,3,1
25,1,1
-297,2,0
50,40,1
25,1,1
-285,22,0
-297,2,0
37,9,1
25,1,1
-303,4,0
25,1,1
-295,4,0
27,19,1
25,1,1
27,3,1
28,2,1
-284,17,0
-285,18,0
25,1,1
40,22,1
-274,23,0
-297,6,0
-299,8,0
28,2,1
-293,6,0
-292,9,0
-297,2,0
25,1,1
-290,23,0
25,1,1
25,1,1
-296,9,0
28,2,1
25,1,1
36,6,1
46,20,1
25,1,1
-295,4,0
35,7,1
23,3,1
-295,12,0
36,10,1
-300,1,0
29,5,1
27,3,1
-298,3,0
28,6,1
-302,3,0
31,3,1
-289,10,0
25,1,1
25,1,1
-291,12,0
25,1,1
26,4,1
-294,7,0
41,9,1
-296,5,0
32,6,1
30,8,1
-300,1,0
55,19,1
-300,1,0
-293,6,0
25,1,1
28,2,1
25,1,1
26,4,1
35,11,1
-294,7,0
24,2,1
25,1,1
23,3,1
-282,15,0
-300,1,0
34,4,1
28,6,1
25,1,1
41,9,1
54,28,1
43,35,1
44,22,1
29,5,1
26,4,1
24,2,1
29,5,1
-297,18,0
-298,3,0
-293,22,0
35,7,1
28,6,1
-300,1,0
28,2,1
-295,8,0
-283,28,0
-292,9,0
-299,4,0
25,1,1
41,21,1
-296,5,0
29,5,1
28,2,1
25,1,1
28,6,1
30,4,1
-300,1,0
-297,14,0
-299,4,0
28,2,1
25,1,1
25,1,1
-299,4,0
34,8,1
-299,8,0
27,3,1
30,4,1
28,2,1
25,1,1
25,1,1
25,1,1
-300,1,0
26,4,1
34,8,1
25,1,1
40,14,1
-299,4,0
25,1,1
25,1,1
25,1,1
25,1,1
-289,18,0
-282,31,0
25,1,1
24,2,1
24,2,1
28,2,1
25,1,1
25,1,1
-297,2,0
24,2,1
25,1,1
25,1,1
37,13,1
38,16,1
-300,1,0
24,2,1
39,23,1
-286,15,0
-293,26,0
34,12,1
25,1,1
25,1,1
28,2,1
-279,48,0
-300,1,0
24,2,1
29,5,1
28,6,1
36,10,1
-300,1,0
24,2,1
-300,1,0
25,1,1
24,2,1
25,1,1
28,6,1
-299,12,0
-294,11,0
27,7,1
25,1,1
28,2,1
38,20,1
36,6,1
25,5,1
25,1,1
34,8,1
-282,23,0
-301,2,0
-282,15,0
28,2,1
31,3,1
25,1,1
32,10,1
24,2,1
25,1,1
25,1,1
36,10,1
29,5,1
35,11,1
-295,4,0
-300,1,0
28,2,1
22,8,1
28,2,1
-299,4,0
-291,12,0
-297,6,0
28,14,1
25,1,1
35,7,1
25,1,1
24,2,1
-299,8,0
25,1,1
28,2,1
-295,4,0
29,5,1
25,1,1
23,3,1
-295,4,0
28,2,1
25,1,1
-299,4,0
31,3,1
25,1,1
25,1,1
25,1,1
25,1,1
-293,6,0
-300,1,0
-300,5,0
25,1,1
-269,42,0
-297,2,0
25,1,1
32,6,1
-292,13,0
-292,9,0
-296,5,0
-295,8,0
-300,1,0
25,1,1
31,3,1
-300,1,0
-300,1,0
31,3,1
25,1,1
25,1,1
-289,14,0
-301,2,0
-296,5,0
25,1,1
33,9,1
28,2,1
27,3,1
25,1,1
25,1,1
24,10,1
38,8,1
24,2,1
-298,7,0
33,9,1
63,51,1
31,3,1
28,2,1
27,3,1
34,16,1
29,5,1
-298,3,0
24,2,1
29,5,1
31,7,1
25,1,1
28,6,1
-300,1,0
24,2,1
-300,1,0
-282,31,0
-301,2,0
28,2,1
24,2,1
-300,1,0
-300,1,0
38,8,1
-300,1,0
30,8,1
-301,2,0
-297,2,0
25,1,1
34,4,1
25,1,1
27,3,1
-301,2,0
-296,5,0
31,3,1
-300,1,0
27,3,1
-300,1,0
-300,5,0
31,3,1
-301,10,0
-297,6,0
22,4,1
35,7,1
-301,2,0
-298,7,0
34,8,1
25,1,1
32,6,1
31,7,1
34,12,1
25,1,1
-300,5,0
30,4,1
28,2,1
25,1,1
-297,2,0
40,18,1
34,12,1
-301,2,0
34,12,1
-300,5,0
28,2,1
-296,5,0
25,1,1
25,1,1
25,1,1
-300,1,0
-292,5,0
-298,7,0
25,1,1
-294,11,0
-292,13,0
-301,2,0
-295,8,0
-300,1,0
28,2,1
28,2,1
24,2,1
-290,19,0
37,5,1
-300,1,0
-296,17,0
30,4,1
37,21,1
-299,8,0
-296,13,0
31,3,1
25,1,1
48,22,1
-298,3,0
-300,1,0
26,4,1
30,4,1
-303,4,0
31,3,1
28,2,1
-294,7,0
26,4,1
37,5,1
-302,11,0
-300,1,0
-285,18,0
24,2,1
34,4,1
24,2,1
25,1,1
-286,15,0
29,13,1
-300,1,0
25,1,1
25,1,1
39,19,1
28,2,1
33,9,1
25,1,1
25,1,1
24,2,1
29,17,1
-281,18,0
-301,2,0
31,3,1
42,20,1
25,1,1
-295,4,0
25,1,1
30,8,1
34,8,1
28,2,1
25,1,1
25,1,1
-296,5,0
29,5,1
38,16,1
25,1,1
24,2,1
36,6,1
25,1,1
24,2,1
-300,9,0
28,6,1
25,1,1
25,1,1
-297,2,0
26,8,1
-300,1,0
27,7,1
-300,1,0
43,15,1
31,3,1
25,1,1
25,1,1
25,1,1
25,1,1
-298,3,0
25,1,1
33,5,1
25,1,1
25,1,1
25,1,1
25,1,1
-300,1,0
33,17,1
-300,1,0
27,7,1
25,1,1
35,11,1
-299,16,0
27,3,1
33,9,1
24,2,1
36,6,1
-287,12,0
-293,10,0
30,8,1
28,2,1
29,5,1
38,8,1
-298,7,0
25,1,1
-292,17,0
-301,2,0
28,6,1
25,1,1
32,6,1
32,6,1
30,4,1
25,1,1
44,22,1
28,2,1
-300,1,0
-298,7,0
25,1,1
-292,5,0
26,4,1
25,1,1
-298,11,0
-298,3,0
24,2,1
-300,1,0
-296,9,0
26,4,1
30,4,1
-304,17,0
-295,4,0
36,6,1
37,17,1
27,3,1
-300,13,0
27,3,1
-300,1,0
25,1,1
25,1,1
36,10,1
27,3,1
-289,14,0
31,7,1
27,3,1
28,2,1
25,1,1
34,4,1
-300,1,0
-293,10,0
-295,4,0
38,8,1
27,3,1
-301,2,0
25,1,1
28,6,1
33,17,1
30,8,1
25,1,1
28,2,1
25,1,1
25,1,1
-300,1,0
-300,1,0
-301,2,0
37,13,1
-298,3,0
30,4,1
32,6,1
37,13,1
-258,51,0
25,1,1
25,1,1
-295,12,0
39,7,1
25,1,1
36,10,1
-291,28,0
25,1,1
27,3,1
25,1,1
-294,7,0
-300,9,0
-286,43,0
28,2,1
-292,5,0
-294,11,0
24,2,1
29,9,1
-301,2,0
-301,2,0
32,6,1
38,12,1
25,1,1
-294,3,0
28,2,1
-294,3,0
26,4,1
28,2,1
-295,4,0
25,1,1
25,5,1
36,6,1
28,2,1
-300,1,0
25,1,1
32,6,1
30,4,1
33,5,1
28,2,1
25,1,1
-291,24,0
-288,13,0
-301,2,0
25,1,1
-297,2,0
37,9,1
-264,45,0
25,1,1
30,4,1
36,10,1
28,2,1
25,1,1
-293,6,0
29,25,1
25,1,1
-294,19,0
27,3,1
30,4,1
34,12,1
25,1,1
-300,1,0
-301,2,0
64,50,1
25,1,1
24,2,1
-300,1,0
25,1,1
37,9,1
31,3,1
-300,1,0
34,4,1
35,7,1
28,2,1
37,17,1
58,36,1
-300,1,0
31,3,1
-300,1,0
28,2,1
29,5,1
44,30,1
30,4,1
30,4,1
24,2,1
34,8,1
25,1,1
-293,6,0
24,2,1
25,1,1
32,6,1
-303,16,0
-301,6,0
25,1,1
31,3,1
25,1,1
24,2,1
30,4,1
28,2,1
25,1,1
35,7,1
25,1,1
-294,11,0
28,2,1
-294,11,0
39,11,1
25,1,1
39,11,1
41,13,1
-301,2,0
25,1,1
53,29,1
30,8,1
-297,2,0
48,22,1
29,5,1
25,1,1
37,9,1
25,1,1
27,7,1
26,4,1
25,1,1
-274,27,0
-298,3,0
37,9,1
31,7,1
25,1,1
25,1,1
39,15,1
37,9,1
25,5,1
27,3,1
-297,6,0
-299,8,0
34,8,1
25,1,1
28,2,1
31,3,1
37,13,1
-301,10,0
-299,8,0
37,17,1
35,7,1
30,4,1
31,3,1
31,7,1
24,2,1
-300,1,0
-297,6,0
25,1,1
47,23,1
-286,15,0
36,10,1
-301,2,0
-298,3,0
28,2,1
-296,9,0
28,2,1
25,1,1
25,1,1
-297,2,0
-300,5,0
33,5,1
-287,28,0
32,14,1
30,8,1
34,8,1
32,6,1
-300,5,0
-300,1,0
31,3,1
-286,19,0
25,1,1
28,6,1
27,3,1
-301,2,0
29,9,1
37,9,1
27,3,1
25,1,1
39,11,1
25,1,1
-294,7,0
28,2,1
-293,10,0
31,3,1
24,2,1
41,13,1
24,2,1
-300,1,0
-293,10,0
25,1,1
29,9,1
37,9,1
25,1,1
24,2,1
31,3,1
24,2,1
34,12,1
30,4,1
33,5,1
25,1,1
-298,3,0
25,1,1
28,2,1
-301,14,0
28,2,1
25,1,1
25,1,1
-296,9,0
25,1,1
30,4,1
28,2,1
28,2,1
24,2,1
31,3,1
-294,15,0
24,2,1
32,6,1
-271,32,0
30,4,1
40,14,1
-301,2,0
34,4,1
40,26,1
25,1,1
-289,14,0
28,2,1
33,5,1
-298,11,0
25,1,1
22,4,1
-301,6,0
-300,13,0
35,7,1
-291,12,0
-298,3,0
25,1,1
25,1,1
-291,20,0
29,5,1
25,1,1
-300,1,0
36,6,1
25,1,1
26,4,1
25,1,1
31,3,1
28,2,1
-297,2,0
-300,1,0
44,14,1
25,1,1
26,4,1
25,1,1
39,15,1
25,1,1
43,15,1
25,1,1
-287,16,0
-284,17,0
25,1,1
24,2,1
-301,2,0
32,6,1
45,17,1
28,2,1
27,3,1
28,2,1
31,3,1
27,3,1
32,14,1
25,1,1
37,17,1
25,1,1
28,2,1
25,1,1
27,3,1
27,3,1
-299,8,0
25,1,1
-300,5,0
28,2,1
28,2,1
25,1,1
26,4,1
-297,2,0
34,8,1
25,1,1
39,11,1
35,7,1
31,3,1
31,3,1
-303,4,0
25,1,1
-308,17,0
25,1,1
38,32,1
25,1,1
-292,13,0
-298,11,0
-292,13,0
35,7,1
25,1,1
-300,1,0
27,3,1
-295,24,0
30,4,1
38,12,1
58,40,1
28,2,1
-298,3,0
43,19,1
31,3,1
26,4,1
30,12,1
25,1,1
28,2,1
25,1,1
25,1,1
33,5,1
25,1,1
32,6,1
-300,1,0
-301,6,0
24,2,1
38,8,1
30,4,1
54,28,1
25,1,1
35,11,1
-298,3,0
-300,1,0
32,6,1
-294,7,0
45,13,1
-301,2,0
25,1,1
25,1,1
30,4,1
32,10,1
25,1,1
28,2,1
24,2,1
26,4,1
-301,2,0
25,1,1
-300,5,0
31,7,1
27,3,1
25,1,1
35,7,1
39,11,1
25,1,1
-297,10,0
-298,7,0
28,2,1
-300,5,0
24,2,1
31,3,1
25,1,1
25,1,1
-301,2,0
37,9,1
-298,7,0
39,7,1
30,8,1
25,1,1
28,2,1
47,15,1
40,14,1
-301,2,0
-287,24,0
28,2,1
36,22,1
25,1,1
25,1,1
24,2,1
34,4,1
25,1,1
34,12,1
28,2,1
-297,6,0
-303,16,0
-294,7,0
28,2,1
-300,1,0
32,6,1
35,11,1
43,15,1
26,8,1
38,8,1
35,7,1
25,1,1
-293,6,0
25,1,1
-286,11,0
29,5,1
28,6,1
25,1,1
25,1,1
29,5,1
25,1,1
-304,5,0
25,1,1
27,3,1
-295,4,0
22,4,1
25,1,1
25,1,1
36,14,1
33,5,1
-294,19,0
25,1,1
35,7,1
34,12,1
-294,11,0
-294,11,0
28,2,1
-299,4,0
37,9,1
-295,12,0
36,6,1
25,1,1
-300,1,0
26,4,1
32,6,1
27,3,1
29,5,1
25,1,1
-291,12,0
25,1,1
-293,10,0
-302,3,0
33,13,1
-284,37,0
28,2,1
36,6,1
27,7,1
25,1,1
27,3,1
25,1,1
25,1,1
25,1,1
-300,1,0
25,1,1
-293,14,0
30,4,1
-301,2,0
-303,12,0
25,1,1
25,1,1
34,4,1
24,2,1
33,5,1
-297,34,0
-286,39,0
28,2,1
25,1,1
25,1,1
-300,1,0
-288,17,0
-295,12,0
31,3,1
44,22,1
25,1,1
25,1,1
31,3,1
24,2,1
-303,8,0
-297,2,0
24,2,1
31,7,1
35,7,1
25,1,1
25,1,1
28,2,1
-297,2,0
26,4,1
-283,16,0
-300,5,0
45,17,1
-297,2,0
25,1,1
-297,2,0
25,1,1
-297,2,0
-297,6,0
28,2,1
44,14,1
-301,2,0
28,2,1
25,1,1
28,2,1
-297,2,0
25,1,1
30,4,1
-301,22,0
39,11,1
25,1,1
26,4,1
-300,1,0
29,5,1
-299,4,0
38,8,1
-301,2,0
-287,8,0
30,4,1
25,1,1
-297,6,0
44,14,1
-296,9,0
39,11,1
37,5,1
37,9,1
25,1,1
-300,1,0
27,3,1
25,1,1
-297,6,0
28,2,1
40,10,1
-284,21,0
-292,9,0
-300,1,0
33,9,1
54,32,1
38,8,1
28,2,1
-300,1,0
32,6,1
-276,25,0
24,2,1
25,1,1
25,1,1
49,33,1
36,10,1
-294,11,0
34,8,1
27,3,1
-281,22,0
25,1,1
-298,7,0
25,1,1
49,21,1
-298,7,0
30,4,1
33,5,1
27,3,1
-300,1,0
25,1,1
25,1,1
25,1,1
31,3,1
28,2,1
29,9,1
28,2,1
34,8,1
35,15,1
25,1,1
28,2,1
-299,4,0
29,9,1
-301,2,0
-303,8,0
39,15,1
25,1,1
30,4,1
37,13,1
-296,5,0
-297,18,0
24,2,1
-300,1,0
27,3,1
34,4,1
-297,2,0
25,1,1
25,1,1
-303,8,0
31,3,1
-300,1,0
-300,1,0
-294,15,0
25,1,1
32,6,1
25,1,1
25,5,1
25,1,1
35,7,1
-300,1,0
-299,8,0
30,4,1
-290,11,0
-275,28,0
35,19,1
25,1,1
-284,13,0
25,1,1
24,2,1
32,10,1
-297,6,0
-300,1,0
35,7,1
-293,10,0
39,7,1
-289,10,0
-295,4,0
25,1,1
-299,12,0
25,1,1
43,15,1
34,8,1
-297,6,0
25,1,1
39,11,1
32,6,1
41,13,1
24,2,1
27,3,1
28,2,1
30,4,1
-289,10,0
32,34,1
37,9,1
-295,4,0
25,1,1
35,7,1
28,2,1
28,2,1
-299,4,0
28,2,1
34,8,1
25,1,1
46,16,1
31,3,1
-289,6,0
-292,5,0
25,1,1
42,16,1
-291,12,0
32,6,1
49,37,1
-300,1,0
33,5,1
25,1,1
24,2,1
25,1,1
25,1,1
-270,71,0
25,1,1
28,2,1
-300,1,0
29,5,1
-300,1,0
-299,4,0
37,9,1
37,29,1
-298,3,0
34,4,1
27,3,1
25,1,1
-295,4,0
28,2,1
25,1,1
30,8,1
25,1,1
31,3,1
28,2,1
28,2,1
-293,6,0
43,15,1
-290,7,0
25,1,1
28,2,1
-304,9,0
44,14,1
31,3,1
25,1,1
49,17,1
32,6,1
-297,2,0
-300,1,0
-299,4,0
-296,5,0
-301,2,0
-294,7,0
24,2,1
25,1,1
28,2,1
26,4,1
25,1,1
41,21,1
33,5,1
34,4,1
35,11,1
28,2,1
-289,26,0
34,8,1
37,9,1
29,9,1
25,1,1
25,1,1
25,1,1
27,3,1
-289,10,0
32,14,1
26,4,1
-297,2,0
25,1,1
-298,11,0
28,2,1
-300,1,0
32,18,1
-300,1,0
36,10,1
24,2,1
-300,1,0
25,1,1
-300,1,0
31,3,1
28,2,1
25,1,1
41,13,1
31,7,1
25,1,1
29,5,1
-296,5,0
25,1,1
25,1,1
25,1,1
-303,4,0
-300,1,0
31,3,1
-290,7,0
28,2,1
25,1,1
25,1,1
25,1,1
28,2,1
24,2,1
34,4,1
29,5,1
27,3,1
25,1,1
36,6,1
-297,2,0
25,1,1
25,1,1
29,5,1
26,4,1
25,1,1
39,15,1
31,11,1
38,8,1
25,1,1
25,1,1
25,1,1
25,1,1
-295,4,0
35,11,1
39,15,1
-296,5,0
29,5,1
27,3,1
29,5,1
28,2,1
25,1,1
38,8,1
-300,21,0
29,5,1
-300,1,0
24,2,1
35,11,1
25,1,1
25,1,1
29,5,1
36,10,1
-301,6,0
24,2,1
33,9,1
-300,5,0
-299,4,0
-299,12,0
25,1,1
32,6,1
25,1,1
-302,3,0
25,1,1
-297,2,0
25,1,1
43,15,1
28,2,1
-298,3,0
28,2,1
-290,7,0
28,2,1
52,30,1
-297,2,0
-301,2,0
-301,2,0
27,3,1
25,1,1
27,3,1
28,2,1
25,1,1
25,1,1
-291,8,0
25,1,1
25,1,1
-297,6,0
-300,1,0
31,3,1
-300,9,0
38,20,1
30,4,1
-295,4,0
33,21,1
32,14,1
-304,13,0
31,7,1
-300,5,0
33,5,1
28,2,1
25,1,1
-294,11,0
31,3,1
25,1,1
33,5,1
36,10,1
-287,12,0
31,3,1
-281,18,0
-300,1,0
25,1,1
24,2,1
27,3,1
25,1,1
31,15,1
27,3,1
50,24,1
25,1,1
27,3,1
25,1,1
35,11,1
24,2,1
25,1,1
25,1,1
25,1,1
34,4,1
28,2,1
34,8,1
-303,4,0
25,1,1
25,1,1
25,1,1
27,3,1
-293,6,0
24,2,1
25,1,1
25,1,1
25,1,1
26,4,1
25,1,1
35,7,1
25,1,1
25,1,1
34,8,1
-299,4,0
37,9,1
24,2,1
25,9,1
38,12,1
-294,7,0
27,3,1
25,1,1
36,6,1
-294,3,0
30,4,1
25,1,1
31,3,1
25,1,1
33,5,1
30,4,1
25,1,1
44,14,1
30,4,1
24,2,1
-294,7,0
32,10,1
25,1,1
-301,6,0
-292,13,0
-297,2,0
32,22,1
25,1,1
-295,8,0
24,2,1
-300,1,0
25,1,1
32,6,1
25,1,1
-295,4,0
31,7,1
36,10,1
25,1,1
32,6,1
29,5,1
-290,7,0
-297,6,0
28,2,1
28,2,1
25,5,1
26,4,1
36,10,1
-289,10,0
42,16,1
39,11,1
44,14,1
-301,2,0
45,17,1
28,2,1
33,5,1
39,7,1
-273,42,0
-284,9,0
25,1,1
25,1,1
25,1,1
-300,1,0
34,12,1
28,2,1
35,7,1
-300,1,0
22,4,1
23,3,1
31,3,1
50,24,1
52,22,1
25,1,1
-300,1,0
39,15,1
25,1,1
25,1,1
25,1,1
34,4,1
34,20,1
25,1,1
30,4,1
36,38,1
-300,1,0
25,1,1
24,2,1
-299,8,0
28,6,1
26,4,1
28,2,1
-298,3,0
32,6,1
-295,8,0
37,17,1
25,1,1
25,1,1
29,9,1
28,2,1
28,2,1
34,8,1
-300,1,0
-292,5,0
31,3,1
28,6,1
29,5,1
28,2,1
43,19,1
-280,25,0
24,2,1
26,4,1
34,4,1
25,1,1
31,3,1
24,2,1
32,6,1
24,2,1
39,7,1
-297,2,0
27,3,1
-301,2,0
-291,12,0
32,6,1
28,2,1
27,3,1
33,13,1
-301,2,0
24,2,1
25,1,1
35,7,1
-295,4,0
28,6,1
24,2,1
-288,17,0
28,2,1
32,6,1
34,12,1
25,1,1
23,3,1
25,1,1
25,1,1
25,1,1
-273,30,0
28,6,1
31,3,1
27,3,1
25,1,1
32,10,1
-297,14,0
28,2,1
25,1,1
-305,14,0
53,29,1
-300,9,0
25,1,1
25,1,1
25,1,1
30,4,1
28,6,1
25,1,1
31,7,1
30,4,1
27,3,1
-291,16,0
46,16,1
-293,6,0
25,1,1
25,1,1
-275,36,0
27,7,1
-298,3,0
-295,4,0
25,1,1
27,11,1
39,15,1
25,1,1
-298,3,0
28,6,1
36,22,1
25,1,1
-294,3,0
28,2,1
-301,2,0
-291,12,0
40,26,1
25,1,1
25,1,1
25,1,1
43,11,1
33,5,1
30,4,1
-297,2,0
-301,2,0
27,3,1
25,1,1
30,4,1
25,1,1
25,1,1
30,4,1
25,1,1
27,3,1
-305,10,0
30,4,1
-290,11,0
43,7,1
25,1,1
25,9,1
24,2,1
-293,6,0
28,6,1
-300,1,0
28,2,1
25,1,1
27,3,1
25,1,1
30,4,1
35,7,1
35,7,1
25,1,1
23,7,1
24,2,1
30,4,1
-300,1,0
32,10,1
39,7,1
28,2,1
25,1,1
-294,7,0
-286,23,0
-301,6,0
25,1,1
25,1,1
25,1,1
-297,2,0
-292,21,0
25,1,1
-294,11,0
-293,10,0
-296,9,0
25,1,1
-301,2,0
25,1,1
44,22,1
-282,15,0
25,1,1
-300,1,0
36,6,1
25,1,1
33,5,1
35,7,1
28,2,1
-291,8,0
25,1,1
28,2,1
31,3,1
33,5,1
24,2,1
25,1,1
25,5,1
-301,2,0
-297,10,0
29,5,1
24,2,1
29,5,1
28,2,1
31,15,1
39,11,1
-298,3,0
25,1,1
29,9,1
30,4,1
-300,1,0
34,4,1
28,2,1
30,4,1
25,1,1
38,8,1
-295,8,0
24,2,1
-296,5,0
28,2,1
31,3,1
-289,18,0
26,4,1
-299,8,0
36,14,1
-303,4,0
31,7,1
25,1,1
25,1,1
-297,2,0
30,16,1
25,1,1
32,6,1
-298,15,0
28,2,1
-298,3,0
25,1,1
25,1,1
-300,1,0
29,5,1
35,7,1
-301,2,0
-300,1,0
25,1,1
-290,7,0
28,2,1
32,10,1
30,4,1
25,1,1
-300,1,0
34,8,1
49,21,1
-298,11,0
31,3,1
25,1,1
-297,2,0
31,3,1
-277,38,0
30,4,1
23,3,1
30,4,1
25,1,1
38,8,1
25,1,1
31,7,1
33,9,1
38,12,1
24,2,1
31,7,1
38,8,1
28,2,1
34,8,1
38,16,1
31,3,1
25,5,1
-295,8,0
41,13,1
27,7,1
25,1,1
38,12,1
42,20,1
32,6,1
30,4,1
-302,3,0
32,26,1
-307,12,0
28,2,1
25,1,1
-300,1,0
-300,1,0
32,6,1
-300,1,0
25,1,1
32,6,1
25,1,1
25,1,1
25,1,1
-300,1,0
25,1,1
-295,4,0
31,3,1
-288,17,0
28,2,1
-293,6,0
25,1,1
-300,1,0
-300,1,0
-299,4,0
45,13,1
28,2,1
44,18,1
29,5,1
-299,4,0
-298,3,0
24,2,1
28,6,1
25,1,1
-291,4,0
31,3,1
34,4,1
60,46,1
28,2,1
-301,2,0
31,7,1
28,2,1
26,4,1
31,3,1
-302,3,0
30,4,1
-299,4,0
28,2,1
27,3,1
25,1,1
35,11,1
-287,12,0
-297,2,0
-301,2,0
-302,3,0
34,12,1
27,3,1
25,1,1
34,4,1
30,4,1
32,6,1
36,6,1
36,6,1
24,2,1
28,2,1
36,10,1
28,2,1
25,1,1
35,11,1
24,2,1
24,2,1
-297,6,0
-301,2,0
-301,2,0
28,2,1
24,2,1
38,12,1
25,1,1
25,1,1
30,16,1
-299,4,0
40,6,1
25,1,1
28,2,1
25,1,1
-294,3,0
-285,14,0
36,10,1
28,2,1
24,2,1
25,1,1
35,7,1
28,2,1
25,1,1
-286,7,0
33,5,1
44,14,1
-276,25,0
-294,3,0
-295,4,0
25,1,1
28,2,1
25,1,1
-301,2,0
-300,1,0
-299,4,0
36,6,1
28,2,1
-300,1,0
27,3,1
57,37,1
-298,3,0
39,7,1
34,4,1
36,6,1
27,3,1
25,1,1
30,12,1
35,11,1
27,3,1
30,4,1
24,2,1
-293,6,0
24,2,1
-289,22,0
40,10,1
31,7,1
34,8,1
30,4,1
25,1,1
-278,27,0
-294,11,0
38,8,1
-289,26,0
25,1,1
29,13,1
25,1,1
25,1,1
25,1,1
28,6,1
26,4,1
-292,5,0
28,2,1
-281,18,0
25,1,1
28,2,1
28,6,1
24,2,1
-293,18,0
24,2,1
25,1,1
33,5,1
25,1,1
-296,5,0
25,1,1
29,9,1
42,28,1
28,2,1
26,4,1
33,5,1
34,4,1
-291,12,0
25,1,1
29,9,1
25,1,1
55,23,1
25,1,1
25,1,1
25,1,1
25,1,1
36,6,1
25,1,1
33,5,1
-284,13,0
36,14,1
33,5,1
37,9,1
-300,5,0
25,1,1
25,1,1
24,2,1
33,17,1
27,3,1
-299,16,0
25,1,1
24,2,1
30,4,1
25,1,1
25,1,1
28,2,1
33,9,1
31,3,1
26,4,1
-301,6,0
-300,1,0
42,24,1
25,1,1
25,1,1
-295,4,0
28,2,1
38,8,1
25,1,1
-298,3,0
32,6,1
-292,25,0
34,4,1
25,1,1
35,7,1
24,2,1
27,3,1
30,4,1
25,1,1
25,1,1
41,13,1
28,10,1
25,1,1
25,1,1
-280,17,0
-299,4,0
-302,7,0
25,1,1
30,4,1
35,7,1
-297,6,0
30,4,1
28,2,1
-294,15,0
25,1,1
39,11,1
44,18,1
25,1,1
-300,1,0
31,7,1
25,1,1
25,1,1
26,4,1
37,9,1
39,15,1
25,1,1
42,12,1
25,1,1
31,11,1
46,24,1
25,1,1
-296,9,0
25,1,1
-292,5,0
-299,4,0
46,12,1
-284,25,0
25,1,1
28,2,1
-300,5,0
-293,6,0
25,1,1
-296,5,0
29,5,1
-267,32,0
44,18,1
25,1,1
25,1,1
28,2,1
-300,1,0
-293,10,0
28,2,1
31,3,1
27,7,1
-303,4,0
27,3,1
33,5,1
28,2,1
30,8,1
-289,10,0
33,9,1
25,1,1
-303,8,0
28,2,1
32,6,1
30,4,1
25,1,1
25,1,1
29,5,1
25,1,1
-299,16,0
39,11,1
27,3,1
45,13,1
28,2,1
24,2,1
27,3,1
25,1,1
23,7,1
25,1,1
-300,1,0
27,3,1
31,3,1
28,2,1
25,1,1
28,2,1
28,6,1
28,2,1
32,6,1
25,1,1
30,4,1
25,1,1
28,2,1
24,2,1
26,4,1
25,1,1
-302,3,0
41,13,1
-302,3,0
25,1,1
25,1,1
24,2,1
36,6,1
25,1,1
-297,2,0
-297,2,0
28,2,1
-281,34,0
24,2,1
25,1,1
25,1,1
36,6,1
27,3,1
30,4,1
28,2,1
36,6,1
-300,1,0
28,2,1
-298,3,0
38,16,1
25,1,1
32,10,1
49,21,1
-298,3,0
-302,3,0
-302,3,0
33,5,1
28,2,1
-300,1,0
31,7,1
29,5,1
25,1,1
30,4,1
25,1,1
24,2,1
25,1,1
25,1,1
28,2,1
43,15,1
38,8,1
-298,3,0
-300,1,0
25,1,1
44,22,1
24,2,1
31,7,1
-297,2,0
25,1,1
33,5,1
-300,1,0
27,3,1
25,1,1
41,9,1
25,1,1
30,4,1
24,2,1
34,8,1
29,5,1
27,3,1
31,3,1
28,6,1
46,12,1
30,4,1
27,3,1
-300,5,0
31,11,1
-291,12,0
-294,7,0
24,2,1
25,1,1
43,15,1
-298,19,0
24,2,1
-302,3,0
40,14,1
25,1,1
25,1,1
-301,2,0
30,4,1
26,4,1
25,1,1
25,1,1
28,6,1
42,20,1
31,3,1
28,2,1
-302,11,0
34,12,1
25,1,1
-298,3,0
31,3,1
-299,4,0
27,3,1
24,2,1
-297,2,0
24,2,1
34,20,1
26,8,1
25,1,1
47,27,1
-283,16,0
-300,1,0
32,6,1
28,2,1
35,15,1
27,3,1
-300,1,0
29,5,1
25,1,1
25,1,1
46,24,1
27,11,1
29,5,1
-305,6,0
25,1,1
28,2,1
25,1,1
25,1,1
25,1,1
-297,10,0
37,9,1
25,1,1
24,2,1
25,1,1
33,5,1
-301,2,0
35,7,1
-302,3,0
24,2,1
25,1,1
32,10,1
25,1,1
46,28,1
32,14,1
-300,1,0
24,2,1
-295,4,0
37,9,1
24,2,1
-296,5,0
25,1,1
27,3,1
-301,2,0
25,1,1
37,9,1
25,1,1
37,9,1
23,3,1
35,7,1
38,8,1
31,11,1
25,1,1
27,3,1
25,1,1
36,10,1
38,8,1
43,19,1
34,4,1
-300,1,0
24,2,1
38,8,1
27,3,1
26,4,1
-292,5,0
-297,6,0
49,21,1
25,1,1
28,2,1
24,2,1
25,1,1
-301,2,0
40,14,1
-300,1,0
27,3,1
28,2,1
25,1,1
25,1,1
-306,7,0
24,2,1
36,10,1
42,12,1
25,1,1
29,5,1
37,9,1
31,3,1
-300,1,0
-296,5,0
27,3,1
28,2,1
25,1,1
27,3,1
28,6,1
36,6,1
38,8,1
-293,6,0
55,27,1
27,3,1
25,1,1
-293,10,0
31,3,1
27,3,1
31,3,1
28,10,1
24,2,1
24,2,1
28,2,1
-300,1,0
25,1,1
-296,5,0
-296,5,0
-300,1,0
29,5,1
40,10,1
24,2,1
36,10,1
25,1,1
30,4,1
55,27,1
46,16,1
36,6,1
-300,5,0
25,1,1
58,32,1
40,6,1
38,8,1
-281,34,0
-301,2,0
-297,2,0
25,1,1
30,4,1
25,1,1
24,2,1
36,6,1
-301,6,0
25,1,1
-297,6,0
27,3,1
25,1,1
24,2,1
28,2,1
28,2,1
41,13,1
28,2,1
40,10,1
36,14,1
38,20,1
36,10,1
28,6,1
42,24,1
25,1,1
-301,2,0
39,11,1
25,1,1
36,18,1
28,2,1
-303,4,0
27,3,1
25,1,1
25,1,1
-299,4,0
25,1,1
30,4,1
25,1,1
46,16,1
24,2,1
24,2,1
38,8,1
-300,1,0
39,11,1
28,14,1
25,1,1
25,1,1
34,4,1
25,1,1
29,5,1
-295,4,0
25,1,1
31,7,1
28,2,1
36,6,1
25,5,1
25,1,1
25,1,1
31,3,1
34,4,1
30,4,1
31,11,1
25,1,1
28,2,1
-297,10,0
34,8,1
-291,4,0
36,10,1
22,12,1
-300,9,0
25,1,1
35,11,1
25,1,1
-301,10,0
36,6,1
33,5,1
-302,11,0
25,1,1
25,1,1
-300,13,0
24,2,1
46,12,1
-292,5,0
27,3,1
43,15,1
-292,5,0
42,12,1
32,6,1
36,14,1
27,3,1
41,13,1
31,3,1
44,14,1
-284,9,0
34,8,1
25,1,1
27,3,1
33,5,1
24,2,1
25,1,1
27,3,1
28,2,1
28,2,1
-301,2,0
31,3,1
33,9,1
31,3,1
33,5,1
19,19,1
-300,1,0
27,3,1
-297,2,0
40,14,1
36,6,1
25,1,1
40,18,1
25,1,1
30,8,1
28,6,1
-283,20,0
-296,13,0
-296,5,0
-288,17,0
25,1,1
32,6,1
25,1,1
29,5,1
27,3,1
30,12,1
28,2,1
25,1,1
43,11,1
-294,11,0
42,20,1
25,1,1
28,6,1
29,5,1
-301,2,0
25,1,1
25,1,1
-300,1,0
-297,2,0
32,6,1
-300,1,0
30,4,1
59,31,1
37,29,1
28,6,1
37,13,1
39,15,1
-301,2,0
-300,1,0
-301,6,0
35,11,1
24,2,1
-300,1,0
25,1,1
34,8,1
25,1,1
42,16,1
-297,14,0
42,16,1
27,3,1
-297,2,0
30,8,1
25,1,1
31,3,1
31,7,1
28,2,1
-301,6,0
34,4,1
23,3,1
-295,4,0
-299,4,0
-300,1,0
-294,3,0
-297,6,0
-300,1,0
25,1,1
-300,1,0
-295,12,0
25,1,1
29,5,1
47,19,1
28,2,1
-300,5,0
25,1,1
-274,19,0
-296,5,0
34,4,1
-297,2,0
28,2,1
-303,4,0
25,1,1
28,2,1
-298,3,0
38,12,1
-300,1,0
25,1,1
29,9,1
28,2,1
49,17,1
25,1,1
-284,13,0
25,1,1
-300,1,0
-300,1,0
29,5,1
28,2,1
25,1,1
25,1,1
-301,2,0
27,3,1
28,2,1
25,1,1
-310,11,0
-300,1,0
-301,6,0
-300,1,0
28,2,1
27,3,1
31,3,1
32,10,1
34,4,1
24,6,1
24,2,1
-300,1,0
-298,3,0
30,4,1
43,19,1
28,2,1
-283,28,0
25,1,1
-300,5,0
24,2,1
25,1,1
28,2,1
27,3,1
-300,1,0
28,2,1
28,2,1
34,12,1
51,27,1
-295,8,0
24,2,1
-300,1,0
25,1,1
25,1,1
25,1,1
25,1,1
28,2,1
-293,6,0
24,2,1
-297,6,0
25,1,1
32,6,1
30,4,1
-297,2,0
25,1,1
25,1,1
31,3,1
25,1,1
37,5,1
36,6,1
31,3,1
31,7,1
30,4,1
28,2,1
33,9,1
-300,1,0
42,16,1
28,2,1
-298,7,0
25,1,1
33,5,1
-279,28,0
31,3,1
-281,18,0
38,12,1
-294,3,0
28,2,1
27,3,1
28,2,1
28,2,1
25,1,1
25,1,1
24,2,1
33,5,1
24,2,1
-300,17,0
25,1,1
25,1,1
25,1,1
28,2,1
25,1,1
30,4,1
25,1,1
30,4,1
40,10,1
-297,2,0
25,1,1
32,10,1
24,2,1
25,1,1
48,22,1
27,3,1
25,1,1
-300,1,0
25,1,1
25,1,1
25,1,1
-300,1,0
25,1,1
22,4,1
40,10,1
25,1,1
25,1,1
24,2,1
38,8,1
-301,2,0
28,2,1
25,1,1
32,10,1
25,1,1
35,7,1
26,4,1
30,4,1
-300,1,0
-301,2,0
28,6,1
25,1,1
-297,2,0
31,3,1
32,6,1
43,7,1
36,10,1
30,4,1
-299,4,0
34,4,1
-291,16,0
30,4,1
30,4,1
-298,15,0
34,4,1
40,14,1
28,2,1
36,10,1
-297,2,0
27,3,1
-290,7,0
25,1,1
24,2,1
35,15,1
-284,17,0
28,2,1
25,1,1
37,9,1
30,4,1
26,4,1
22,4,1
30,4,1
25,1,1
30,4,1
30,4,1
29,5,1
26,4,1
29,5,1
-294,3,0
25,1,1
46,20,1
31,3,1
30,4,1
34,12,1
25,1,1
28,2,1
31,7,1
28,6,1
-297,2,0
25,1,1
43,11,1
24,2,1
34,8,1
-299,8,0
24,2,1
34,8,1
46,28,1
29,5,1
30,4,1
29,5,1
36,10,1
25,1,1
25,1,1
28,2,1
25,1,1
36,10,1
25,1,1
36,6,1
30,4,1
-297,6,0
40,10,1
25,1,1
31,7,1
-300,1,0
38,16,1
35,7,1
25,1,1
31,3,1
38,16,1
-300,1,0
34,8,1
28,10,1
28,2,1
27,3,1
31,3,1
-303,4,0
-290,7,0
-302,3,0
-300,1,0
42,24,1
30,4,1
28,2,1
25,1,1
27,3,1
25,1,1
31,3,1
25,1,1
36,6,1
26,4,1
-300,1,0
25,1,1
27,3,1
36,6,1
31,3,1
25,1,1
28,18,1
30,4,1
24,2,1
28,2,1
30,4,1
28,2,1
29,5,1
29,9,1
28,2,1
38,8,1
25,1,1
33,5,1
-298,19,0
30,4,1
-295,8,0
25,1,1
33,5,1
-301,14,0
31,3,1
25,1,1
25,1,1
30,4,1
31,3,1
25,1,1
24,2,1
30,4,1
25,1,1
-298,15,0
39,7,1
27,3,1
29,5,1
35,7,1
-300,1,0
25,1,1
-301,6,0
25,1,1
39,15,1
25,1,1
33,5,1
43,19,1
25,1,1
24,2,1
25,1,1
-292,5,0
28,2,1
40,14,1
25,1,1
35,19,1
-300,1,0
31,3,1
31,3,1
25,1,1
28,2,1
30,4,1
-270,35,0
33,5,1
25,1,1
40,22,1
-297,6,0
32,6,1
28,2,1
32,6,1
24,6,1
38,8,1
31,3,1
25,1,1
25,1,1
29,5,1
28,2,1
25,1,1
-296,5,0
28,2,1
27,3,1
24,2,1
25,1,1
33,9,1
-282,15,0
49,21,1
24,2,1
25,1,1
29,9,1
30,4,1
25,1,1
25,1,1
25,1,1
27,3,1
-291,4,0
25,1,1
28,10,1
36,10,1
25,1,1
26,4,1
-298,3,0
30,4,1
27,3,1
28,2,1
25,1,1
25,1,1
38,8,1
25,1,1
-303,16,0
28,2,1
25,1,1
-290,11,0
28,2,1
25,1,1
33,5,1
25,1,1
27,3,1
24,2,1
32,10,1
27,3,1
30,4,1
25,1,1
30,4,1
28,2,1
29,5,1
25,1,1
25,1,1
-294,11,0
30,4,1
25,1,1
25,1,1
25,1,1
-300,1,0
33,5,1
27,3,1
35,7,1
25,1,1
25,1,1
25,1,1
25,1,1
37,5,1
35,7,1
31,3,1
-300,1,0
35,7,1
28,2,1
30,4,1
25,1,1
25,1,1
27,3,1
-288,17,0
-289,6,0
28,2,1
27,3,1
40,14,1
-286,7,0
28,2,1
34,4,1
24,2,1
45,17,1
38,8,1
25,1,1
39,11,1
24,2,1
30,4,1
31,3,1
30,4,1
36,14,1
30,4,1
29,5,1
34,12,1
25,1,1
-300,9,0
38,12,1
-297,2,0
25,1,1
25,1,1
29,5,1
-299,8,0
25,1,1
28,2,1
-294,3,0
-295,4,0
30,4,1
28,2,1
-305,10,0
31,3,1
25,1,1
25,1,1
26,4,1
-298,11,0
-295,4,0
36,10,1
36,10,1
-295,4,0
-300,1,0
34,8,1
31,7,1
25,1,1
-300,1,0
25,1,1
40,10,1
34,4,1
-298,3,0
30,4,1
46,20,1
28,2,1
42,8,1
44,18,1
33,5,1
25,1,1
29,5,1
31,3,1
27,3,1
34,8,1
24,2,1
31,3,1
25,1,1
30,8,1
27,3,1
-297,2,0
-273,34,0
41,13,1
33,5,1
-294,3,0
25,1,1
-302,3,0
44,18,1
24,2,1
26,4,1
37,13,1
33,5,1
27,3,1
25,1,1
41,13,1
24,2,1
37,13,1
24,2,1
-289,10,0
25,1,1
32,10,1
25,1,1
25,1,1
-292,9,0
-300,1,0
25,1,1
32,6,1
28,2,1
28,2,1
-294,3,0
-301,6,0
38,16,1
25,1,1
28,2,1
41,9,1
35,15,1
30,4,1
-298,7,0
37,17,1
27,3,1
27,3,1
29,5,1
41,13,1
28,2,1
32,6,1
33,5,1
25,1,1
36,10,1
37,13,1
25,1,1
25,1,1
25,1,1
25,1,1
28,2,1
25,1,1
34,8,1
25,1,1
29,9,1
46,16,1
37,29,1
-301,2,0
25,1,1
25,1,1
28,2,1
33,5,1
-301,2,0
28,2,1
-291,12,0
25,1,1
37,5,1
37,17,1
28,2,1
41,13,1
30,4,1
-287,8,0
-297,2,0
25,1,1
34,8,1
25,1,1
25,1,1
35,11,1
25,1,1
25,1,1
27,3,1
34,12,1
32,6,1
29,5,1
26,4,1
24,2,1
24,2,1
31,7,1
-297,2,0
25,1,1
25,1,1
31,3,1
31,3,1
25,1,1
58,40,1
31,3,1
-299,8,0
25,1,1
-300,1,0
38,8,1
25,1,1
-300,1,0
25,1,1
26,4,1
25,1,1
31,3,1
28,2,1
35,11,1
-301,2,0
25,1,1
25,1,1
24,2,1
-295,4,0
25,1,1
-301,2,0
24,2,1
31,3,1
48,26,1
27,3,1
30,4,1
25,1,1
28,2,1
27,11,1
27,3,1
25,1,1
-300,1,0
24,2,1
27,3,1
28,2,1
-300,1,0
-300,5,0
28,2,1
23,3,1
25,1,1
-298,3,0
39,11,1
33,5,1
31,3,1
28,2,1
31,3,1
27,3,1
39,11,1
25,1,1
31,7,1
27,3,1
25,1,1
25,1,1
28,2,1
-298,7,0
36,6,1
33,5,1
36,6,1
43,19,1
31,19,1
27,3,1
-297,2,0
37,9,1
32,6,1
29,5,1
25,1,1
-300,1,0
27,3,1
45,25,1
25,1,1
25,5,1
31,3,1
25,1,1
30,4,1
-283,20,0
28,2,1
31,3,1
35,11,1
45,13,1
-289,10,0
25,1,1
35,11,1
31,3,1
-300,1,0
24,2,1
25,1,1
28,2,1
27,3,1
33,5,1
31,11,1
33,9,1
25,1,1
26,4,1
25,1,1
28,2,1
-293,14,0
25,1,1
25,1,1
24,2,1
-298,3,0
-298,3,0
34,4,1
-300,9,0
48,14,1
25,1,1
34,4,1
38,8,1
40,14,1
28,2,1
-301,2,0
51,23,1
25,1,1
25,1,1
25,1,1
34,8,1
25,1,1
28,2,1
38,8,1
25,1,1
49,17,1
-300,1,0
40,10,1
45,17,1
37,9,1
25,1,1
28,2,1
30,4,1
27,3,1
31,7,1
26,4,1
30,4,1
24,2,1
25,1,1
27,3,1
27,3,1
25,1,1
24,2,1
25,1,1
-300,1,0
28,2,1
25,1,1
39,7,1
25,1,1
32,6,1
-300,1,0
32,6,1
-296,9,0
23,3,1
28,2,1
28,2,1
35,11,1
-297,6,0
31,3,1
25,1,1
28,2,1
25,1,1
34,4,1
-300,1,0
30,4,1
34,16,1
-300,1,0
25,1,1
-295,4,0
36,6,1
24,2,1
-295,4,0
31,7,1
34,8,1
33,5,1
33,5,1
35,7,1
25,1,1
32,6,1
68,58,1
32,6,1
26,4,1
35,7,1
25,1,1
28,2,1
26,4,1
24,2,1
25,1,1
38,8,1
25,1,1
25,1,1
-300,1,0
35,7,1
-297,6,0
33,5,1
25,1,1
27,7,1
31,3,1
27,3,1
24,2,1
-301,10,0
36,10,1
-301,2,0
25,1,1
37,5,1
28,2,1
25,1,1
-300,1,0
37,13,1
24,2,1
24,2,1
25,9,1
25,1,1
-297,2,0
38,12,1
27,3,1
-288,13,0
27,3,1
25,1,1
32,6,1
31,3,1
29,5,1
27,3,1
28,2,1
25,1,1
-279,20,0
24,2,1
25,1,1
25,1,1
48,30,1
-291,4,0
25,1,1
-300,1,0
-300,1,0
-296,21,0
34,4,1
25,1,1
28,2,1
25,1,1
33,5,1
30,4,1
24,2,1
28,2,1
29,5,1
28,2,1
-295,4,0
-301,2,0
-300,1,0
24,2,1
28,6,1
31,3,1
25,1,1
27,3,1
25,1,1
-297,2,0
44,18,1
30,4,1
27,3,1
25,1,1
-295,4,0
-291,12,0
-302,3,0
-300,1,0
25,1,1
28,2,1
25,1,1
31,11,1
34,4,1
-297,2,0
25,1,1
31,11,1
43,19,1
-300,1,0
28,2,1
25,1,1
25,1,1
30,4,1
33,9,1
-292,5,0
43,15,1
25,1,1
25,1,1
28,6,1
28,10,1
39,15,1
25,1,1
27,3,1
25,1,1
28,2,1
25,1,1
33,5,1
28,6,1
39,7,1
28,2,1
34,8,1
30,4,1
28,2,1
35,11,1
41,13,1
25,1,1
25,1,1
-301,10,0
28,2,1
25,1,1
32,6,1
-301,2,0
36,6,1
31,3,1
28,2,1
31,3,1
28,2,1
30,4,1
28,2,1
23,3,1
28,2,1
25,1,1
-300,1,0
-294,11,0
24,2,1
25,1,1
28,2,1
25,5,1
30,4,1
36,6,1
33,5,1
24,2,1
25,1,1
55,39,1
-300,1,0
-295,4,0
-294,11,0
25,1,1
28,2,1
36,6,1
25,1,1
-292,9,0
53,41,1
-300,1,0
27,3,1
25,1,1
36,10,1
24,2,1
25,1,1
25,1,1
27,3,1
25,1,1
24,2,1
31,3,1
40,10,1
25,1,1
29,5,1
34,8,1
38,8,1
31,3,1
38,16,1
-299,8,0
32,6,1
39,7,1
-300,1,0
27,3,1
-300,1,0
25,1,1
24,2,1
28,2,1
31,3,1
-289,10,0
25,1,1
23,3,1
24,2,1
31,7,1
-291,8,0
25,1,1
-300,1,0
33,9,1
28,2,1
24,2,1
25,1,1
28,2,1
37,9,1
34,8,1
32,6,1
23,3,1
24,2,1
25,1,1
40,10,1
34,4,1
28,2,1
32,6,1
25,1,1
-284,13,0
25,1,1
25,1,1
28,2,1
30,8,1
25,1,1
-302,11,0
25,1,1
28,2,1
25,1,1
25,1,1
25,1,1
-298,3,0
35,7,1
29,5,1
36,6,1
37,13,1
25,1,1
27,3,1
37,9,1
39,7,1
33,5,1
-288,13,0
25,1,1
34,4,1
29,5,1
-298,3,0
35,7,1
-297,2,0
25,1,1
48,14,1
25,1,1
25,1,1
31,3,1
25,1,1
34,12,1
24,2,1
32,10,1
29,9,1
25,1,1
25,1,1
-294,7,0
25,1,1
25,1,1
25,1,1
36,6,1
35,11,1
-283,12,0
-292,5,0
37,5,1
37,13,1
30,4,1
25,1,1
25,1,1
25,1,1
30,4,1
24,2,1
39,15,1
55,31,1
28,2,1
34,8,1
28,2,1
34,4,1
36,6,1
30,4,1
-285,22,0
25,1,1
25,1,1
33,5,1
39,11,1
25,1,1
24,2,1
35,7,1
45,21,1
33,5,1
25,1,1
31,7,1
30,4,1
25,1,1
27,3,1
-290,11,0
25,1,1
24,2,1
28,2,1
33,5,1
25,1,1
-282,39,0
27,3,1
31,3,1
34,8,1
24,2,1
24,2,1
-296,5,0
25,1,1
-300,1,0
39,11,1
25,1,1
25,1,1
-290,7,0
25,1,1
31,3,1
25,1,1
-294,3,0
25,1,1
25,1,1
25,1,1
26,4,1
25,1,1
28,2,1
25,1,1
34,4,1
25,1,1
24,2,1
-298,3,0
39,11,1
25,1,1
-300,1,0
-299,24,0
54,32,1
35,7,1
25,1,1
-300,1,0
-301,10,0
33,5,1
24,2,1
38,12,1
-288,13,0
32,6,1
25,1,1
25,1,1
28,2,1
25,1,1
28,6,1
25,1,1
30,4,1
28,2,1
25,1,1
28,2,1
28,2,1
33,5,1
25,1,1
-295,4,0
39,7,1
-294,11,0
25,1,1
25,1,1
30,4,1
25,1,1
36,10,1
25,1,1
-290,11,0
30,4,1
30,4,1
33,9,1
31,3,1
36,6,1
26,4,1
34,8,1
25,1,1
53,29,1
33,5,1
38,8,1
30,4,1
25,1,1
37,13,1
25,1,1
24,2,1
24,2,1
25,1,1
28,2,1
25,1,1
26,4,1
29,5,1
-293,6,0
25,1,1
30,4,1
42,16,1
36,6,1
-294,3,0
25,1,1
25,1,1
-302,3,0
28,6,1
28,2,1
25,1,1
-300,1,0
28,2,1
-299,8,0
31,7,1
-294,3,0
43,27,1
23,7,1
35,7,1
33,5,1
-293,6,0
-302,11,0
25,1,1
28,2,1
-300,1,0
35,7,1
25,1,1
26,4,1
28,2,1
28,2,1
25,1,1
25,1,1
31,3,1
-295,4,0
-301,2,0
30,4,1
-301,10,0
25,1,1
43,23,1
25,1,1
25,1,1
30,4,1
34,4,1
24,2,1
25,1,1
-298,3,0
25,1,1
24,2,1
39,7,1
42,12,1
25,1,1
28,2,1
25,1,1
25,1,1
25,1,1
39,15,1
25,1,1
39,11,1
31,3,1
-293,6,0
-302,23,0
28,2,1
30,4,1
24,2,1
25,1,1
28,2,1
24,2,1
-300,1,0
31,3,1
-294,3,0
25,1,1
29,5,1
33,5,1
25,1,1
25,5,1
28,2,1
-291,4,0
24,2,1
27,3,1
33,9,1
25,1,1
24,2,1
25,1,1
36,6,1
25,1,1
38,12,1
-293,10,0
-300,1,0
37,9,1
25,1,1
-301,2,0
40,6,1
27,3,1
27,3,1
32,14,1
35,7,1
28,2,1
33,5,1
-300,1,0
33,5,1
28,2,1
28,2,1
31,3,1
28,2,1
-296,5,0
24,2,1
28,2,1
28,2,1
-301,2,0
25,1,1
30,4,1
34,4,1
25,1,1
28,2,1
33,5,1
24,2,1
26,4,1
31,3,1
25,1,1
-294,11,0
34,8,1
28,2,1
34,4,1
29,5,1
25,1,1
25,1,1
36,10,1
30,8,1
27,3,1
25,1,1
33,13,1
25,1,1
25,1,1
-300,1,0
44,14,1
27,3,1
28,2,1
45,13,1
34,4,1
34,8,1
28,2,1
44,10,1
36,6,1
-300,9,0
25,1,1
-295,16,0
42,16,1
-300,1,0
34,4,1
35,7,1
24,2,1
25,1,1
35,7,1
28,6,1
32,6,1
28,2,1
29,5,1
31,3,1
28,2,1
25,1,1
25,1,1
24,2,1
37,5,1
-295,4,0
25,1,1
-295,12,0
25,1,1
28,2,1
40,10,1
25,1,1
31,3,1
25,1,1
28,2,1
25,1,1
44,22,1
25,1,1
32,6,1
25,1,1
27,3,1
34,8,1
33,17,1
25,1,1
25,1,1
24,2,1
31,3,1
24,2,1
32,6,1
25,5,1
-278,23,0
38,8,1
32,6,1
-302,7,0
28,2,1
33,9,1
25,1,1
33,5,1
36,10,1
32,6,1
-301,2,0
-274,23,0
33,13,1
25,1,1
25,1,1
26,4,1
63,43,1
-300,1,0
30,4,1
35,7,1
25,1,1
32,6,1
-297,6,0
25,1,1
25,1,1
-293,6,0
-291,8,0
34,4,1
24,2,1
-297,6,0
41,17,1
-297,2,0
25,1,1
24,2,1
30,4,1
25,1,1
28,2,1
-294,11,0
34,16,1
29,5,1
28,2,1
25,1,1
25,1,1
31,3,1
30,4,1
28,2,1
35,7,1
40,10,1
25,1,1
25,1,1
36,10,1
34,8,1
25,1,1
30,4,1
25,1,1
-296,5,0
39,15,1
28,2,1
32,6,1
25,1,1
28,2,1
30,4,1
25,1,1
25,1,1
25,1,1
32,6,1
49,17,1
38,16,1
25,1,1
28,2,1
31,3,1
25,1,1
37,9,1
34,4,1
33,5,1
28,2,1
35,7,1
34,4,1
-301,2,0
42,12,1
25,1,1
25,1,1
-304,5,0
25,1,1
25,1,1
25,1,1
33,5,1
29,5,1
36,6,1
-293,10,0
-299,4,0
28,2,1
28,2,1
29,9,1
40,10,1
31,3,1
40,14,1
35,7,1
25,1,1
-290,15,0
31,3,1
25,1,1
31,7,1
24,2,1
24,2,1
29,5,1
28,2,1
33,5,1
-300,1,0
25,1,1
29,5,1
39,7,1
28,2,1
-302,3,0
30,8,1
-299,12,0
30,4,1
-302,3,0
28,2,1
32,6,1
25,1,1
32,6,1
30,4,1
31,3,1
28,2,1
30,4,1
31,3,1
30,4,1
25,1,1
25,1,1
25,13,1
31,3,1
25,1,1
25,1,1
35,11,1
24,2,1
-301,2,0
36,10,1
25,1,1
31,3,1
32,6,1
-295,12,0
25,1,1
-292,5,0
34,4,1
24,2,1
-301,2,0
-301,2,0
25,1,1
38,12,1
38,8,1
35,11,1
-300,13,0
60,38,1
28,6,1
25,1,1
29,5,1
28,2,1
25,1,1
-302,3,0
31,7,1
-300,1,0
27,3,1
25,1,1
32,6,1
35,7,1
-296,5,0
37,9,1
-281,18,0
28,2,1
30,8,1
34,4,1
49,25,1
25,1,1
31,3,1
25,1,1
27,3,1
25,1,1
26,4,1
25,1,1
24,2,1
28,6,1
25,1,1
25,1,1
28,2,1
25,1,1
25,1,1
24,2,1
-301,2,0
25,1,1
36,6,1
31,3,1
38,8,1
25,1,1
49,25,1
38,8,1
-298,3,0
33,5,1
24,2,1
25,1,1
34,4,1
33,5,1
42,12,1
50,24,1
25,1,1
25,1,1
-298,3,0
28,2,1
25,1,1
24,2,1
25,1,1
28,2,1
25,1,1
25,1,1
-300,1,0
25,1,1
-300,1,0
-298,3,0
28,2,1
27,3,1
27,3,1
25,1,1
25,1,1
34,4,1
31,3,1
-300,1,0
36,6,1
29,5,1
25,1,1
43,15,1
36,6,1
-290,11,0
32,6,1
25,1,1
24,2,1
-294,3,0
39,15,1
28,2,1
28,2,1
25,1,1
25,1,1
-300,1,0
25,1,1
25,1,1
24,2,1
43,15,1
31,7,1
36,6,1
-295,4,0
38,12,1
25,1,1
32,6,1
25,1,1
-293,22,0
-301,18,0
25,1,1
25,1,1
30,12,1
-299,4,0
28,2,1
28,2,1
35,7,1
25,1,1
-301,2,0
23,3,1
25,1,1
41,9,1
25,1,1
32,6,1
-296,5,0
25,1,1
32,6,1
-293,14,0
33,5,1
25,1,1
39,7,1
38,16,1
33,5,1
-297,14,0
25,1,1
25,1,1
28,2,1
27,3,1
-298,3,0
25,1,1
27,3,1
25,1,1
-293,10,0
25,1,1
25,1,1
34,4,1
28,2,1
28,2,1
25,1,1
-296,5,0
35,7,1
25,1,1
24,2,1
25,1,1
25,1,1
31,11,1
47,19,1
25,1,1
25,1,1
35,11,1
36,6,1
-302,3,0
-284,13,0
30,4,1
-290,19,0
48,26,1
25,1,1
31,3,1
25,1,1
32,6,1
25,1,1
30,4,1
37,5,1
25,1,1
26,4,1
31,3,1
38,8,1
-294,3,0
41,13,1
25,1,1
36,6,1
31,3,1
25,1,1
39,7,1
25,1,1
36,10,1
30,4,1
-297,6,0
27,3,1
-298,3,0
25,1,1
-302,7,0
35,11,1
38,24,1
28,2,1
23,3,1
28,2,1
31,3,1
28,2,1
31,3,1
-298,7,0
25,1,1
30,4,1
-292,5,0
31,3,1
28,2,1
25,1,1
24,2,1
25,1,1
35,11,1
-292,5,0
31,3,1
25,1,1
-280,17,0
28,2,1
30,4,1
-300,1,0
28,2,1
28,2,1
25,1,1
28,2,1
28,2,1
25,1,1
25,1,1
39,19,1
42,12,1
-294,7,0
28,2,1
25,1,1
34,8,1
31,3,1
34,8,1
32,6,1
25,1,1
25,1,1
38,16,1
28,2,1
28,2,1
28,2,1
33,5,1
37,9,1
25,1,1
25,1,1
28,10,1
35,11,1
34,4,1
31,3,1
28,2,1
25,1,1
24,2,1
27,3,1
24,2,1
25,1,1
25,1,1
39,23,1
42,8,1
-292,9,0
27,3,1
24,2,1
25,1,1
-297,6,0
31,3,1
31,3,1
25,1,1
30,4,1
28,2,1
42,12,1
30,4,1
24,2,1
24,2,1
49,25,1
46,16,1
36,10,1
41,21,1
30,4,1
29,5,1
56,30,1
25,1,1
25,1,1
28,2,1
31,7,1
-301,2,0
48,22,1
27,3,1
37,9,1
-297,6,0
30,4,1
27,3,1
-296,5,0
36,6,1
44,22,1
31,3,1
-300,5,0
-304,5,0
26,4,1
42,20,1
-301,2,0
25,1,1
35,7,1
34,4,1
25,1,1
25,1,1
35,7,1
-302,3,0
30,4,1
28,2,1
28,6,1
33,5,1
31,3,1
25,1,1
31,3,1
25,1,1
29,5,1
-292,5,0
25,1,1
25,1,1
25,1,1
24,2,1
33,5,1
31,3,1
25,1,1
39,11,1
-300,5,0
-303,4,0
-300,5,0
34,12,1
25,1,1
25,1,1
-291,4,0
-300,5,0
25,1,1
25,1,1
28,2,1
31,3,1
35,7,1
36,6,1
34,4,1
43,11,1
-295,4,0
28,2,1
-297,2,0
35,7,1
25,1,1
25,1,1
-294,7,0
34,4,1
25,1,1
39,11,1
25,1,1
25,1,1
29,5,1
-297,6,0
37,5,1
25,1,1
31,3,1
28,2,1
-297,6,0
24,2,1
28,2,1
25,1,1
25,1,1
29,5,1
-292,5,0
-296,9,0
25,1,1
25,1,1
31,3,1
25,1,1
-300,1,0
25,1,1
25,1,1
42,12,1
40,18,1
35,7,1
25,1,1
25,1,1
27,3,1
28,2,1
-289,10,0
-300,9,0
38,12,1
31,3,1
25,1,1
27,3,1
25,1,1
37,9,1
25,1,1
-297,2,0
31,3,1
-299,4,0
-300,1,0
29,5,1
28,2,1
31,3,1
-297,2,0
-303,16,0
33,9,1
25,1,1
-294,7,0
25,1,1
25,1,1
28,2,1
45,21,1
36,6,1
25,1,1
28,2,1
36,10,1
31,7,1
32,6,1
25,1,1
30,4,1
32,10,1
31,3,1
-303,4,0
25,1,1
29,5,1
-296,9,0
39,7,1
25,1,1
25,1,1
-290,11,0
30,4,1
25,1,1
28,2,1
28,2,1
28,2,1
31,3,1
25,1,1
33,5,1
24,2,1
48,18,1
27,3,1
30,4,1
36,6,1
33,5,1
27,3,1
27,3,1
25,1,1
35,7,1
31,3,1
25,1,1
-296,5,0
-297,2,0
25,1,1
28,2,1
33,5,1
34,4,1
-294,3,0
25,1,1
40,14,1
27,3,1
25,1,1
25,1,1
42,16,1
-299,4,0
25,1,1
-297,2,0
25,1,1
25,1,1
25,1,1
24,2,1
-300,1,0
31,3,1
25,1,1
25,1,1
25,1,1
31,3,1
25,1,1
28,2,1
38,8,1
25,1,1
35,7,1
28,2,1
25,1,1
41,13,1
45,21,1
45,17,1
-287,12,0
25,1,1
28,2,1
28,2,1
-298,3,0
25,1,1
48,22,1
34,8,1
37,9,1
25,1,1
25,1,1
30,4,1
30,12,1
25,1,1
-297,14,0
25,1,1
25,1,1
25,1,1
-295,4,0
24,2,1
-293,10,0
32,6,1
-286,15,0
25,1,1
-300,1,0
27,3,1
-301,2,0
-287,8,0
28,2,1
26,4,1
28,2,1
37,9,1
28,2,1
25,1,1
24,2,1
38,8,1
33,5,1
31,3,1
28,2,1
29,5,1
28,2,1
25,1,1
-286,15,0
24,2,1
26,8,1
25,1,1
30,4,1
33,5,1
35,11,1
35,7,1
37,9,1
34,8,1
51,35,1
24,2,1
31,3,1
31,3,1
36,6,1
-287,16,0
-293,6,0
25,1,1
42,16,1
31,3,1
24,2,1
28,2,1
31,11,1
28,2,1
34,4,1
25,1,1
25,1,1
25,1,1
25,1,1
-302,7,0
25,1,1
25,1,1
-300,1,0
47,31,1
28,2,1
25,1,1
-300,1,0
25,1,1
34,8,1
28,2,1
32,6,1
34,8,1
-294,7,0
27,3,1
25,1,1
33,5,1
28,2,1
39,7,1
28,2,1
38,12,1
25,1,1
33,5,1
25,1,1
31,3,1
25,1,1
27,3,1
31,3,1
-295,4,0
33,5,1
45,21,1
25,1,1
25,1,1
25,1,1
27,3,1
25,1,1
24,2,1
28,2,1
30,4,1
-297,10,0
24,2,1
30,4,1
25,1,1
24,2,1
25,1,1
33,9,1
30,8,1
25,1,1
36,6,1
28,2,1
24,2,1
-288,5,0
31,3,1
24,2,1
24,2,1
39,7,1
31,7,1
-297,2,0
33,5,1
25,1,1
25,1,1
28,6,1
38,12,1
25,1,1
33,5,1
31,3,1
36,6,1
31,3,1
25,1,1
-295,4,0
28,2,1
35,7,1
47,27,1
34,4,1
42,12,1
-297,2,0
39,11,1
-302,3,0
25,1,1
-300,1,0
25,1,1
30,4,1
25,1,1
-301,2,0
25,1,1
28,2,1
31,3,1
29,5,1
-300,1,0
25,1,1
28,2,1
28,2,1
28,2,1
36,6,1
39,15,1
25,1,1
37,9,1
24,2,1
42,20,1
25,1,1
-302,31,0
-300,1,0
25,1,1
25,1,1
25,1,1
29,9,1
-290,7,0
25,1,1
28,2,1
27,3,1
26,4,1
-294,7,0
25,1,1
25,1,1
36,6,1
38,8,1
31,3,1
25,1,1
37,9,1
33,5,1
32,6,1
-297,2,0
-285,14,0
31,3,1
43,19,1
-299,8,0
24,2,1
30,4,1
28,2,1
48,30,1
25,1,1
38,8,1
25,1,1
31,3,1
33,9,1
27,3,1
25,1,1
25,1,1
25,1,1
-296,9,0
25,1,1
31,7,1
34,4,1
31,3,1
27,3,1
24,2,1
24,2,1
37,5,1
25,1,1
25,1,1
35,7,1
25,1,1
-300,1,0
39,7,1
-291,8,0
41,13,1
42,8,1
25,1,1
34,4,1
27,3,1
38,12,1
25,1,1
30,4,1
31,3,1
28,2,1
36,10,1
31,3,1
25,1,1
25,1,1
35,7,1
34,8,1
25,1,1
-301,2,0
32,10,1
30,4,1
30,4,1
41,9,1
33,5,1
31,3,1
-297,2,0
25,1,1
25,1,1
25,1,1
35,7,1
38,8,1
31,3,1
24,2,1
-301,2,0
51,31,1
25,1,1
24,2,1
28,2,1
27,3,1
28,2,1
-298,3,0
25,1,1
25,1,1
38,8,1
28,2,1
35,11,1
25,1,1
38,8,1
38,12,1
43,11,1
25,1,1
25,1,1
31,3,1
24,2,1
28,10,1
24,2,1
37,13,1
41,13,1
38,8,1
34,8,1
32,6,1
31,3,1
-297,2,0
36,6,1
30,4,1
38,8,1
-301,2,0
25,1,1
34,8,1
31,3,1
-282,43,0
33,5,1
25,1,1
25,1,1
25,1,1
33,5,1
28,2,1
30,4,1
24,2,1
-293,10,0
47,27,1
31,3,1
-301,6,0
24,2,1
27,3,1
-300,1,0
31,3,1
-292,5,0
25,1,1
33,5,1
27,3,1
25,1,1
29,9,1
27,3,1
25,1,1
33,5,1
-304,9,0
32,6,1
-296,9,0
34,12,1
38,8,1
32,6,1
25,1,1
25,1,1
25,1,1
25,1,1
28,2,1
24,2,1
30,4,1
35,11,1
28,6,1
28,6,1
24,2,1
25,1,1
27,3,1
36,6,1
25,1,1
31,3,1
25,1,1
25,1,1
30,12,1
-300,1,0
25,1,1
-301,2,0
25,1,1
31,7,1
43,15,1
28,10,1
24,2,1
37,13,1
24,2,1
26,4,1
-294,3,0
25,1,1
32,10,1
25,1,1
29,5,1
42,8,1
30,4,1
28,2,1
38,16,1
25,1,1
31,7,1
-298,3,0
25,1,1
36,6,1
25,1,1
38,12,1
23,3,1
31,3,1
31,3,1
27,3,1
25,1,1
31,3,1
27,3,1
31,3,1
-300,17,0
36,10,1
27,3,1
25,1,1
28,2,1
28,2,1
28,2,1
31,3,1
30,4,1
28,2,1
38,8,1
28,2,1
25,1,1
25,1,1
28,2,1
36,6,1
40,10,1
28,2,1
25,1,1
31,3,1
40,14,1
-295,8,0
35,7,1
-300,1,0
33,5,1
30,4,1
25,1,1
25,1,1
31,7,1
38,28,1
25,1,1
39,7,1
30,4,1
25,1,1
25,1,1
25,1,1
33,5,1
25,1,1
34,4,1
25,1,1
25,1,1
32,6,1
30,4,1
-300,1,0
30,4,1
25,1,1
28,2,1
25,1,1
34,4,1
25,1,1
25,1,1
25,1,1
40,14,1
-297,2,0
31,3,1
27,3,1
44,18,1
28,2,1
25,1,1
25,1,1
-301,2,0
27,3,1
31,3,1
38,8,1
23,3,1
31,3,1
36,6,1
40,10,1
36,6,1
34,8,1
24,2,1
-294,3,0
28,2,1
-298,3,0
25,1,1
25,1,1
25,1,1
25,1,1
-300,1,0
33,5,1
26,4,1
26,8,1
25,1,1
25,1,1
31,3,1
-300,1,0
25,1,1
25,1,1
29,5,1
-292,13,0
28,2,1
25,1,1
31,3,1
28,2,1
31,3,1
34,4,1
30,16,1
34,4,1
36,10,1
25,1,1
29,5,1
28,2,1
25,1,1
33,9,1
-301,2,0
25,1,1
25,1,1
-283,20,0
34,8,1
42,12,1
25,1,1
45,13,1
28,2,1
25,1,1
31,3,1
38,12,1
27,3,1
31,3,1
-296,5,0
30,4,1
31,3,1
25,1,1
25,1,1
33,5,1
25,1,1
25,1,1
24,2,1
25,1,1
33,5,1
27,3,1
38,8,1
31,3,1
32,6,1
36,10,1
31,3,1
28,2,1
28,2,1
-282,15,0
28,2,1
39,7,1
-288,13,0
25,1,1
32,10,1
31,3,1
31,3,1
32,6,1
44,18,1
30,4,1
-295,12,0
28,2,1
-297,2,0
33,9,1
30,8,1
-298,7,0
27,3,1
38,8,1
32,6,1
31,3,1
31,3,1
28,2,1
35,7,1
35,15,1
28,2,1
25,1,1
34,4,1
41,13,1
32,6,1
28,2,1
25,1,1
30,4,1
31,3,1
33,5,1
37,9,1
36,10,1
28,2,1
25,1,1
-292,5,0
28,10,1
23,7,1
25,1,1
31,3,1
27,3,1
25,1,1
25,1,1
33,5,1
28,6,1
-295,4,0
28,2,1
25,1,1
25,1,1
24,2,1
25,1,1
35,7,1
-298,3,0
-294,7,0
28,2,1
30,4,1
35,11,1
25,1,1
28,2,1
25,1,1
25,1,1
-293,10,0
28,2,1
-292,9,0
28,2,1
-299,12,0
25,1,1
25,1,1
24,6,1
25,1,1
25,1,1
34,4,1
34,8,1
34,4,1
25,1,1
24,2,1
-293,6,0
28,2,1
37,9,1
25,1,1
28,2,1
24,2,1
25,1,1
25,1,1
30,4,1
28,2,1
28,6,1
28,2,1
25,1,1
45,13,1
24,2,1
34,16,1
25,1,1
-300,1,0
30,4,1
25,1,1
25,1,1
-297,10,0
31,3,1
30,8,1
25,1,1
24,2,1
33,5,1
25,1,1
26,4,1
33,5,1
40,6,1
25,1,1
25,1,1
-300,1,0
32,6,1
29,5,1
35,7,1
30,4,1
-291,12,0
27,3,1
28,2,1
25,1,1
25,1,1
37,5,1
25,1,1
-296,5,0
25,1,1
28,6,1
25,1,1
24,2,1
28,2,1
28,2,1
32,6,1
25,1,1
32,6,1
28,2,1
33,5,1
25,1,1
25,1,1
28,2,1
24,2,1
25,1,1
25,1,1
28,2,1
31,3,1
47,23,1
25,1,1
57,25,1
31,3,1
-295,4,0
26,4,1
30,4,1
-296,5,0
25,1,1
25,1,1
25,1,1
27,3,1
25,1,1
25,1,1
28,2,1
41,9,1
32,10,1
28,2,1
-295,4,0
38,20,1
25,1,1
25,1,1
30,4,1
24,2,1
28,2,1
38,8,1
36,10,1
34,4,1
28,2,1
31,3,1
37,5,1
28,2,1
34,8,1
33,5,1
-300,1,0
25,1,1
40,10,1
-300,1,0
28,2,1
-300,1,0
-295,4,0
34,16,1
25,1,1
32,6,1
25,1,1
38,8,1
48,22,1
28,2,1
33,5,1
41,9,1
-300,5,0
28,2,1
-289,6,0
34,4,1
25,1,1
31,3,1
29,5,1
25,1,1
34,4,1
26,4,1
25,1,1
28,2,1
28,2,1
25,1,1
25,1,1
35,7,1
30,20,1
24,2,1
25,1,1
31,7,1
25,1,1
-292,9,0
28,2,1
35,7,1
-291,8,0
27,3,1
30,4,1
28,2,1
31,3,1
25,1,1
31,3,1
27,3,1
-302,3,0
27,3,1
46,32,1
25,1,1
41,9,1
46,12,1
25,1,1
25,1,1
34,8,1
24,2,1
25,1,1
36,6,1
47,31,1
39,15,1
47,19,1
35,7,1
25,1,1
25,1,1
31,3,1
25,1,1
31,3,1
30,4,1
30,4,1
27,3,1
25,1,1
-300,1,0
25,1,1
28,2,1
28,2,1
25,1,1
36,6,1
28,2,1
28,2,1
25,1,1
37,9,1
25,1,1
-297,2,0
25,1,1
35,7,1
25,1,1
26,4,1
34,12,1
28,2,1
31,3,1
34,4,1
31,7,1
25,1,1
24,2,1
25,1,1
25,1,1
24,2,1
25,1,1
38,8,1
25,1,1
-301,6,0
25,1,1
30,4,1
25,1,1
28,2,1
-300,1,0
25,1,1
39,7,1
30,4,1
28,2,1
24,2,1
27,3,1
30,4,1
25,1,1
-300,9,0
37,13,1
28,2,1
41,9,1
34,4,1
24,2,1
32,6,1
28,2,1
31,3,1
25,1,1
25,1,1
25,1,1
25,1,1
59,27,1
25,1,1
30,4,1
35,7,1
-301,10,0
-292,21,0
25,1,1
33,5,1
31,15,1
30,8,1
28,2,1
24,2,1
27,3,1
-298,7,0
38,8,1
35,11,1
27,3,1
-300,1,0
-294,3,0
27,3,1
25,1,1
25,1,1
25,1,1
-295,8,0
31,7,1
24,2,1
31,3,1
51,27,1
33,9,1
34,4,1
-297,2,0
31,7,1
29,5,1
40,14,1
30,4,1
33,9,1
-299,4,0
27,7,1
25,1,1
37,9,1
37,9,1
-293,6,0
25,1,1
25,1,1
25,1,1
-293,10,0
24,2,1
-291,8,0
25,1,1
46,24,1
25,1,1
35,7,1
28,2,1
33,9,1
24,2,1
25,1,1
25,1,1
25,1,1
25,1,1
31,3,1
33,5,1
32,6,1
25,1,1
28,2,1
31,3,1
25,1,1
-304,5,0
55,23,1
33,5,1
31,3,1
31,3,1
25,1,1
-298,3,0
28,2,1
34,8,1
24,2,1
-297,2,0
33,5,1
34,8,1
25,1,1
27,3,1
35,15,1
-302,3,0
-298,3,0
38,8,1
38,8,1
25,1,1
33,9,1
33,5,1
25,1,1
30,4,1
24,2,1
-301,10,0
-274,27,0
28,2,1
39,7,1
-291,12,0
30,8,1
25,1,1
27,3,1
25,1,1
25,1,1
25,1,1
25,1,1
24,2,1
32,6,1
31,3,1
35,11,1
-297,6,0
28,2,1
25,1,1
36,10,1
26,8,1
25,1,1
-300,1,0
28,2,1
-289,6,0
-293,6,0
-291,4,0
25,1,1
25,1,1
25,1,1
25,1,1
24,2,1
28,2,1
31,3,1
28,2,1
42,24,1
24,2,1
-303,4,0
28,2,1
28,2,1
28,2,1
24,2,1
25,1,1
28,2,1
28,2,1
36,10,1
25,1,1
25,1,1
40,6,1
25,1,1
30,4,1
28,2,1
39,7,1
25,1,1
28,2,1
36,6,1
25,1,1
-296,5,0
39,7,1
28,2,1
25,1,1
-300,1,0
25,5,1
46,16,1
41,13,1
25,1,1
28,2,1
24,2,1
43,27,1
31,7,1
25,1,1
37,9,1
24,2,1
25,1,1
-298,3,0
25,1,1
25,1,1
30,4,1
29,5,1
34,4,1
25,1,1
25,1,1
25,1,1
26,8,1
31,7,1
28,2,1
28,2,1
25,1,1
25,1,1
25,1,1
30,4,1
28,2,1
-300,1,0
34,8,1
27,3,1
39,11,1
34,4,1
35,11,1
37,5,1
24,2,1
30,4,1
31,3,1
37,25,1
25,1,1
27,3,1
25,1,1
35,7,1
32,6,1
25,1,1
30,4,1
27,3,1
-300,1,0
24,2,1
25,1,1
25,1,1
31,3,1
24,2,1
28,2,1
29,5,1
-301,2,0
27,15,1
34,8,1
24,2,1
31,15,1
25,1,1
33,5,1
24,2,1
37,5,1
27,3,1
24,2,1
31,3,1
40,6,1
31,3,1
25,1,1
31,3,1
25,1,1
-300,1,0
25,1,1
28,2,1
-298,3,0
32,6,1
38,12,1
28,2,1
25,1,1
29,5,1
41,9,1
24,2,1
25,1,1
-301,2,0
-300,1,0
25,1,1
25,1,1
44,18,1
25,1,1
-300,1,0
25,1,1
27,3,1
28,2,1
31,3,1
25,1,1
33,5,1
32,6,1
49,21,1
32,6,1
28,2,1
24,2,1
32,6,1
-296,17,0
33,5,1
31,3,1
31,3,1
24,2,1
-298,3,0
28,2,1
25,1,1
31,3,1
33,9,1
-289,18,0
28,2,1
37,9,1
33,5,1
25,1,1
25,1,1
38,12,1
25,1,1
24,2,1
25,1,1
25,1,1
42,12,1
39,7,1
27,3,1
-293,6,0
25,1,1
29,9,1
31,3,1
25,1,1
34,4,1
31,3,1
33,5,1
45,9,1
24,2,1
-301,2,0
-298,7,0
33,5,1
25,1,1
25,1,1
25,1,1
34,16,1
34,4,1
35,7,1
25,1,1
28,2,1
30,4,1
28,2,1
34,12,1
25,1,1
25,1,1
40,42,1
30,4,1
-294,7,0
28,2,1
28,2,1
25,1,1
24,2,1
35,7,1
28,2,1
25,1,1
-301,2,0
-280,21,0
-297,2,0
34,4,1
-281,26,0
28,2,1
25,1,1
33,5,1
25,1,1
38,8,1
26,4,1
27,3,1
28,2,1
28,6,1
27,3,1
31,3,1
36,10,1
27,7,1
28,2,1
25,1,1
-300,1,0
31,3,1
25,1,1
25,1,1
32,6,1
31,3,1
24,2,1
-301,6,0
25,1,1
27,3,1
25,1,1
25,1,1
25,1,1
-300,9,0
33,5,1
36,6,1
25,1,1
26,4,1
28,2,1
32,6,1
25,1,1
25,1,1
28,2,1
30,4,1
25,1,1
25,1,1
49,17,1
43,19,1
39,11,1
40,22,1
33,5,1
32,6,1
25,1,1
36,6,1
25,1,1
25,1,1
25,1,1
31,3,1
31,3,1
27,3,1
33,5,1
-295,4,0
25,1,1
31,3,1
24,2,1
34,8,1
27,3,1
30,4,1
33,5,1
30,4,1
25,13,1
31,7,1
45,9,1
34,4,1
33,9,1
31,3,1
33,5,1
34,4,1
25,1,1
25,1,1
-299,4,0
25,1,1
-301,2,0
57,25,1
43,15,1
-300,1,0
28,2,1
30,8,1
37,9,1
25,1,1
37,5,1
25,1,1
25,1,1
41,9,1
30,8,1
24,2,1
32,6,1
24,2,1
28,2,1
25,1,1
24,2,1
34,4,1
31,3,1
24,2,1
25,1,1
40,10,1
33,5,1
38,8,1
34,4,1
25,5,1
35,7,1
25,1,1
30,4,1
-292,5,0
30,4,1
25,1,1
33,13,1
25,1,1
28,2,1
28,2,1
25,1,1
-301,2,0
25,1,1
33,5,1
25,1,1
25,1,1
31,3,1
24,2,1
24,2,1
25,1,1
32,6,1
24,2,1
33,5,1
-296,5,0
28,2,1
48,18,1
25,1,1
25,1,1
24,2,1
27,3,1
25,1,1
28,2,1
31,3,1
32,6,1
34,4,1
28,2,1
25,1,1
30,4,1
-297,2,0
34,4,1
27,3,1
44,18,1
30,4,1
24,2,1
24,2,1
25,1,1
34,4,1
-291,4,0
31,7,1
31,3,1
31,3,1
41,9,1
30,4,1
25,1,1
-294,3,0
25,1,1
24,2,1
28,2,1
25,1,1
28,2,1
-294,7,0
62,36,1
27,3,1
28,2,1
31,7,1
28,2,1
42,12,1
-294,11,0
28,6,1
30,4,1
26,4,1
36,14,1
28,2,1
32,6,1
48,18,1
25,1,1
33,5,1
28,2,1
25,1,1
34,8,1
25,1,1
25,1,1
25,1,1
25,1,1
25,1,1
-295,4,0
41,9,1
30,4,1
34,4,1
-300,1,0
27,3,1
28,2,1
30,4,1
25,1,1
41,13,1
31,3,1
25,1,1
31,3,1
28,2,1
25,1,1
24,2,1
25,1,1
33,5,1
25,1,1
25,1,1
41,9,1
28,2,1
24,2,1
31,3,1
25,1,1
28,2,1
25,1,1
24,2,1
31,3,1
-287,16,0
31,3,1
28,2,1
35,7,1
36,6,1
25,1,1
33,5,1
25,1,1
33,5,1
47,15,1
25,1,1
31,7,1
41,9,1
25,1,1
46,12,1
48,18,1
28,2,1
28,2,1
32,6,1
25,1,1
-283,24,0
25,1,1
24,2,1
26,4,1
33,5,1
28,2,1
33,5,1
25,1,1
40,10,1
25,1,1
33,5,1
28,2,1
27,3,1
25,1,1
25,1,1
25,1,1
-275,32,0
25,1,1
25,1,1
28,2,1
25,1,1
30,4,1
-300,1,0
-299,8,0
28,2,1
25,1,1
25,1,1
24,2,1
25,1,1
33,5,1
-295,8,0
27,3,1
25,1,1
-300,1,0
32,6,1
27,3,1
25,1,1
35,7,1
30,4,1
31,3,1
30,4,1
25,1,1
31,3,1
25,1,1
29,5,1
39,11,1
25,1,1
24,2,1
37,17,1
32,6,1
30,4,1
25,1,1
35,7,1
28,6,1
31,3,1
25,1,1
33,5,1
32,6,1
30,4,1
31,7,1
30,4,1
28,2,1
25,1,1
28,2,1
28,2,1
25,1,1
25,1,1
41,13,1
37,5,1
28,2,1
28,2,1
34,12,1
27,3,1
28,2,1
30,4,1
29,5,1
25,1,1
25,1,1
53,29,1
-300,1,0
-291,12,0
36,10,1
28,2,1
28,2,1
25,1,1
25,1,1
25,1,1
31,3,1
25,1,1
30,4,1
25,1,1
37,5,1
25,1,1
-295,4,0
25,1,1
28,2,1
30,4,1
30,4,1
30,4,1
25,1,1
25,1,1
25,1,1
25,1,1
25,1,1
25,1,1
25,1,1
42,12,1
28,2,1
25,1,1
25,1,1
-290,35,0
25,1,1
28,2,1
31,3,1
28,2,1
-300,1,0
33,5,1
28,2,1
25,1,1
25,1,1
25,1,1
28,2,1
25,1,1
-301,2,0
25,1,1
25,1,1
35,7,1
37,9,1
28,2,1
24,2,1
33,5,1
25,1,1
37,5,1
25,1,1
28,6,1
25,1,1
33,5,1
-288,17,0
-302,3,0
-300,1,0
25,1,1
-301,2,0
43,15,1
41,9,1
33,9,1
34,4,1
25,1,1
25,1,1
31,3,1
-294,3,0
33,5,1
31,3,1
25,1,1
34,4,1
35,7,1
38,8,1
-300,1,0
-299,4,0
28,6,1
42,16,1
28,2,1
24,2,1
34,4,1
41,13,1
42,12,1
31,3,1
25,1,1
45,17,1
25,1,1
25,1,1
28,2,1
31,3,1
25,1,1
25,1,1
28,2,1
35,7,1
42,12,1
29,5,1
-296,5,0
25,1,1
25,1,1
31,3,1
30,4,1
35,7,1
-297,2,0
28,2,1
28,2,1
44,14,1
25,1,1
28,2,1
25,1,1
25,1,1
27,3,1
31,3,1
43,15,1
28,2,1
33,5,1
25,1,1
-300,1,0
25,1,1
25,1,1
25,1,1
35,11,1
-300,1,0
25,1,1
24,2,1
-301,2,0
25,1,1
39,11,1
44,18,1
31,3,1
33,9,1
35,15,1
25,1,1
28,2,1
31,3,1
25,1,1
28,2,1
31,7,1
24,2,1
28,2,1
28,2,1
40,10,1
30,4,1
25,1,1
30,4,1
30,4,1
-301,2,0
25,1,1
25,1,1
-295,4,0
39,7,1
-300,1,0
41,13,1
48,18,1
31,3,1
-298,3,0
34,8,1
-298,3,0
25,1,1
35,7,1
-291,4,0
25,1,1
31,3,1
25,1,1
28,2,1
25,1,1
25,1,1
25,1,1
28,2,1
38,16,1
32,10,1
25,1,1
-295,4,0
24,2,1
28,2,1
31,3,1
25,1,1
25,1,1
35,11,1
-300,1,0
28,2,1
-297,2,0
27,3,1
28,2,1
25,1,1
28,2,1
25,1,1
34,4,1
27,3,1
35,7,1
44,22,1
30,4,1
25,1,1
33,5,1
25,1,1
36,6,1
40,10,1
25,1,1
39,7,1
28,2,1
25,1,1
35,7,1
25,1,1
39,11,1
25,1,1
31,3,1
25,1,1
25,1,1
33,13,1
25,1,1
41,9,1
25,1,1
27,3,1
28,2,1
-289,10,0
28,2,1
27,3,1
25,1,1
-284,9,0
28,2,1
25,1,1
25,1,1
28,2,1
25,1,1
29,5,1
25,1,1
34,4,1
28,2,1
28,2,1
31,3,1
25,1,1
28,2,1
34,4,1
36,6,1
-282,15,0
31,3,1
28,10,1
32,6,1
25,1,1
25,1,1
28,2,1
31,3,1
36,6,1
28,2,1
31,3,1
33,5,1
25,1,1
25,1,1
25,1,1
27,3,1
28,2,1
28,6,1
27,3,1
24,2,1
25,1,1
46,16,1
25,1,1
25,1,1
28,2,1
25,1,1
27,3,1
25,1,1
38,8,1
33,5,1
-301,2,0
28,2,1
34,8,1
25,1,1
44,18,1
25,1,1
40,10,1
25,1,1
28,2,1
41,9,1
25,1,1
48,18,1
33,5,1
24,2,1
25,1,1
25,1,1
31,3,1
25,1,1
25,1,1
28,2,1
28,2,1
-300,1,0
28,2,1
23,3,1
41,13,1
25,1,1
-300,1,0
-295,4,0
31,3,1
35,7,1
24,2,1
-301,2,0
38,8,1
-300,1,0
34,4,1
33,5,1
24,2,1
37,17,1
27,3,1
30,4,1
25,1,1
28,2,1
25,1,1
33,5,1
31,3,1
-291,12,0
34,4,1
-278,39,0
25,1,1
25,1,1
25,1,1
25,1,1
25,1,1
25,1,1
25,1,1
39,11,1
34,4,1
27,3,1
28,2,1
54,28,1
25,1,1
28,2,1
28,2,1
25,1,1
31,3,1
25,1,1
25,1,1
24,2,1
25,1,1
31,11,1
31,3,1
-297,2,0
31,3,1
25,1,1
28,2,1
28,2,1
31,3,1
-297,2,0
33,9,1
35,7,1
27,3,1
-294,3,0
25,1,1
25,1,1
31,3,1
-294,7,0
25,1,1
42,20,1
25,1,1
25,1,1
28,2,1
-294,7,0
30,4,1
25,1,1
25,1,1
25,1,1
37,13,1
25,1,1
25,1,1
-300,1,0
31,3,1
30,4,1
31,7,1
28,2,1
25,1,1
28,2,1
36,10,1
28,2,1
25,1,1
28,2,1
-288,13,0
25,1,1
24,2,1
-297,2,0
25,1,1
25,1,1
36,6,1
30,4,1
28,2,1
45,17,1
28,2,1
28,2,1
36,6,1
31,3,1
-297,6,0
39,7,1
25,1,1
38,12,1
25,1,1
28,2,1
25,1,1
25,1,1
27,3,1
31,11,1
25,1,1
31,3,1
25,1,1
-299,4,0
25,1,1
-289,30,0
28,2,1
34,4,1
28,2,1
31,3,1
25,1,1
37,9,1
38,12,1
25,1,1
34,8,1
25,1,1
34,4,1
25,1,1
33,5,1
33,5,1
30,8,1
24,2,1
25,1,1
27,3,1
39,15,1
28,2,1
24,2,1
24,2,1
40,10,1
33,5,1
49,25,1
28,2,1
25,1,1
38,8,1
37,9,1
25,1,1
30,4,1
28,2,1
25,1,1
28,2,1
38,8,1
34,4,1
30,4,1
28,2,1
35,7,1
-300,1,0
25,1,1
39,11,1
25,1,1
25,1,1
34,4,1
25,1,1
27,3,1
28,2,1
28,2,1
37,5,1
37,9,1
33,5,1
33,5,1
27,3,1
29,9,1
25,1,1
-298,3,0
35,7,1
-302,3,0
39,11,1
34,4,1
24,2,1
28,2,1
42,12,1
33,5,1
31,7,1
33,9,1
25,1,1
24,2,1
33,5,1
28,2,1
25,1,1
-301,2,0
-297,2,0
25,1,1
28,2,1
31,3,1
-304,5,0
-293,14,0
25,1,1
29,5,1
25,1,1
25,1,1
25,1,1
25,1,1
31,3,1
25,1,1
31,3,1
39,11,1
28,2,1
25,1,1
-288,5,0
-300,1,0
25,1,1
28,2,1
33,5,1
28,2,1
30,8,1
52,54,1
25,1,1
29,5,1
25,1,1
-300,5,0
-300,1,0
31,3,1
49,21,1
25,1,1
25,1,1
28,2,1
37,5,1
28,2,1
36,6,1
25,1,1
25,1,1
30,4,1
39,15,1
24,2,1
28,2,1
41,13,1
28,2,1
30,4,1
31,3,1
-301,2,0
32,6,1
28,2,1
25,1,1
-300,1,0
27,3,1
25,1,1
31,7,1
25,1,1
34,8,1
35,7,1
28,2,1
44,10,1
25,1,1
31,3,1
31,3,1
22,8,1
-297,2,0
25,1,1
25,1,1
25,1,1
41,21,1
-288,5,0
-300,1,0
38,16,1
-300,1,0
37,9,1
33,5,1
25,1,1
-299,4,0
-297,2,0
-289,18,0
31,3,1
31,3,1
28,2,1
25,1,1
31,3,1
25,1,1
25,1,1
25,1,1
43,11,1
46,20,1
24,2,1
25,1,1
35,7,1
30,4,1
25,1,1
37,5,1
25,1,1
25,1,1
-299,8,0
-297,10,0
25,1,1
-297,2,0
30,8,1
33,5,1
25,1,1
24,2,1
41,13,1
29,5,1
-300,1,0
44,14,1
25,1,1
25,1,1
34,20,1
-289,14,0
25,1,1
25,1,1
34,4,1
25,1,1
34,4,1
-285,42,0
25,1,1
31,3,1
25,1,1
25,1,1
31,3,1
28,2,1
30,4,1
37,9,1
31,3,1
25,1,1
34,8,1
25,1,1
28,2,1
34,4,1
28,2,1
25,1,1
26,4,1
30,4,1
25,1,1
32,6,1
25,1,1
-292,5,0
28,2,1
25,1,1
28,2,1
28,2,1
31,3,1
31,3,1
-297,6,0
24,2,1
33,5,1
34,4,1
-300,1,0
25,1,1
25,1,1
25,1,1
-293,14,0
35,7,1
28,2,1
37,5,1
46,16,1
33,5,1
34,4,1
25,1,1
41,13,1
28,2,1
30,4,1
-294,7,0
25,1,1
31,3,1
31,7,1
25,1,1
24,2,1
-290,11,0
25,1,1
28,2,1
28,2,1
24,2,1
30,4,1
42,8,1
25,9,1
28,2,1
24,2,1
25,1,1
-290,19,0
25,1,1
28,2,1
28,2,1
27,3,1
29,5,1
25,1,1
32,6,1
25,1,1
34,4,1
25,1,1
28,2,1
24,2,1
25,1,1
25,1,1
25,1,1
28,2,1
35,7,1
31,3,1
25,1,1
28,14,1
41,9,1
25,5,1
42,28,1
36,10,1
31,3,1
24,2,1
25,1,1
-302,7,0
25,1,1
-301,6,0
33,5,1
25,1,1
25,1,1
25,1,1
31,3,1
28,2,1
-300,1,0
25,1,1
32,6,1
-292,9,0
25,1,1
28,2,1
25,1,1
36,6,1
35,7,1
34,4,1
30,4,1
33,5,1
25,1,1
25,1,1
25,1,1
36,6,1
31,3,1
25,1,1
-301,2,0
37,5,1
31,3,1
27,3,1
31,3,1
25,1,1
27,3,1
25,1,1
25,1,1
33,9,1
25,1,1
28,2,1
25,1,1
27,3,1
25,1,1
31,3,1
25,1,1
30,4,1
30,4,1
26,4,1
28,2,1
34,4,1
32,10,1
25,1,1
25,1,1
-295,4,0
25,1,1
25,1,1
25,1,1
37,5,1
28,2,1
35,7,1
-301,2,0
37,5,1
25,1,1
25,1,1
32,6,1
25,1,1
28,2,1
28,2,1
45,13,1
25,1,1
28,2,1
25,1,1
-300,1,0
27,3,1
28,10,1
30,4,1
39,7,1
28,2,1
25,1,1
31,3,1
26,4,1
25,1,1
41,13,1
28,2,1
25,1,1
38,8,1
31,3,1
28,2,1
26,4,1
34,4,1
38,8,1
28,2,1
24,2,1
31,3,1
28,2,1
-296,5,0
-294,3,0
28,2,1
25,1,1
28,2,1
25,1,1
32,6,1
-300,1,0
25,1,1
24,2,1
28,10,1
25,1,1
35,7,1
25,1,1
37,13,1
38,8,1
33,5,1
32,6,1
25,1,1
27,3,1
25,1,1
25,1,1
34,4,1
25,1,1
25,1,1
-297,6,0
38,8,1
25,1,1
-294,3,0
43,11,1
-301,2,0
25,1,1
27,3,1
31,23,1
25,1,1
-291,4,0
31,3,1
30,4,1
25,1,1
26,4,1
-296,5,0
28,2,1
31,3,1
24,2,1
43,15,1
33,5,1
25,1,1
25,1,1
33,13,1
31,3,1
25,1,1
25,1,1
34,4,1
25,1,1
41,13,1
25,1,1
-287,16,0
25,1,1
29,5,1
25,1,1
31,3,1
24,2,1
25,1,1
25,1,1
33,5,1
25,1,1
25,1,1
39,7,1
44,14,1
24,2,1
25,1,1
25,1,1
38,12,1
25,1,1
33,13,1
31,3,1
36,10,1
25,1,1
-288,5,0
-301,2,0
25,1,1
31,3,1
31,3,1
31,3,1
45,17,1
30,4,1
31,3,1
27,3,1
45,21,1
25,1,1
25,1,1
28,2,1
28,2,1
32,10,1
48,26,1
25,1,1
30,4,1
-300,1,0
31,3,1
28,2,1
25,1,1
25,1,1
25,1,1
26,4,1
25,1,1
38,16,1
28,2,1
32,6,1
-301,2,0
32,6,1
31,3,1
25,1,1
30,4,1
37,9,1
25,1,1
28,2,1
25,1,1
28,2,1
31,3,1
38,20,1
25,1,1
39,7,1
-299,12,0
34,4,1
34,8,1
-304,5,0
28,2,1
44,14,1
25,1,1
25,1,1
-297,6,0
28,2,1
28,2,1
41,17,1
31,3,1
25,1,1
33,9,1
28,2,1
25,1,1
28,2,1
28,2,1
31,3,1
-300,1,0
28,2,1
-292,13,0
44,14,1
25,1,1
36,6,1
25,1,1
30,4,1
30,8,1
33,5,1
25,1,1
25,1,1
28,2,1
24,2,1
34,4,1
25,1,1
25,1,1
36,6,1
28,2,1
28,2,1
28,2,1
30,4,1
25,1,1
42,16,1
35,7,1
25,1,1
25,1,1
31,3,1
25,1,1
40,26,1
25,1,1
28,2,1
25,1,1
-304,5,0
24,2,1
32,10,1
31,7,1
30,8,1
30,4,1
35,7,1
25,1,1
25,1,1
25,1,1
42,8,1
31,3,1
31,3,1
-289,6,0
25,1,1
-299,4,0
31,3,1
35,7,1
34,8,1
27,3,1
28,2,1
31,3,1
25,1,1
35,7,1
28,2,1
31,7,1
25,1,1
43,11,1
25,1,1
25,1,1
25,1,1
32,6,1
25,1,1
34,4,1
33,5,1
-295,4,0
35,7,1
24,2,1
39,7,1
25,1,1
-292,5,0
28,2,1
25,1,1
28,2,1
-294,15,0
25,1,1
30,4,1
28,2,1
-295,8,0
30,4,1
41,9,1
37,9,1
35,11,1
28,2,1
30,4,1
25,1,1
27,3,1
-300,1,0
25,1,1
38,8,1
29,5,1
34,4,1
31,3,1
24,2,1
28,2,1
28,2,1
36,10,1
27,3,1
24,2,1
25,1,1
37,9,1
34,4,1
25,1,1
28,2,1
34,4,1
25,1,1
-294,3,0
36,22,1
25,1,1
25,1,1
25,1,1
28,2,1
25,1,1
37,9,1
40,10,1
25,1,1
39,11,1
-294,3,0
33,5,1
31,3,1
31,3,1
31,7,1
24,2,1
37,5,1
30,4,1
39,7,1
25,1,1
25,1,1
25,1,1
31,3,1
27,3,1
28,2,1
25,1,1
31,7,1
34,4,1
30,4,1
25,1,1
49,25,1
-300,1,0
39,7,1
-293,18,0
28,2,1
25,1,1
25,1,1
30,4,1
32,6,1
25,1,1
-299,4,0
25,1,1
28,2,1
28,2,1
25,1,1
-300,1,0
25,1,1
30,4,1
31,3,1
25,1,1
30,4,1
36,6,1
-300,1,0
32,6,1
25,1,1
28,2,1
25,1,1
35,11,1
25,1,1
47,19,1
31,3,1
25,1,1
30,4,1
-295,12,0
37,9,1
24,2,1
28,2,1
32,6,1
28,2,1
25,1,1
37,5,1
-296,5,0
24,2,1
24,2,1
24,2,1
25,1,1
25,1,1
30,4,1
35,7,1
24,2,1
30,4,1
25,1,1
25,1,1
25,1,1
28,2,1
25,1,1
28,2,1
24,2,1
34,4,1
-298,3,0
51,15,1
30,4,1
38,8,1
28,2,1
40,10,1
30,4,1
-295,4,0
24,2,1
25,1,1
31,3,1
41,9,1
37,9,1
40,14,1
25,1,1
32,6,1
25,1,1
31,3,1
-303,12,0
25,1,1
28,2,1
25,1,1
32,6,1
32,6,1
28,2,1
25,1,1
-284,21,0
41,9,1
24,2,1
25,1,1
25,1,1
45,17,1
34,4,1
28,2,1
33,5,1
25,1,1
32,6,1
25,1,1
28,2,1
24,2,1
25,1,1
28,2,1
36,6,1
36,6,1
36,6,1
34,4,1
32,6,1
25,1,1
36,6,1
24,2,1
28,2,1
-295,8,0
31,3,1
34,4,1
39,7,1
25,1,1
34,8,1
34,4,1
42,8,1
36,6,1
25,1,1
40,18,1
-297,2,0
40,6,1
24,2,1
25,1,1
27,3,1
33,5,1
-301,2,0
28,2,1
27,3,1
25,1,1
28,2,1
24,2,1
24,2,1
25,1,1
33,5,1
39,11,1
28,2,1
25,1,1
28,2,1
40,14,1
29,5,1
32,6,1
-295,4,0
28,2,1
25,1,1
-295,4,0
28,2,1
25,1,1
30,4,1
25,1,1
35,7,1
27,3,1
28,2,1
28,2,1
28,2,1
25,1,1
25,1,1
35,7,1
25,1,1
25,1,1
37,5,1
34,4,1
29,13,1
38,12,1
25,1,1
24,2,1
31,3,1
25,1,1
39,15,1
31,3,1
25,1,1
-300,1,0
26,4,1
33,5,1
30,4,1
25,1,1
42,8,1
33,5,1
25,1,1
31,3,1
40,6,1
39,15,1
28,2,1
25,1,1
35,7,1
40,10,1
31,3,1
28,2,1
32,6,1
28,2,1
25,1,1
25,1,1
36,6,1
28,2,1
25,1,1
25,1,1
28,2,1
28,2,1
32,6,1
51,19,1
25,1,1
36,10,1
36,6,1
25,1,1
25,1,1
25,1,1
-298,3,0
38,8,1
35,11,1
31,3,1
-302,3,0
31,3,1
28,2,1
28,2,1
25,1,1
28,2,1
30,4,1
34,4,1
-302,7,0
35,7,1
25,1,1
33,5,1
25,1,1
24,2,1
25,1,1
30,4,1
-302,3,0
29,5,1
35,15,1
33,5,1
-300,1,0
25,1,1
44,14,1
43,11,1
-283,12,0
38,8,1
25,1,1
25,1,1
25,1,1
23,7,1
28,2,1
38,8,1
34,4,1
25,1,1
31,3,1
28,2,1
28,2,1
28,2,1
33,5,1
25,1,1
38,8,1
25,1,1
28,2,1
31,3,1
31,3,1
25,1,1
23,3,1
25,1,1
33,5,1
31,3,1
31,3,1
50,36,1
46,20,1
34,4,1
30,4,1
30,4,1
25,1,1
-297,2,0
27,7,1
25,1,1
35,7,1
26,4,1
25,1,1
41,9,1
-300,1,0
28,2,1
24,2,1
32,6,1
-304,5,0
25,1,1
26,4,1
31,3,1
-290,11,0
25,1,1
35,11,1
31,3,1
31,3,1
28,2,1
37,13,1
25,1,1
-300,1,0
27,3,1
24,2,1
34,4,1
24,2,1
25,1,1
29,5,1
25,1,1
32,10,1
28,2,1
-300,5,0
31,3,1
28,2,1
31,3,1
31,3,1
28,2,1
30,4,1
31,3,1
33,5,1
31,3,1
34,4,1
22,4,1
28,2,1
28,2,1
34,16,1
31,3,1
33,5,1
25,1,1
32,6,1
25,1,1
-301,6,0
35,7,1
35,7,1
26,4,1
27,3,1
37,5,1
25,1,1
25,1,1
34,4,1
33,9,1
36,6,1
28,2,1
30,4,1
31,3,1
25,1,1
24,2,1
35,7,1
45,13,1
25,1,1
28,2,1
34,8,1
28,2,1
28,2,1
25,1,1
34,8,1
24,2,1
28,2,1
31,3,1
28,2,1
36,6,1
36,6,1
-306,7,0
25,1,1
25,1,1
25,1,1
33,5,1
28,2,1
25,1,1
31,3,1
24,2,1
25,1,1
36,6,1
37,9,1
39,7,1
24,2,1
28,2,1
25,1,1
28,2,1
28,2,1
25,1,1
33,9,1
25,1,1
30,4,1
24,2,1
33,5,1
23,3,1
25,1,1
30,8,1
31,3,1
34,4,1
25,1,1
25,1,1
24,2,1
-300,1,0
37,5,1
35,7,1
-297,2,0
37,9,1
25,1,1
28,2,1
27,3,1
25,1,1
25,1,1
25,1,1
28,6,1
25,1,1
29,9,1
25,1,1
25,1,1
30,4,1
28,2,1
-300,1,0
28,2,1
30,4,1
-296,5,0
31,7,1
25,1,1
35,15,1
34,4,1
27,3,1
25,1,1
34,4,1
25,1,1
24,2,1
25,1,1
32,6,1
25,1,1
25,1,1
28,2,1
23,3,1
-300,1,0
30,4,1
36,6,1
-302,3,0
24,2,1
30,4,1
25,1,1
37,5,1
36,6,1
25,1,1
28,2,1
31,3,1
53,25,1
28,2,1
28,2,1
28,2,1
28,2,1
25,1,1
24,2,1
28,2,1
25,1,1
28,2,1
25,1,1
40,6,1
28,2,1
31,3,1
31,3,1
41,13,1
25,1,1
25,1,1
41,9,1
24,2,1
25,1,1
31,3,1
30,4,1
-297,2,0
39,7,1
-301,2,0
36,6,1
28,2,1
24,2,1
35,7,1
25,1,1
25,1,1
31,3,1
30,4,1
35,7,1
36,6,1
33,5,1
36,6,1
34,4,1
-297,2,0
38,8,1
25,1,1
34,12,1
34,4,1
31,3,1
25,1,1
25,1,1
25,1,1
25,1,1
-296,5,0
-300,1,0
46,28,1
34,4,1
25,1,1
25,1,1
25,1,1
-300,9,0
30,4,1
24,2,1
34,4,1
25,1,1
25,1,1
25,1,1
40,18,1
28,2,1
30,4,1
33,5,1
28,2,1
31,3,1
-294,3,0
31,3,1
44,22,1
25,5,1
30,4,1
41,9,1
29,5,1
31,7,1
28,2,1
25,1,1
34,4,1
25,1,1
-300,1,0
30,4,1
37,5,1
-295,4,0
31,3,1
33,5,1
25,1,1
46,16,1
28,2,1
-295,8,0
-304,5,0
30,4,1
25,1,1
25,1,1
25,1,1
25,1,1
25,1,1
34,4,1
28,2,1
25,1,1
25,1,1
25,1,1
27,3,1
24,2,1
25,1,1
31,3,1
25,1,1
56,22,1
25,1,1
28,2,1
37,5,1
43,19,1
32,6,1
40,10,1
28,2,1
24,2,1
24,2,1
46,12,1
25,1,1
25,1,1
28,2,1
24,2,1
40,10,1
25,1,1
25,1,1
28,2,1
28,2,1
26,4,1
28,2,1
46,16,1
28,2,1
25,1,1
25,1,1
36,6,1
24,2,1
25,1,1
37,13,1
38,8,1
-293,6,0
44,14,1
28,2,1
-301,2,0
25,1,1
32,6,1
34,4,1
31,3,1
25,1,1
28,2,1
25,1,1
25,1,1
25,1,1
30,4,1
34,4,1
31,3,1
25,1,1
25,1,1
25,1,1
34,16,1
48,34,1
39,11,1
25,1,1
37,9,1
32,6,1
-300,1,0
25,1,1
34,8,1
28,2,1
25,1,1
36,6,1
33,5,1
27,3,1
33,5,1
25,1,1
25,1,1
46,16,1
33,5,1
25,1,1
25,1,1
25,1,1
25,1,1
28,2,1
31,3,1
30,4,1
25,1,1
38,24,1
43,11,1
28,2,1
28,2,1
30,4,1
33,5,1
42,8,1
25,1,1
25,1,1
-296,5,0
43,7,1
25,1,1
37,9,1
25,1,1
25,1,1
28,2,1
25,1,1
25,1,1
44,10,1
33,5,1
-301,2,0
34,4,1
28,2,1
25,1,1
35,11,1
30,4,1
25,1,1
25,1,1
31,3,1
25,1,1
31,3,1
-300,1,0
32,6,1
34,8,1
28,10,1
25,1,1
25,1,1
37,5,1
-301,2,0
-301,2,0
-292,5,0
33,5,1
25,1,1
25,1,1
25,1,1
-296,5,0
25,1,1
28,2,1
-298,11,0
44,10,1
31,3,1
27,3,1
33,9,1
28,2,1
25,1,1
30,4,1
34,8,1
24,2,1
25,1,1
25,1,1
28,2,1
25,1,1
35,11,1
28,2,1
30,4,1
28,2,1
27,3,1
41,17,1
34,8,1
29,9,1
27,3,1
28,2,1
28,2,1
-289,6,0
-296,5,0
25,1,1
25,1,1
28,2,1
25,1,1
31,3,1
35,7,1
25,1,1
25,1,1
41,17,1
31,3,1
25,1,1
34,12,1
31,7,1
31,3,1
25,1,1
32,10,1
27,3,1
25,5,1
33,5,1
25,1,1
25,1,1
28,2,1
25,1,1
40,10,1
41,17,1
25,1,1
33,5,1
25,1,1
37,13,1
28,2,1
25,1,1
25,1,1
24,2,1
33,5,1
25,1,1
30,4,1
41,13,1
38,8,1
31,3,1
-300,1,0
31,3,1
28,2,1
33,5,1
31,3,1
28,2,1
46,20,1
26,4,1
51,23,1
31,3,1
27,3,1
33,5,1
36,14,1
38,8,1
25,1,1
25,1,1
25,1,1
25,1,1
28,2,1
25,1,1
25,1,1
34,4,1
36,6,1
28,2,1
28,2,1
36,10,1
27,3,1
25,1,1
34,8,1
25,1,1
25,1,1
25,1,1
25,1,1
25,1,1
24,6,1
25,1,1
25,1,1
31,7,1
25,1,1
42,12,1
35,7,1
25,1,1
48,14,1
30,4,1
46,24,1
28,2,1
25,1,1
31,3,1
28,6,1
25,1,1
28,2,1
27,3,1
25,1,1
25,1,1
25,1,1
28,2,1
25,1,1
25,1,1
30,4,1
25,1,1
28,2,1
33,5,1
37,9,1
49,25,1
37,9,1
35,7,1
24,2,1
43,15,1
35,15,1
25,1,1
33,5,1
25,1,1
37,5,1
33,9,1
25,5,1
28,2,1
34,4,1
-296,21,0
55,27,1
-300,1,0
24,2,1
25,1,1
32,6,1
-296,5,0
28,2,1
36,10,1
28,2,1
24,2,1
28,2,1
25,1,1
30,4,1
28,2,1
45,25,1
-298,3,0
31,3,1
25,1,1
28,2,1
33,5,1
36,6,1
27,3,1
28,2,1
33,5,1
30,4,1
31,3,1
33,5,1
25,1,1
30,4,1
37,9,1
27,3,1
28,2,1
25,1,1
37,9,1
25,1,1
33,5,1
31,3,1
25,1,1
25,1,1
39,7,1
39,15,1
41,17,1
28,2,1
31,3,1
30,4,1
25,1,1
28,2,1
31,3,1
30,4,1
34,8,1
30,4,1
-300,1,0
25,1,1
31,3,1
30,4,1
25,1,1
-286,15,0
33,5,1
24,2,1
39,11,1
24,2,1
25,1,1
27,7,1
25,1,1
25,1,1
31,3,1
29,5,1
25,1,1
31,7,1
37,9,1
28,2,1
28,2,1
43,23,1
38,12,1
25,1,1
37,13,1
36,6,1
25,1,1
25,1,1
25,1,1
25,1,1
37,9,1
25,1,1
36,6,1
25,1,1
25,1,1
31,7,1
31,3,1
34,4,1
28,2,1
33,9,1
28,2,1
28,2,1
25,1,1
27,3,1
39,7,1
39,11,1
25,1,1
24,2,1
25,1,1
34,16,1
25,1,1
25,1,1
25,1,1
28,2,1
30,4,1
25,1,1
25,1,1
28,2,1
28,2,1
31,7,1
25,1,1
30,4,1
42,8,1
27,3,1
44,10,1
25,1,1
36,6,1
25,1,1
31,3,1
28,2,1
25,1,1
28,2,1
37,5,1
35,7,1
25,1,1
28,2,1
28,2,1
-294,3,0
31,3,1
25,1,1
24,2,1
31,3,1
28,2,1
39,11,1
25,1,1
25,1,1
25,1,1
36,6,1
25,1,1
44,18,1
27,3,1
31,3,1
25,1,1
28,2,1
31,3,1
25,1,1
-300,1,0
34,4,1
-284,17,0
34,4,1
30,4,1
42,28,1
25,1,1
32,6,1
25,1,1
34,12,1
31,3,1
28,2,1
27,3,1
28,2,1
25,1,1
30,4,1
43,15,1
25,1,1
30,4,1
34,4,1
43,19,1
-294,11,0
24,2,1
31,3,1
40,10,1
25,1,1
25,1,1
38,8,1
34,8,1
36,6,1
33,5,1
-293,10,0
31,3,1
-298,3,0
30,4,1
35,7,1
28,2,1
25,1,1
-296,5,0
30,4,1
28,2,1
-300,1,0
37,13,1
25,1,1
32,6,1
31,3,1
24,2,1
-300,1,0
32,10,1
31,11,1
37,5,1
28,2,1
28,2,1
25,1,1
24,2,1
31,3,1
29,5,1
25,1,1
-304,5,0
25,1,1
30,4,1
25,1,1
28,2,1
25,1,1
24,2,1
27,3,1
25,1,1
24,2,1
31,7,1
37,5,1
33,5,1
43,11,1
31,3,1
25,1,1
36,6,1
28,2,1
25,1,1
31,3,1
53,33,1
38,8,1
31,3,1
-297,2,0
42,12,1
25,1,1
-300,1,0
31,3,1
28,2,1
25,1,1
37,9,1
28,2,1
44,22,1
25,1,1
25,1,1
28,2,1
28,2,1
22,12,1
25,1,1
27,3,1
25,1,1
31,3,1
30,4,1
28,2,1
25,1,1
30,4,1
25,1,1
31,7,1
25,1,1
38,8,1
25,1,1
25,1,1
24,2,1
25,1,1
29,5,1
39,7,1
25,1,1
25,1,1
33,5,1
30,4,1
45,17,1
25,1,1
28,2,1
25,1,1
-295,4,0
-300,9,0
27,3,1
25,1,1
34,4,1
25,1,1
31,3,1
25,1,1
31,3,1
45,9,1
25,1,1
24,2,1
31,3,1
30,4,1
25,1,1
25,1,1
39,15,1
39,7,1
25,1,1
25,1,1
28,2,1
44,18,1
25,1,1
28,2,1
36,6,1
24,2,1
24,2,1
25,1,1
25,1,1
25,1,1
28,2,1
30,4,1
28,2,1
31,3,1
33,5,1
37,13,1
37,5,1
25,1,1
34,4,1
28,2,1
-291,12,0
25,1,1
37,13,1
30,4,1
36,10,1
28,2,1
28,2,1
29,5,1
25,1,1
27,3,1
25,1,1
43,15,1
25,1,1
25,1,1
40,10,1
32,14,1
39,11,1
30,4,1
25,1,1
32,18,1
34,4,1
28,2,1
25,1,1
28,2,1
25,1,1
34,4,1
24,2,1
28,2,1
34,4,1
25,1,1
25,1,1
24,2,1
25,1,1
25,1,1
31,3,1
28,2,1
28,2,1
34,4,1
25,1,1
31,3,1
36,6,1
35,7,1
31,3,1
25,1,1
31,3,1
31,3,1
37,9,1
29,5,1
28,2,1
37,9,1
38,12,1
-301,2,0
41,25,1
25,1,1
25,1,1
31,3,1
25,1,1
33,5,1
41,17,1
25,1,1
-294,7,0
25,1,1
25,1,1
53,29,1
31,3,1
25,1,1
24,2,1
27,7,1
28,2,1
25,1,1
28,2,1
27,3,1
-295,8,0
25,1,1
25,1,1
-295,4,0
36,6,1
32,10,1
39,11,1
41,17,1
25,1,1
-299,4,0
34,8,1
25,1,1
-295,4,0
25,1,1
30,4,1
28,2,1
32,6,1
25,1,1
28,2,1
34,4,1
25,1,1
28,2,1
34,4,1
30,4,1
-300,5,0
25,1,1
28,2,1
42,12,1
25,1,1
25,1,1
33,5,1
25,1,1
51,19,1
34,4,1
25,1,1
31,11,1
37,9,1
27,3,1
25,1,1
40,10,1
33,5,1
28,2,1
28,2,1
37,5,1
25,1,1
28,2,1
25,1,1
31,3,1
30,4,1
25,1,1
25,1,1
28,2,1
30,4,1
31,3,1
25,1,1
25,1,1
34,4,1
42,12,1
25,1,1
24,2,1
31,3,1
28,2,1
32,6,1
-300,1,0
25,1,1
31,3,1
25,1,1
25,1,1
25,1,1
-299,4,0
31,3,1
33,5,1
30,4,1
25,1,1
-290,11,0
38,8,1
31,3,1
36,6,1
34,4,1
24,2,1
28,2,1
24,2,1
38,12,1
24,2,1
45,13,1
25,1,1
25,1,1
25,1,1
25,1,1
31,3,1
28,2,1
31,3,1
37,9,1
28,2,1
28,2,1
27,3,1
24,2,1
49,29,1
25,1,1
25,1,1
28,2,1
28,2,1
25,1,1
31,3,1
25,1,1
32,6,1
28,2,1
28,2,1
27,3,1
31,3,1
25,1,1
41,13,1
40,10,1
34,4,1
-300,1,0
27,3,1
34,4,1
28,2,1
24,2,1
28,2,1
28,2,1
25,1,1
28,2,1
-297,2,0
31,3,1
30,4,1
-300,1,0
28,2,1
25,1,1
34,4,1
25,1,1
25,1,1
25,1,1
25,1,1
33,5,1
25,1,1
28,2,1
30,4,1
-301,6,0
24,2,1
25,1,1
28,18,1
27,11,1
36,6,1
28,2,1
25,1,1
25,1,1
25,1,1
28,2,1
25,1,1
33,5,1
24,2,1
37,5,1
49,25,1
-303,4,0
43,11,1
28,2,1
24,2,1
31,3,1
29,5,1
-294,7,0
28,2,1
35,7,1
37,9,1
50,32,1
24,2,1
36,6,1
25,1,1
54,20,1
39,7,1
31,3,1
34,4,1
36,6,1
25,1,1
33,5,1
25,1,1
25,1,1
37,13,1
37,9,1
25,1,1
36,6,1
25,1,1
25,1,1
24,2,1
28,2,1
33,13,1
41,9,1
25,1,1
24,2,1
27,3,1
28,2,1
37,5,1
31,3,1
28,2,1
44,14,1
24,2,1
32,6,1
30,4,1
28,2,1
34,4,1
39,15,1
25,1,1
25,1,1
25,1,1
25,1,1
31,3,1
25,1,1
32,6,1
-296,9,0
25,1,1
-291,12,0
42,12,1
32,6,1
31,3,1
31,15,1
24,2,1
31,3,1
-300,1,0
-293,14,0
25,1,1
52,18,1
28,2,1
30,4,1
-294,3,0
33,5,1
25,5,1
28,2,1
28,6,1
34,4,1
24,2,1
25,1,1
28,2,1
42,16,1
35,15,1
31,3,1
31,3,1
24,2,1
31,3,1
28,2,1
31,3,1
28,2,1
25,1,1
25,1,1
28,2,1
30,4,1
25,1,1
36,10,1
32,6,1
25,1,1
-297,2,0
28,2,1
28,2,1
37,9,1
29,13,1
39,7,1
33,5,1
31,3,1
-282,15,0
30,4,1
25,1,1
28,2,1
37,5,1
23,3,1
25,1,1
30,4,1
39,15,1
-302,3,0
31,7,1
25,1,1
31,3,1
36,6,1
-298,3,0
25,1,1
25,1,1
25,1,1
25,1,1
28,2,1
25,1,1
41,13,1
25,1,1
25,1,1
28,2,1
24,2,1
24,2,1
24,2,1
34,4,1
36,6,1
31,3,1
25,1,1
30,4,1
28,2,1
25,1,1
28,2,1
25,1,1
34,4,1
34,4,1
25,1,1
56,38,1
28,2,1
24,2,1
-287,16,0
28,2,1
31,3,1
34,4,1
37,9,1
28,2,1
24,2,1
25,1,1
28,2,1
25,1,1
43,11,1
25,1,1
-297,10,0
28,2,1
-292,5,0
28,2,1
37,9,1
31,3,1
-300,1,0
-300,1,0
27,3,1
53,29,1
25,1,1
34,4,1
41,13,1
33,5,1
25,1,1
31,3,1
25,1,1
-300,1,0
28,2,1
37,13,1
25,1,1
25,1,1
28,2,1
37,5,1
31,3,1
31,3,1
25,1,1
25,1,1
29,5,1
27,3,1
31,3,1
-292,9,0
31,3,1
28,2,1
34,4,1
25,1,1
25,1,1
25,1,1
28,2,1
25,1,1
31,3,1
39,7,1
32,6,1
25,1,1
39,7,1
32,6,1
32,6,1
28,2,1
28,2,1
31,3,1
25,1,1
-300,1,0
28,2,1
31,3,1
33,5,1
25,1,1
25,1,1
-300,1,0
28,2,1
25,1,1
28,2,1
31,3,1
25,1,1
31,3,1
36,10,1
28,2,1
34,4,1
26,4,1
25,1,1
25,1,1
25,1,1
34,4,1
34,4,1
24,2,1
36,6,1
35,7,1
25,1,1
25,1,1
25,1,1
41,9,1
